"Route","Departing_Port","Arriving_Port","Airline","Month","Sectors_Scheduled","Sectors_Flown","Cancellations","Departures_On_Time","Arrivals_On_Time","Departures_Delayed","Arrivals_Delayed","Year","Month_Num"
"Adelaide-Brisbane","Adelaide","Brisbane","Jetstar","Jan-20",30,27,3,18,19,9,8,2020,1
"Adelaide-Gold Coast","Adelaide","Gold Coast","Jetstar","Jan-20",31,30,1,15,14,15,16,2020,1
"Adelaide-Melbourne","Adelaide","Melbourne","Jetstar","Jan-20",119,106,13,61,66,45,40,2020,1
"Adelaide-Perth","Adelaide","Perth","Jetstar","Jan-20",21,20,1,11,16,9,4,2020,1
"Adelaide-Sydney","Adelaide","Sydney","Jetstar","Jan-20",91,87,4,69,69,18,18,2020,1
"Ayers Rock-Sydney","Ayers Rock","Sydney","Jetstar","Jan-20",27,27,0,15,14,12,13,2020,1
"Ballina-Sydney","Ballina","Sydney","Jetstar","Jan-20",108,108,0,70,76,38,32,2020,1
"Brisbane-Adelaide","Brisbane","Adelaide","Jetstar","Jan-20",30,29,1,19,21,10,8,2020,1
"Brisbane-Cairns","Brisbane","Cairns","Jetstar","Jan-20",104,104,0,70,84,34,20,2020,1
"Brisbane-Darwin","Brisbane","Darwin","Jetstar","Jan-20",25,25,0,23,24,2,1,2020,1
"Brisbane-Hobart","Brisbane","Hobart","Jetstar","Jan-20",43,43,0,39,38,4,5,2020,1
"Brisbane-Mackay","Brisbane","Mackay","Jetstar","Jan-20",31,31,0,24,25,7,6,2020,1
"Brisbane-Melbourne","Brisbane","Melbourne","Jetstar","Jan-20",183,171,12,103,113,68,58,2020,1
"Brisbane-Newcastle","Brisbane","Newcastle","Jetstar","Jan-20",82,80,2,53,53,27,27,2020,1
"Brisbane-Proserpine","Brisbane","Proserpine","Jetstar","Jan-20",43,43,0,32,36,11,7,2020,1
"Brisbane-Sydney","Brisbane","Sydney","Jetstar","Jan-20",152,146,6,109,105,37,41,2020,1
"Brisbane-Townsville","Brisbane","Townsville","Jetstar","Jan-20",62,61,1,45,46,16,15,2020,1
"Cairns-Brisbane","Cairns","Brisbane","Jetstar","Jan-20",104,104,0,83,80,21,24,2020,1
"Cairns-Melbourne","Cairns","Melbourne","Jetstar","Jan-20",59,59,0,39,40,20,19,2020,1
"Cairns-Sydney","Cairns","Sydney","Jetstar","Jan-20",92,91,1,75,69,16,22,2020,1
"Darwin-Brisbane","Darwin","Brisbane","Jetstar","Jan-20",25,25,0,24,24,1,1,2020,1
"Darwin-Melbourne","Darwin","Melbourne","Jetstar","Jan-20",26,26,0,19,17,7,9,2020,1
"Darwin-Sydney","Darwin","Sydney","Jetstar","Jan-20",27,25,2,21,15,4,10,2020,1
"Gold Coast-Adelaide","Gold Coast","Adelaide","Jetstar","Jan-20",31,30,1,17,21,13,9,2020,1
"Gold Coast-Melbourne","Gold Coast","Melbourne","Jetstar","Jan-20",182,176,6,83,105,93,71,2020,1
"Gold Coast-Sydney","Gold Coast","Sydney","Jetstar","Jan-20",289,278,11,166,190,112,88,2020,1
"Hamilton Island-Sydney","Hamilton Island","Sydney","Jetstar","Jan-20",30,30,0,19,23,11,7,2020,1
"Hobart-Brisbane","Hobart","Brisbane","Jetstar","Jan-20",43,43,0,35,35,8,8,2020,1
"Hobart-Melbourne","Hobart","Melbourne","Jetstar","Jan-20",214,211,3,131,122,80,89,2020,1
"Hobart-Sydney","Hobart","Sydney","Jetstar","Jan-20",108,107,1,65,57,42,50,2020,1
"Launceston-Melbourne","Launceston","Melbourne","Jetstar","Jan-20",179,178,1,105,101,73,77,2020,1
"Launceston-Sydney","Launceston","Sydney","Jetstar","Jan-20",62,61,1,37,35,24,26,2020,1
"Mackay-Brisbane","Mackay","Brisbane","Jetstar","Jan-20",31,31,0,17,19,14,12,2020,1
"Melbourne-Adelaide","Melbourne","Adelaide","Jetstar","Jan-20",119,109,10,61,61,48,48,2020,1
"Melbourne-Brisbane","Melbourne","Brisbane","Jetstar","Jan-20",180,171,9,103,108,68,63,2020,1
"Melbourne-Cairns","Melbourne","Cairns","Jetstar","Jan-20",60,60,0,34,35,26,25,2020,1
"Melbourne-Darwin","Melbourne","Darwin","Jetstar","Jan-20",26,26,0,17,20,9,6,2020,1
"Melbourne-Gold Coast","Melbourne","Gold Coast","Jetstar","Jan-20",180,176,4,103,95,73,81,2020,1
"Melbourne-Hobart","Melbourne","Hobart","Jetstar","Jan-20",211,211,0,156,146,55,65,2020,1
"Melbourne-Launceston","Melbourne","Launceston","Jetstar","Jan-20",179,176,3,127,122,49,54,2020,1
"Melbourne-Newcastle","Melbourne","Newcastle","Jetstar","Jan-20",99,97,2,51,50,46,47,2020,1
"Melbourne-Perth","Melbourne","Perth","Jetstar","Jan-20",56,53,3,36,43,17,10,2020,1
"Melbourne-Sunshine Coast","Melbourne","Sunshine Coast","Jetstar","Jan-20",55,55,0,47,44,8,11,2020,1
"Melbourne-Sydney","Melbourne","Sydney","Jetstar","Jan-20",460,437,23,278,252,159,185,2020,1
"Newcastle-Brisbane","Newcastle","Brisbane","Jetstar","Jan-20",82,78,4,58,53,20,25,2020,1
"Newcastle-Melbourne","Newcastle","Melbourne","Jetstar","Jan-20",98,96,2,60,62,36,34,2020,1
"Perth-Adelaide","Perth","Adelaide","Jetstar","Jan-20",21,20,1,12,15,8,5,2020,1
"Perth-Melbourne","Perth","Melbourne","Jetstar","Jan-20",57,53,4,38,44,15,9,2020,1
"Perth-Sydney","Perth","Sydney","Jetstar","Jan-20",31,30,1,26,23,4,7,2020,1
"Proserpine-Brisbane","Proserpine","Brisbane","Jetstar","Jan-20",43,43,0,35,34,8,9,2020,1
"Proserpine-Sydney","Proserpine","Sydney","Jetstar","Jan-20",13,13,0,7,7,6,6,2020,1
"Sunshine Coast-Melbourne","Sunshine Coast","Melbourne","Jetstar","Jan-20",56,56,0,33,37,23,19,2020,1
"Sunshine Coast-Sydney","Sunshine Coast","Sydney","Jetstar","Jan-20",62,61,1,27,27,34,34,2020,1
"Sydney-Adelaide","Sydney","Adelaide","Jetstar","Jan-20",91,87,4,58,61,29,26,2020,1
"Sydney-Ayers Rock","Sydney","Ayers Rock","Jetstar","Jan-20",26,26,0,19,21,7,5,2020,1
"Sydney-Ballina","Sydney","Ballina","Jetstar","Jan-20",107,107,0,80,81,27,26,2020,1
"Sydney-Brisbane","Sydney","Brisbane","Jetstar","Jan-20",152,148,4,86,98,62,50,2020,1
"Sydney-Cairns","Sydney","Cairns","Jetstar","Jan-20",92,91,1,68,75,23,16,2020,1
"Sydney-Darwin","Sydney","Darwin","Jetstar","Jan-20",27,25,2,18,22,7,3,2020,1
"Sydney-Gold Coast","Sydney","Gold Coast","Jetstar","Jan-20",288,282,6,187,190,95,92,2020,1
"Sydney-Hamilton Island","Sydney","Hamilton Island","Jetstar","Jan-20",30,30,0,27,27,3,3,2020,1
"Sydney-Hobart","Sydney","Hobart","Jetstar","Jan-20",108,106,2,63,77,43,29,2020,1
"Sydney-Launceston","Sydney","Launceston","Jetstar","Jan-20",62,62,0,45,53,17,9,2020,1
"Sydney-Melbourne","Sydney","Melbourne","Jetstar","Jan-20",462,440,22,266,280,174,160,2020,1
"Sydney-Perth","Sydney","Perth","Jetstar","Jan-20",31,31,0,24,27,7,4,2020,1
"Sydney-Proserpine","Sydney","Proserpine","Jetstar","Jan-20",13,13,0,6,9,7,4,2020,1
"Sydney-Sunshine Coast","Sydney","Sunshine Coast","Jetstar","Jan-20",62,62,0,40,45,22,17,2020,1
"Sydney-Townsville","Sydney","Townsville","Jetstar","Jan-20",30,30,0,23,24,7,6,2020,1
"Townsville-Brisbane","Townsville","Brisbane","Jetstar","Jan-20",62,61,1,45,45,16,16,2020,1
"Townsville-Sydney","Townsville","Sydney","Jetstar","Jan-20",30,30,0,20,20,10,10,2020,1
"Adelaide-Alice Springs","Adelaide","Alice Springs","Qantas","Jan-20",31,31,0,27,28,4,3,2020,1
"Adelaide-Brisbane","Adelaide","Brisbane","Qantas","Jan-20",108,107,1,98,97,9,10,2020,1
"Adelaide-Canberra","Adelaide","Canberra","Qantas","Jan-20",31,30,1,28,29,2,1,2020,1
"Adelaide-Melbourne","Adelaide","Melbourne","Qantas","Jan-20",256,246,10,184,182,62,64,2020,1
"Adelaide-Perth","Adelaide","Perth","Qantas","Jan-20",107,107,0,89,91,18,16,2020,1
"Adelaide-Sydney","Adelaide","Sydney","Qantas","Jan-20",257,252,5,206,205,46,47,2020,1
"Alice Springs-Adelaide","Alice Springs","Adelaide","Qantas","Jan-20",32,32,0,25,27,7,5,2020,1
"Brisbane-Adelaide","Brisbane","Adelaide","Qantas","Jan-20",108,106,2,87,94,19,12,2020,1
"Brisbane-Cairns","Brisbane","Cairns","Qantas","Jan-20",21,21,0,18,18,3,3,2020,1
"Brisbane-Darwin","Brisbane","Darwin","Qantas","Jan-20",30,30,0,27,25,3,5,2020,1
"Brisbane-Melbourne","Brisbane","Melbourne","Qantas","Jan-20",391,382,9,281,270,101,112,2020,1
"Brisbane-Perth","Brisbane","Perth","Qantas","Jan-20",145,144,1,96,111,48,33,2020,1
"Brisbane-Sydney","Brisbane","Sydney","Qantas","Jan-20",503,490,13,390,367,100,123,2020,1
"Brisbane-Townsville","Brisbane","Townsville","Qantas","Jan-20",35,35,0,29,32,6,3,2020,1
"Broome-Perth","Broome","Perth","Qantas","Jan-20",2,2,0,0,0,2,2,2020,1
"Cairns-Brisbane","Cairns","Brisbane","Qantas","Jan-20",21,21,0,18,18,3,3,2020,1
"Cairns-Melbourne","Cairns","Melbourne","Qantas","Jan-20",36,36,0,20,22,16,14,2020,1
"Cairns-Sydney","Cairns","Sydney","Qantas","Jan-20",70,70,0,49,48,21,22,2020,1
"Canberra-Adelaide","Canberra","Adelaide","Qantas","Jan-20",31,29,2,27,27,2,2,2020,1
"Canberra-Melbourne","Canberra","Melbourne","Qantas","Jan-20",172,159,13,127,123,32,36,2020,1
"Darwin-Brisbane","Darwin","Brisbane","Qantas","Jan-20",31,31,0,23,20,8,11,2020,1
"Darwin-Melbourne","Darwin","Melbourne","Qantas","Jan-20",26,26,0,21,17,5,9,2020,1
"Darwin-Perth","Darwin","Perth","Qantas","Jan-20",31,31,0,30,30,1,1,2020,1
"Darwin-Sydney","Darwin","Sydney","Qantas","Jan-20",31,31,0,26,25,5,6,2020,1
"Gold Coast-Melbourne","Gold Coast","Melbourne","Qantas","Jan-20",42,42,0,14,18,28,24,2020,1
"Gold Coast-Sydney","Gold Coast","Sydney","Qantas","Jan-20",158,157,1,91,107,66,50,2020,1
"Hamilton Island-Sydney","Hamilton Island","Sydney","Qantas","Jan-20",12,12,0,10,10,2,2,2020,1
"Hobart-Melbourne","Hobart","Melbourne","Qantas","Jan-20",120,120,0,82,75,38,45,2020,1
"Kalgoorlie-Perth","Kalgoorlie","Perth","Qantas","Jan-20",12,12,0,11,11,1,1,2020,1
"Karratha-Perth","Karratha","Perth","Qantas","Jan-20",62,60,2,55,56,5,4,2020,1
"Melbourne-Adelaide","Melbourne","Adelaide","Qantas","Jan-20",255,245,10,193,176,52,69,2020,1
"Melbourne-Brisbane","Melbourne","Brisbane","Qantas","Jan-20",394,380,14,290,260,90,120,2020,1
"Melbourne-Cairns","Melbourne","Cairns","Qantas","Jan-20",37,37,0,28,27,9,10,2020,1
"Melbourne-Canberra","Melbourne","Canberra","Qantas","Jan-20",172,159,13,123,113,36,46,2020,1
"Melbourne-Darwin","Melbourne","Darwin","Qantas","Jan-20",26,26,0,24,25,2,1,2020,1
"Melbourne-Gold Coast","Melbourne","Gold Coast","Qantas","Jan-20",43,43,0,36,30,7,13,2020,1
"Melbourne-Hobart","Melbourne","Hobart","Qantas","Jan-20",120,120,0,87,89,33,31,2020,1
"Melbourne-Perth","Melbourne","Perth","Qantas","Jan-20",211,206,5,135,136,71,70,2020,1
"Melbourne-Sydney","Melbourne","Sydney","Qantas","Jan-20",916,847,69,676,565,171,282,2020,1
"Newman-Perth","Newman","Perth","Qantas","Jan-20",44,40,4,36,36,4,4,2020,1
"Perth-Adelaide","Perth","Adelaide","Qantas","Jan-20",108,108,0,84,88,24,20,2020,1
"Perth-Brisbane","Perth","Brisbane","Qantas","Jan-20",146,145,1,121,119,24,26,2020,1
"Perth-Broome","Perth","Broome","Qantas","Jan-20",2,2,0,0,0,2,2,2020,1
"Perth-Darwin","Perth","Darwin","Qantas","Jan-20",31,31,0,31,31,0,0,2020,1
"Perth-Kalgoorlie","Perth","Kalgoorlie","Qantas","Jan-20",12,12,0,10,10,2,2,2020,1
"Perth-Karratha","Perth","Karratha","Qantas","Jan-20",63,60,3,57,57,3,3,2020,1
"Perth-Melbourne","Perth","Melbourne","Qantas","Jan-20",211,207,4,141,158,66,49,2020,1
"Perth-Newman","Perth","Newman","Qantas","Jan-20",43,40,3,40,39,0,1,2020,1
"Perth-Port Hedland","Perth","Port Hedland","Qantas","Jan-20",27,26,1,25,24,1,2,2020,1
"Perth-Sydney","Perth","Sydney","Qantas","Jan-20",196,194,2,137,142,57,52,2020,1
"Port Hedland-Perth","Port Hedland","Perth","Qantas","Jan-20",26,25,1,22,24,3,1,2020,1
"Sydney-Adelaide","Sydney","Adelaide","Qantas","Jan-20",258,254,4,197,208,57,46,2020,1
"Sydney-Brisbane","Sydney","Brisbane","Qantas","Jan-20",500,494,6,378,379,116,115,2020,1
"Sydney-Cairns","Sydney","Cairns","Qantas","Jan-20",70,70,0,54,57,16,13,2020,1
"Sydney-Darwin","Sydney","Darwin","Qantas","Jan-20",31,31,0,18,26,13,5,2020,1
"Sydney-Gold Coast","Sydney","Gold Coast","Qantas","Jan-20",155,154,1,120,123,34,31,2020,1
"Sydney-Hamilton Island","Sydney","Hamilton Island","Qantas","Jan-20",11,11,0,9,9,2,2,2020,1
"Sydney-Melbourne","Sydney","Melbourne","Qantas","Jan-20",914,847,67,628,576,219,271,2020,1
"Sydney-Perth","Sydney","Perth","Qantas","Jan-20",194,193,1,106,135,87,58,2020,1
"Townsville-Brisbane","Townsville","Brisbane","Qantas","Jan-20",35,35,0,29,30,6,5,2020,1
"Adelaide-Canberra","Adelaide","Canberra","QantasLink","Jan-20",4,4,0,4,4,0,0,2020,1
"Adelaide-Port Lincoln","Adelaide","Port Lincoln","QantasLink","Jan-20",103,103,0,90,90,13,13,2020,1
"Albury-Sydney","Albury","Sydney","QantasLink","Jan-20",86,72,14,50,47,22,25,2020,1
"Alice Springs-Darwin","Alice Springs","Darwin","QantasLink","Jan-20",35,34,1,34,34,0,0,2020,1
"Armidale-Sydney","Armidale","Sydney","QantasLink","Jan-20",103,101,2,62,62,39,39,2020,1
"Brisbane-Bundaberg","Brisbane","Bundaberg","QantasLink","Jan-20",105,105,0,96,99,9,6,2020,1
"Brisbane-Cairns","Brisbane","Cairns","QantasLink","Jan-20",134,133,1,117,120,16,13,2020,1
"Brisbane-Canberra","Brisbane","Canberra","QantasLink","Jan-20",153,145,8,114,116,31,29,2020,1
"Brisbane-Emerald","Brisbane","Emerald","QantasLink","Jan-20",118,117,1,105,105,12,12,2020,1
"Brisbane-Gladstone","Brisbane","Gladstone","QantasLink","Jan-20",130,130,0,110,109,20,21,2020,1
"Brisbane-Hamilton Island","Brisbane","Hamilton Island","QantasLink","Jan-20",32,31,1,26,27,5,4,2020,1
"Brisbane-Mackay","Brisbane","Mackay","QantasLink","Jan-20",130,125,5,104,102,21,23,2020,1
"Brisbane-Mount Isa","Brisbane","Mount Isa","QantasLink","Jan-20",51,51,0,38,43,13,8,2020,1
"Brisbane-Newcastle","Brisbane","Newcastle","QantasLink","Jan-20",78,75,3,70,67,5,8,2020,1
"Brisbane-Rockhampton","Brisbane","Rockhampton","QantasLink","Jan-20",168,168,0,141,142,27,26,2020,1
"Brisbane-Sydney","Brisbane","Sydney","QantasLink","Jan-20",5,5,0,3,2,2,3,2020,1
"Brisbane-Townsville","Brisbane","Townsville","QantasLink","Jan-20",108,107,1,91,92,16,15,2020,1
"Broome-Perth","Broome","Perth","QantasLink","Jan-20",85,81,4,66,70,15,11,2020,1
"Bundaberg-Brisbane","Bundaberg","Brisbane","QantasLink","Jan-20",104,104,0,95,99,9,5,2020,1
"Cairns-Brisbane","Cairns","Brisbane","QantasLink","Jan-20",134,132,2,112,109,20,23,2020,1
"Cairns-Townsville","Cairns","Townsville","QantasLink","Jan-20",137,137,0,126,126,11,11,2020,1
"Canberra-Adelaide","Canberra","Adelaide","QantasLink","Jan-20",4,4,0,2,3,2,1,2020,1
"Canberra-Brisbane","Canberra","Brisbane","QantasLink","Jan-20",154,144,10,117,117,27,27,2020,1
"Canberra-Melbourne","Canberra","Melbourne","QantasLink","Jan-20",34,32,2,19,18,13,14,2020,1
"Canberra-Sydney","Canberra","Sydney","QantasLink","Jan-20",321,292,29,208,197,84,95,2020,1
"Coffs Harbour-Sydney","Coffs Harbour","Sydney","QantasLink","Jan-20",129,129,0,91,88,38,41,2020,1
"Darwin-Alice Springs","Darwin","Alice Springs","QantasLink","Jan-20",35,34,1,31,27,3,7,2020,1
"Dubbo-Sydney","Dubbo","Sydney","QantasLink","Jan-20",100,97,3,62,63,35,34,2020,1
"Emerald-Brisbane","Emerald","Brisbane","QantasLink","Jan-20",119,118,1,104,102,14,16,2020,1
"Gladstone-Brisbane","Gladstone","Brisbane","QantasLink","Jan-20",129,129,0,105,106,24,23,2020,1
"Gold Coast-Sydney","Gold Coast","Sydney","QantasLink","Jan-20",39,39,0,26,26,13,13,2020,1
"Hamilton Island-Brisbane","Hamilton Island","Brisbane","QantasLink","Jan-20",31,30,1,22,22,8,8,2020,1
"Hamilton Island-Sydney","Hamilton Island","Sydney","QantasLink","Jan-20",20,19,1,15,15,4,4,2020,1
"Hobart-Sydney","Hobart","Sydney","QantasLink","Jan-20",87,86,1,64,63,22,23,2020,1
"Kalgoorlie-Perth","Kalgoorlie","Perth","QantasLink","Jan-20",61,61,0,55,55,6,6,2020,1
"Karratha-Perth","Karratha","Perth","QantasLink","Jan-20",126,124,2,116,118,8,6,2020,1
"Launceston-Melbourne","Launceston","Melbourne","QantasLink","Jan-20",120,113,7,75,75,38,38,2020,1
"Mackay-Brisbane","Mackay","Brisbane","QantasLink","Jan-20",125,119,6,103,96,16,23,2020,1
"Melbourne-Canberra","Melbourne","Canberra","QantasLink","Jan-20",33,29,4,21,21,8,8,2020,1
"Melbourne-Launceston","Melbourne","Launceston","QantasLink","Jan-20",120,112,8,79,80,33,32,2020,1
"Melbourne-Mildura","Melbourne","Mildura","QantasLink","Jan-20",87,78,9,46,42,32,36,2020,1
"Mildura-Melbourne","Mildura","Melbourne","QantasLink","Jan-20",87,78,9,44,44,34,34,2020,1
"Mount Isa-Brisbane","Mount Isa","Brisbane","QantasLink","Jan-20",52,52,0,41,42,11,10,2020,1
"Newcastle-Brisbane","Newcastle","Brisbane","QantasLink","Jan-20",78,75,3,68,70,7,5,2020,1
"Newman-Perth","Newman","Perth","QantasLink","Jan-20",101,91,10,72,78,19,13,2020,1
"Perth-Broome","Perth","Broome","QantasLink","Jan-20",85,81,4,67,67,14,14,2020,1
"Perth-Kalgoorlie","Perth","Kalgoorlie","QantasLink","Jan-20",61,61,0,56,56,5,5,2020,1
"Perth-Karratha","Perth","Karratha","QantasLink","Jan-20",127,126,1,112,113,14,13,2020,1
"Perth-Newman","Perth","Newman","QantasLink","Jan-20",98,91,7,76,75,15,16,2020,1
"Perth-Port Hedland","Perth","Port Hedland","QantasLink","Jan-20",113,110,3,100,97,10,13,2020,1
"Port Hedland-Perth","Port Hedland","Perth","QantasLink","Jan-20",110,106,4,93,93,13,13,2020,1
"Port Lincoln-Adelaide","Port Lincoln","Adelaide","QantasLink","Jan-20",103,103,0,88,90,15,13,2020,1
"Port Macquarie-Sydney","Port Macquarie","Sydney","QantasLink","Jan-20",100,99,1,73,72,26,27,2020,1
"Rockhampton-Brisbane","Rockhampton","Brisbane","QantasLink","Jan-20",171,169,2,143,139,26,30,2020,1
"Sunshine Coast-Sydney","Sunshine Coast","Sydney","QantasLink","Jan-20",60,60,0,45,45,15,15,2020,1
"Sydney-Albury","Sydney","Albury","QantasLink","Jan-20",85,73,12,45,46,28,27,2020,1
"Sydney-Armidale","Sydney","Armidale","QantasLink","Jan-20",104,103,1,73,71,30,32,2020,1
"Sydney-Brisbane","Sydney","Brisbane","QantasLink","Jan-20",4,4,0,3,3,1,1,2020,1
"Sydney-Canberra","Sydney","Canberra","QantasLink","Jan-20",323,295,28,204,199,91,96,2020,1
"Sydney-Coffs Harbour","Sydney","Coffs Harbour","QantasLink","Jan-20",130,130,0,91,96,39,34,2020,1
"Sydney-Dubbo","Sydney","Dubbo","QantasLink","Jan-20",101,99,2,62,61,37,38,2020,1
"Sydney-Gold Coast","Sydney","Gold Coast","QantasLink","Jan-20",40,40,0,32,31,8,9,2020,1
"Sydney-Hamilton Island","Sydney","Hamilton Island","QantasLink","Jan-20",20,20,0,17,16,3,4,2020,1
"Sydney-Hobart","Sydney","Hobart","QantasLink","Jan-20",87,87,0,60,62,27,25,2020,1
"Sydney-Port Macquarie","Sydney","Port Macquarie","QantasLink","Jan-20",101,101,0,63,64,38,37,2020,1
"Sydney-Sunshine Coast","Sydney","Sunshine Coast","QantasLink","Jan-20",61,60,1,47,47,13,13,2020,1
"Sydney-Tamworth","Sydney","Tamworth","QantasLink","Jan-20",125,125,0,79,71,46,54,2020,1
"Sydney-Wagga Wagga","Sydney","Wagga Wagga","QantasLink","Jan-20",86,84,2,52,50,32,34,2020,1
"Tamworth-Sydney","Tamworth","Sydney","QantasLink","Jan-20",123,123,0,75,73,48,50,2020,1
"Townsville-Brisbane","Townsville","Brisbane","QantasLink","Jan-20",108,106,2,93,93,13,13,2020,1
"Townsville-Cairns","Townsville","Cairns","QantasLink","Jan-20",139,137,2,122,123,15,14,2020,1
"Wagga Wagga-Sydney","Wagga Wagga","Sydney","QantasLink","Jan-20",84,81,3,52,46,29,35,2020,1
"Adelaide-Port Lincoln","Adelaide","Port Lincoln","Regional Express","Jan-20",176,176,0,171,170,5,6,2020,1
"Albury-Sydney","Albury","Sydney","Regional Express","Jan-20",41,38,3,34,31,4,7,2020,1
"Armidale-Sydney","Armidale","Sydney","Regional Express","Jan-20",40,40,0,34,32,6,8,2020,1
"Ballina-Sydney","Ballina","Sydney","Regional Express","Jan-20",3,3,0,1,1,2,2,2020,1
"Cairns-Townsville","Cairns","Townsville","Regional Express","Jan-20",12,11,1,7,7,4,4,2020,1
"Dubbo-Sydney","Dubbo","Sydney","Regional Express","Jan-20",81,81,0,68,64,13,17,2020,1
"Melbourne-Mildura","Melbourne","Mildura","Regional Express","Jan-20",40,40,0,23,22,17,18,2020,1
"Mildura-Melbourne","Mildura","Melbourne","Regional Express","Jan-20",40,40,0,20,17,20,23,2020,1
"Port Lincoln-Adelaide","Port Lincoln","Adelaide","Regional Express","Jan-20",176,176,0,163,157,13,19,2020,1
"Sydney-Albury","Sydney","Albury","Regional Express","Jan-20",43,39,4,32,34,7,5,2020,1
"Sydney-Armidale","Sydney","Armidale","Regional Express","Jan-20",41,41,0,38,40,3,1,2020,1
"Sydney-Ballina","Sydney","Ballina","Regional Express","Jan-20",4,4,0,3,3,1,1,2020,1
"Sydney-Dubbo","Sydney","Dubbo","Regional Express","Jan-20",77,77,0,67,68,10,9,2020,1
"Sydney-Wagga Wagga","Sydney","Wagga Wagga","Regional Express","Jan-20",62,59,3,49,47,10,12,2020,1
"Townsville-Cairns","Townsville","Cairns","Regional Express","Jan-20",12,11,1,9,9,2,2,2020,1
"Wagga Wagga-Sydney","Wagga Wagga","Sydney","Regional Express","Jan-20",66,62,4,51,46,11,16,2020,1
"Adelaide-Brisbane","Adelaide","Brisbane","Tigerair Australia","Jan-20",29,27,2,22,21,5,6,2020,1
"Adelaide-Melbourne","Adelaide","Melbourne","Tigerair Australia","Jan-20",73,69,4,49,46,20,23,2020,1
"Adelaide-Sydney","Adelaide","Sydney","Tigerair Australia","Jan-20",30,29,1,17,12,12,17,2020,1
"Brisbane-Adelaide","Brisbane","Adelaide","Tigerair Australia","Jan-20",29,27,2,22,24,5,3,2020,1
"Brisbane-Cairns","Brisbane","Cairns","Tigerair Australia","Jan-20",31,30,1,23,23,7,7,2020,1
"Brisbane-Canberra","Brisbane","Canberra","Tigerair Australia","Jan-20",31,30,1,25,25,5,5,2020,1
"Brisbane-Darwin","Brisbane","Darwin","Tigerair Australia","Jan-20",19,19,0,14,16,5,3,2020,1
"Brisbane-Melbourne","Brisbane","Melbourne","Tigerair Australia","Jan-20",121,118,3,81,80,37,38,2020,1
"Brisbane-Sydney","Brisbane","Sydney","Tigerair Australia","Jan-20",139,134,5,93,91,41,43,2020,1
"Cairns-Brisbane","Cairns","Brisbane","Tigerair Australia","Jan-20",31,30,1,23,25,7,5,2020,1
"Cairns-Melbourne","Cairns","Melbourne","Tigerair Australia","Jan-20",43,43,0,31,31,12,12,2020,1
"Cairns-Sydney","Cairns","Sydney","Tigerair Australia","Jan-20",31,31,0,25,27,6,4,2020,1
"Canberra-Brisbane","Canberra","Brisbane","Tigerair Australia","Jan-20",31,30,1,24,22,6,8,2020,1
"Canberra-Melbourne","Canberra","Melbourne","Tigerair Australia","Jan-20",34,32,2,20,21,12,11,2020,1
"Coffs Harbour-Sydney","Coffs Harbour","Sydney","Tigerair Australia","Jan-20",27,26,1,22,21,4,5,2020,1
"Darwin-Brisbane","Darwin","Brisbane","Tigerair Australia","Jan-20",18,18,0,15,15,3,3,2020,1
"Gold Coast-Melbourne","Gold Coast","Melbourne","Tigerair Australia","Jan-20",87,86,1,50,51,36,35,2020,1
"Gold Coast-Sydney","Gold Coast","Sydney","Tigerair Australia","Jan-20",97,96,1,46,49,50,47,2020,1
"Hobart-Melbourne","Hobart","Melbourne","Tigerair Australia","Jan-20",52,52,0,31,24,21,28,2020,1
"Melbourne-Adelaide","Melbourne","Adelaide","Tigerair Australia","Jan-20",73,69,4,56,53,13,16,2020,1
"Melbourne-Brisbane","Melbourne","Brisbane","Tigerair Australia","Jan-20",121,118,3,91,81,27,37,2020,1
"Melbourne-Cairns","Melbourne","Cairns","Tigerair Australia","Jan-20",43,43,0,34,34,9,9,2020,1
"Melbourne-Canberra","Melbourne","Canberra","Tigerair Australia","Jan-20",34,32,2,23,23,9,9,2020,1
"Melbourne-Gold Coast","Melbourne","Gold Coast","Tigerair Australia","Jan-20",87,87,0,66,60,21,27,2020,1
"Melbourne-Hobart","Melbourne","Hobart","Tigerair Australia","Jan-20",52,52,0,43,40,9,12,2020,1
"Melbourne-Perth","Melbourne","Perth","Tigerair Australia","Jan-20",59,57,2,42,42,15,15,2020,1
"Melbourne-Sydney","Melbourne","Sydney","Tigerair Australia","Jan-20",267,242,25,165,142,77,100,2020,1
"Perth-Melbourne","Perth","Melbourne","Tigerair Australia","Jan-20",58,56,2,37,44,19,12,2020,1
"Perth-Sydney","Perth","Sydney","Tigerair Australia","Jan-20",27,27,0,16,19,11,8,2020,1
"Proserpine-Sydney","Proserpine","Sydney","Tigerair Australia","Jan-20",19,19,0,11,10,8,9,2020,1
"Sydney-Adelaide","Sydney","Adelaide","Tigerair Australia","Jan-20",30,29,1,17,18,12,11,2020,1
"Sydney-Brisbane","Sydney","Brisbane","Tigerair Australia","Jan-20",139,134,5,94,92,40,42,2020,1
"Sydney-Cairns","Sydney","Cairns","Tigerair Australia","Jan-20",31,31,0,28,26,3,5,2020,1
"Sydney-Coffs Harbour","Sydney","Coffs Harbour","Tigerair Australia","Jan-20",27,26,1,22,22,4,4,2020,1
"Sydney-Gold Coast","Sydney","Gold Coast","Tigerair Australia","Jan-20",97,96,1,63,58,33,38,2020,1
"Sydney-Melbourne","Sydney","Melbourne","Tigerair Australia","Jan-20",268,243,25,142,143,101,100,2020,1
"Sydney-Perth","Sydney","Perth","Tigerair Australia","Jan-20",28,28,0,19,20,9,8,2020,1
"Sydney-Proserpine","Sydney","Proserpine","Tigerair Australia","Jan-20",19,19,0,10,12,9,7,2020,1
"Adelaide-Brisbane","Adelaide","Brisbane","Virgin Australia","Jan-20",111,111,0,93,98,18,13,2020,1
"Adelaide-Canberra","Adelaide","Canberra","Virgin Australia","Jan-20",27,26,1,21,21,5,5,2020,1
"Adelaide-Gold Coast","Adelaide","Gold Coast","Virgin Australia","Jan-20",34,34,0,33,31,1,3,2020,1
"Adelaide-Melbourne","Adelaide","Melbourne","Virgin Australia","Jan-20",257,247,10,174,168,73,79,2020,1
"Adelaide-Perth","Adelaide","Perth","Virgin Australia","Jan-20",42,42,0,34,32,8,10,2020,1
"Adelaide-Sydney","Adelaide","Sydney","Virgin Australia","Jan-20",162,161,1,130,128,31,33,2020,1
"Albury-Sydney","Albury","Sydney","Virgin Australia","Jan-20",51,41,10,24,22,17,19,2020,1
"Ayers Rock-Sydney","Ayers Rock","Sydney","Virgin Australia","Jan-20",31,30,1,26,26,4,4,2020,1
"Ballina-Sydney","Ballina","Sydney","Virgin Australia","Jan-20",44,44,0,23,28,21,16,2020,1
"Brisbane-Adelaide","Brisbane","Adelaide","Virgin Australia","Jan-20",111,110,1,77,95,33,15,2020,1
"Brisbane-Bundaberg","Brisbane","Bundaberg","Virgin Australia","Jan-20",31,31,0,30,30,1,1,2020,1
"Brisbane-Cairns","Brisbane","Cairns","Virgin Australia","Jan-20",143,143,0,112,124,31,19,2020,1
"Brisbane-Canberra","Brisbane","Canberra","Virgin Australia","Jan-20",91,88,3,69,72,19,16,2020,1
"Brisbane-Darwin","Brisbane","Darwin","Virgin Australia","Jan-20",32,32,0,17,18,15,14,2020,1
"Brisbane-Emerald","Brisbane","Emerald","Virgin Australia","Jan-20",44,44,0,42,42,2,2,2020,1
"Brisbane-Gladstone","Brisbane","Gladstone","Virgin Australia","Jan-20",71,71,0,68,68,3,3,2020,1
"Brisbane-Hamilton Island","Brisbane","Hamilton Island","Virgin Australia","Jan-20",31,31,0,23,25,8,6,2020,1
"Brisbane-Hobart","Brisbane","Hobart","Virgin Australia","Jan-20",42,42,0,36,40,6,2,2020,1
"Brisbane-Mackay","Brisbane","Mackay","Virgin Australia","Jan-20",141,141,0,110,110,31,31,2020,1
"Brisbane-Melbourne","Brisbane","Melbourne","Virgin Australia","Jan-20",365,347,18,242,221,105,126,2020,1
"Brisbane-Mount Isa","Brisbane","Mount Isa","Virgin Australia","Jan-20",18,18,0,18,18,0,0,2020,1
"Brisbane-Newcastle","Brisbane","Newcastle","Virgin Australia","Jan-20",85,84,1,66,66,18,18,2020,1
"Brisbane-Perth","Brisbane","Perth","Virgin Australia","Jan-20",112,112,0,64,78,48,34,2020,1
"Brisbane-Proserpine","Brisbane","Proserpine","Virgin Australia","Jan-20",45,44,1,37,38,7,6,2020,1
"Brisbane-Rockhampton","Brisbane","Rockhampton","Virgin Australia","Jan-20",139,139,0,106,108,33,31,2020,1
"Brisbane-Sydney","Brisbane","Sydney","Virgin Australia","Jan-20",491,485,6,357,343,128,142,2020,1
"Brisbane-Townsville","Brisbane","Townsville","Virgin Australia","Jan-20",134,132,2,93,100,39,32,2020,1
"Broome-Perth","Broome","Perth","Virgin Australia","Jan-20",10,9,1,6,6,3,3,2020,1
"Bundaberg-Brisbane","Bundaberg","Brisbane","Virgin Australia","Jan-20",31,31,0,30,30,1,1,2020,1
"Cairns-Brisbane","Cairns","Brisbane","Virgin Australia","Jan-20",143,143,0,122,124,21,19,2020,1
"Cairns-Melbourne","Cairns","Melbourne","Virgin Australia","Jan-20",44,44,0,34,28,10,16,2020,1
"Cairns-Sydney","Cairns","Sydney","Virgin Australia","Jan-20",100,100,0,81,79,19,21,2020,1
"Canberra-Adelaide","Canberra","Adelaide","Virgin Australia","Jan-20",27,26,1,20,19,6,7,2020,1
"Canberra-Brisbane","Canberra","Brisbane","Virgin Australia","Jan-20",91,88,3,74,74,14,14,2020,1
"Canberra-Melbourne","Canberra","Melbourne","Virgin Australia","Jan-20",132,125,7,83,75,42,50,2020,1
"Canberra-Sydney","Canberra","Sydney","Virgin Australia","Jan-20",157,154,3,122,117,32,37,2020,1
"Coffs Harbour-Sydney","Coffs Harbour","Sydney","Virgin Australia","Jan-20",31,31,0,22,23,9,8,2020,1
"Darwin-Brisbane","Darwin","Brisbane","Virgin Australia","Jan-20",32,32,0,27,23,5,9,2020,1
"Darwin-Melbourne","Darwin","Melbourne","Virgin Australia","Jan-20",31,31,0,28,27,3,4,2020,1
"Darwin-Perth","Darwin","Perth","Virgin Australia","Jan-20",20,20,0,17,17,3,3,2020,1
"Darwin-Sydney","Darwin","Sydney","Virgin Australia","Jan-20",25,25,0,21,18,4,7,2020,1
"Emerald-Brisbane","Emerald","Brisbane","Virgin Australia","Jan-20",44,44,0,43,44,1,0,2020,1
"Gladstone-Brisbane","Gladstone","Brisbane","Virgin Australia","Jan-20",71,71,0,68,64,3,7,2020,1
"Gold Coast-Adelaide","Gold Coast","Adelaide","Virgin Australia","Jan-20",34,34,0,17,26,17,8,2020,1
"Gold Coast-Melbourne","Gold Coast","Melbourne","Virgin Australia","Jan-20",224,222,2,98,124,124,98,2020,1
"Gold Coast-Sydney","Gold Coast","Sydney","Virgin Australia","Jan-20",272,269,3,154,172,115,97,2020,1
"Hamilton Island-Brisbane","Hamilton Island","Brisbane","Virgin Australia","Jan-20",31,31,0,23,23,8,8,2020,1
"Hamilton Island-Sydney","Hamilton Island","Sydney","Virgin Australia","Jan-20",31,31,0,21,21,10,10,2020,1
"Hobart-Brisbane","Hobart","Brisbane","Virgin Australia","Jan-20",41,41,0,32,30,9,11,2020,1
"Hobart-Melbourne","Hobart","Melbourne","Virgin Australia","Jan-20",155,154,1,106,80,48,74,2020,1
"Hobart-Sydney","Hobart","Sydney","Virgin Australia","Jan-20",76,75,1,62,55,13,20,2020,1
"Kalgoorlie-Perth","Kalgoorlie","Perth","Virgin Australia","Jan-20",18,18,0,16,16,2,2,2020,1
"Karratha-Perth","Karratha","Perth","Virgin Australia","Jan-20",2,2,0,1,1,1,1,2020,1
"Launceston-Melbourne","Launceston","Melbourne","Virgin Australia","Jan-20",105,105,0,80,74,25,31,2020,1
"Launceston-Sydney","Launceston","Sydney","Virgin Australia","Jan-20",32,32,0,30,27,2,5,2020,1
"Mackay-Brisbane","Mackay","Brisbane","Virgin Australia","Jan-20",141,141,0,121,119,20,22,2020,1
"Melbourne-Adelaide","Melbourne","Adelaide","Virgin Australia","Jan-20",257,248,9,188,165,60,83,2020,1
"Melbourne-Brisbane","Melbourne","Brisbane","Virgin Australia","Jan-20",363,344,19,263,230,81,114,2020,1
"Melbourne-Cairns","Melbourne","Cairns","Virgin Australia","Jan-20",44,44,0,40,38,4,6,2020,1
"Melbourne-Canberra","Melbourne","Canberra","Virgin Australia","Jan-20",132,126,6,74,73,52,53,2020,1
"Melbourne-Darwin","Melbourne","Darwin","Virgin Australia","Jan-20",31,31,0,16,18,15,13,2020,1
"Melbourne-Gold Coast","Melbourne","Gold Coast","Virgin Australia","Jan-20",223,221,2,169,138,52,83,2020,1
"Melbourne-Hobart","Melbourne","Hobart","Virgin Australia","Jan-20",155,154,1,117,112,37,42,2020,1
"Melbourne-Launceston","Melbourne","Launceston","Virgin Australia","Jan-20",106,106,0,73,73,33,33,2020,1
"Melbourne-Mildura","Melbourne","Mildura","Virgin Australia","Jan-20",31,31,0,29,22,2,9,2020,1
"Melbourne-Newcastle","Melbourne","Newcastle","Virgin Australia","Jan-20",31,31,0,25,18,6,13,2020,1
"Melbourne-Perth","Melbourne","Perth","Virgin Australia","Jan-20",155,155,0,112,106,43,49,2020,1
"Melbourne-Sunshine Coast","Melbourne","Sunshine Coast","Virgin Australia","Jan-20",85,85,0,69,59,16,26,2020,1
"Melbourne-Sydney","Melbourne","Sydney","Virgin Australia","Jan-20",694,659,35,519,443,140,216,2020,1
"Mildura-Melbourne","Mildura","Melbourne","Virgin Australia","Jan-20",31,31,0,22,20,9,11,2020,1
"Mount Isa-Brisbane","Mount Isa","Brisbane","Virgin Australia","Jan-20",15,15,0,13,10,2,5,2020,1
"Newcastle-Brisbane","Newcastle","Brisbane","Virgin Australia","Jan-20",84,83,1,66,64,17,19,2020,1
"Newcastle-Melbourne","Newcastle","Melbourne","Virgin Australia","Jan-20",31,31,0,17,16,14,15,2020,1
"Newman-Perth","Newman","Perth","Virgin Australia","Jan-20",11,11,0,11,11,0,0,2020,1
"Perth-Adelaide","Perth","Adelaide","Virgin Australia","Jan-20",43,43,0,40,40,3,3,2020,1
"Perth-Brisbane","Perth","Brisbane","Virgin Australia","Jan-20",112,112,0,91,91,21,21,2020,1
"Perth-Broome","Perth","Broome","Virgin Australia","Jan-20",10,9,1,7,7,2,2,2020,1
"Perth-Darwin","Perth","Darwin","Virgin Australia","Jan-20",20,20,0,17,17,3,3,2020,1
"Perth-Kalgoorlie","Perth","Kalgoorlie","Virgin Australia","Jan-20",18,18,0,18,18,0,0,2020,1
"Perth-Karratha","Perth","Karratha","Virgin Australia","Jan-20",2,2,0,2,2,0,0,2020,1
"Perth-Melbourne","Perth","Melbourne","Virgin Australia","Jan-20",157,157,0,132,129,25,28,2020,1
"Perth-Newman","Perth","Newman","Virgin Australia","Jan-20",11,11,0,10,11,1,0,2020,1
"Perth-Port Hedland","Perth","Port Hedland","Virgin Australia","Jan-20",7,7,0,7,7,0,0,2020,1
"Perth-Sydney","Perth","Sydney","Virgin Australia","Jan-20",126,126,0,110,111,16,15,2020,1
"Port Hedland-Perth","Port Hedland","Perth","Virgin Australia","Jan-20",7,7,0,7,7,0,0,2020,1
"Port Macquarie-Sydney","Port Macquarie","Sydney","Virgin Australia","Jan-20",49,49,0,21,24,28,25,2020,1
"Proserpine-Brisbane","Proserpine","Brisbane","Virgin Australia","Jan-20",45,44,1,37,39,7,5,2020,1
"Rockhampton-Brisbane","Rockhampton","Brisbane","Virgin Australia","Jan-20",139,139,0,113,114,26,25,2020,1
"Sunshine Coast-Melbourne","Sunshine Coast","Melbourne","Virgin Australia","Jan-20",85,85,0,44,48,41,37,2020,1
"Sunshine Coast-Sydney","Sunshine Coast","Sydney","Virgin Australia","Jan-20",63,63,0,41,38,22,25,2020,1
"Sydney-Adelaide","Sydney","Adelaide","Virgin Australia","Jan-20",162,161,1,123,127,38,34,2020,1
"Sydney-Albury","Sydney","Albury","Virgin Australia","Jan-20",51,41,10,25,23,16,18,2020,1
"Sydney-Ayers Rock","Sydney","Ayers Rock","Virgin Australia","Jan-20",31,30,1,27,26,3,4,2020,1
"Sydney-Ballina","Sydney","Ballina","Virgin Australia","Jan-20",44,44,0,34,33,10,11,2020,1
"Sydney-Brisbane","Sydney","Brisbane","Virgin Australia","Jan-20",491,485,6,331,338,154,147,2020,1
"Sydney-Cairns","Sydney","Cairns","Virgin Australia","Jan-20",100,100,0,65,77,35,23,2020,1
"Sydney-Canberra","Sydney","Canberra","Virgin Australia","Jan-20",157,150,7,115,116,35,34,2020,1
"Sydney-Coffs Harbour","Sydney","Coffs Harbour","Virgin Australia","Jan-20",31,31,0,22,23,9,8,2020,1
"Sydney-Darwin","Sydney","Darwin","Virgin Australia","Jan-20",25,25,0,20,22,5,3,2020,1
"Sydney-Gold Coast","Sydney","Gold Coast","Virgin Australia","Jan-20",271,268,3,194,182,74,86,2020,1
"Sydney-Hamilton Island","Sydney","Hamilton Island","Virgin Australia","Jan-20",31,31,0,23,25,8,6,2020,1
"Sydney-Hobart","Sydney","Hobart","Virgin Australia","Jan-20",77,76,1,62,64,14,12,2020,1
"Sydney-Launceston","Sydney","Launceston","Virgin Australia","Jan-20",32,32,0,20,22,12,10,2020,1
"Sydney-Melbourne","Sydney","Melbourne","Virgin Australia","Jan-20",694,661,33,476,432,185,229,2020,1
"Sydney-Perth","Sydney","Perth","Virgin Australia","Jan-20",126,126,0,84,102,42,24,2020,1
"Sydney-Port Macquarie","Sydney","Port Macquarie","Virgin Australia","Jan-20",49,49,0,33,34,16,15,2020,1
"Sydney-Sunshine Coast","Sydney","Sunshine Coast","Virgin Australia","Jan-20",64,64,0,47,46,17,18,2020,1
"Sydney-Tamworth","Sydney","Tamworth","Virgin Australia","Jan-20",51,51,0,37,38,14,13,2020,1
"Sydney-Townsville","Sydney","Townsville","Virgin Australia","Jan-20",22,22,0,17,16,5,6,2020,1
"Tamworth-Sydney","Tamworth","Sydney","Virgin Australia","Jan-20",50,49,1,36,34,13,15,2020,1
"Townsville-Brisbane","Townsville","Brisbane","Virgin Australia","Jan-20",133,132,1,121,120,11,12,2020,1
"Townsville-Sydney","Townsville","Sydney","Virgin Australia","Jan-20",22,22,0,13,16,9,6,2020,1
"Adelaide-Alice Springs","Adelaide","Alice Springs","Virgin Australia Regional Airlines","Jan-20",16,16,0,13,13,3,3,2020,1
"Adelaide-Melbourne","Adelaide","Melbourne","Virgin Australia Regional Airlines","Jan-20",6,5,1,3,3,2,2,2020,1
"Adelaide-Perth","Adelaide","Perth","Virgin Australia Regional Airlines","Jan-20",31,30,1,18,17,12,13,2020,1
"Alice Springs-Adelaide","Alice Springs","Adelaide","Virgin Australia Regional Airlines","Jan-20",16,16,0,13,13,3,3,2020,1
"Alice Springs-Darwin","Alice Springs","Darwin","Virgin Australia Regional Airlines","Jan-20",10,10,0,8,8,2,2,2020,1
"Broome-Perth","Broome","Perth","Virgin Australia Regional Airlines","Jan-20",49,46,3,37,36,9,10,2020,1
"Darwin-Alice Springs","Darwin","Alice Springs","Virgin Australia Regional Airlines","Jan-20",10,10,0,9,9,1,1,2020,1
"Darwin-Perth","Darwin","Perth","Virgin Australia Regional Airlines","Jan-20",11,11,0,9,11,2,0,2020,1
"Kalgoorlie-Perth","Kalgoorlie","Perth","Virgin Australia Regional Airlines","Jan-20",64,63,1,54,53,9,10,2020,1
"Karratha-Perth","Karratha","Perth","Virgin Australia Regional Airlines","Jan-20",67,67,0,56,51,11,16,2020,1
"Melbourne-Adelaide","Melbourne","Adelaide","Virgin Australia Regional Airlines","Jan-20",6,5,1,3,2,2,3,2020,1
"Newman-Perth","Newman","Perth","Virgin Australia Regional Airlines","Jan-20",30,27,3,23,21,4,6,2020,1
"Perth-Adelaide","Perth","Adelaide","Virgin Australia Regional Airlines","Jan-20",30,30,0,28,18,2,12,2020,1
"Perth-Broome","Perth","Broome","Virgin Australia Regional Airlines","Jan-20",48,46,2,38,38,8,8,2020,1
"Perth-Darwin","Perth","Darwin","Virgin Australia Regional Airlines","Jan-20",11,11,0,11,11,0,0,2020,1
"Perth-Kalgoorlie","Perth","Kalgoorlie","Virgin Australia Regional Airlines","Jan-20",64,64,0,57,55,7,9,2020,1
"Perth-Karratha","Perth","Karratha","Virgin Australia Regional Airlines","Jan-20",67,67,0,61,60,6,7,2020,1
"Perth-Newman","Perth","Newman","Virgin Australia Regional Airlines","Jan-20",30,27,3,25,24,2,3,2020,1
"Perth-Port Hedland","Perth","Port Hedland","Virgin Australia Regional Airlines","Jan-20",47,47,0,44,44,3,3,2020,1
"Port Hedland-Perth","Port Hedland","Perth","Virgin Australia Regional Airlines","Jan-20",47,46,1,40,42,6,4,2020,1
"Adelaide-Alice Springs","Adelaide","Alice Springs","All Airlines","Jan-20",47,47,0,40,41,7,6,2020,1
"Adelaide-Brisbane","Adelaide","Brisbane","All Airlines","Jan-20",278,272,6,231,235,41,37,2020,1
"Adelaide-Canberra","Adelaide","Canberra","All Airlines","Jan-20",62,60,2,53,54,7,6,2020,1
"Adelaide-Gold Coast","Adelaide","Gold Coast","All Airlines","Jan-20",65,64,1,48,45,16,19,2020,1
"Adelaide-Melbourne","Adelaide","Melbourne","All Airlines","Jan-20",711,673,38,471,465,202,208,2020,1
"Adelaide-Perth","Adelaide","Perth","All Airlines","Jan-20",201,199,2,152,156,47,43,2020,1
"Adelaide-Port Lincoln","Adelaide","Port Lincoln","All Airlines","Jan-20",279,279,0,261,260,18,19,2020,1
"Adelaide-Sydney","Adelaide","Sydney","All Airlines","Jan-20",540,529,11,422,414,107,115,2020,1
"Albury-Sydney","Albury","Sydney","All Airlines","Jan-20",178,151,27,108,100,43,51,2020,1
"Alice Springs-Adelaide","Alice Springs","Adelaide","All Airlines","Jan-20",48,48,0,38,40,10,8,2020,1
"Alice Springs-Darwin","Alice Springs","Darwin","All Airlines","Jan-20",45,44,1,42,42,2,2,2020,1
"Armidale-Sydney","Armidale","Sydney","All Airlines","Jan-20",143,141,2,96,94,45,47,2020,1
"Ayers Rock-Sydney","Ayers Rock","Sydney","All Airlines","Jan-20",58,57,1,41,40,16,17,2020,1
"Ballina-Sydney","Ballina","Sydney","All Airlines","Jan-20",155,155,0,94,105,61,50,2020,1
"Brisbane-Adelaide","Brisbane","Adelaide","All Airlines","Jan-20",278,272,6,205,234,67,38,2020,1
"Brisbane-Bundaberg","Brisbane","Bundaberg","All Airlines","Jan-20",136,136,0,126,129,10,7,2020,1
"Brisbane-Cairns","Brisbane","Cairns","All Airlines","Jan-20",433,431,2,340,369,91,62,2020,1
"Brisbane-Canberra","Brisbane","Canberra","All Airlines","Jan-20",275,263,12,208,213,55,50,2020,1
"Brisbane-Darwin","Brisbane","Darwin","All Airlines","Jan-20",106,106,0,81,83,25,23,2020,1
"Brisbane-Emerald","Brisbane","Emerald","All Airlines","Jan-20",162,161,1,147,147,14,14,2020,1
"Brisbane-Gladstone","Brisbane","Gladstone","All Airlines","Jan-20",201,201,0,178,177,23,24,2020,1
"Brisbane-Hamilton Island","Brisbane","Hamilton Island","All Airlines","Jan-20",63,62,1,49,52,13,10,2020,1
"Brisbane-Hobart","Brisbane","Hobart","All Airlines","Jan-20",85,85,0,75,78,10,7,2020,1
"Brisbane-Mackay","Brisbane","Mackay","All Airlines","Jan-20",302,297,5,238,237,59,60,2020,1
"Brisbane-Melbourne","Brisbane","Melbourne","All Airlines","Jan-20",1060,1018,42,707,684,311,334,2020,1
"Brisbane-Mount Isa","Brisbane","Mount Isa","All Airlines","Jan-20",69,69,0,56,61,13,8,2020,1
"Brisbane-Newcastle","Brisbane","Newcastle","All Airlines","Jan-20",245,239,6,189,186,50,53,2020,1
"Brisbane-Perth","Brisbane","Perth","All Airlines","Jan-20",257,256,1,160,189,96,67,2020,1
"Brisbane-Proserpine","Brisbane","Proserpine","All Airlines","Jan-20",88,87,1,69,74,18,13,2020,1
"Brisbane-Rockhampton","Brisbane","Rockhampton","All Airlines","Jan-20",307,307,0,247,250,60,57,2020,1
"Brisbane-Sydney","Brisbane","Sydney","All Airlines","Jan-20",1290,1260,30,952,908,308,352,2020,1
"Brisbane-Townsville","Brisbane","Townsville","All Airlines","Jan-20",339,335,4,258,270,77,65,2020,1
"Broome-Perth","Broome","Perth","All Airlines","Jan-20",146,138,8,109,112,29,26,2020,1
"Bundaberg-Brisbane","Bundaberg","Brisbane","All Airlines","Jan-20",135,135,0,125,129,10,6,2020,1
"Cairns-Brisbane","Cairns","Brisbane","All Airlines","Jan-20",433,430,3,358,356,72,74,2020,1
"Cairns-Melbourne","Cairns","Melbourne","All Airlines","Jan-20",182,182,0,124,121,58,61,2020,1
"Cairns-Sydney","Cairns","Sydney","All Airlines","Jan-20",293,292,1,230,223,62,69,2020,1
"Cairns-Townsville","Cairns","Townsville","All Airlines","Jan-20",149,148,1,133,133,15,15,2020,1
"Canberra-Adelaide","Canberra","Adelaide","All Airlines","Jan-20",62,59,3,49,49,10,10,2020,1
"Canberra-Brisbane","Canberra","Brisbane","All Airlines","Jan-20",276,262,14,215,213,47,49,2020,1
"Canberra-Melbourne","Canberra","Melbourne","All Airlines","Jan-20",372,348,24,249,237,99,111,2020,1
"Canberra-Sydney","Canberra","Sydney","All Airlines","Jan-20",478,446,32,330,314,116,132,2020,1
"Coffs Harbour-Sydney","Coffs Harbour","Sydney","All Airlines","Jan-20",187,186,1,135,132,51,54,2020,1
"Darwin-Alice Springs","Darwin","Alice Springs","All Airlines","Jan-20",45,44,1,40,36,4,8,2020,1
"Darwin-Brisbane","Darwin","Brisbane","All Airlines","Jan-20",106,106,0,89,82,17,24,2020,1
"Darwin-Melbourne","Darwin","Melbourne","All Airlines","Jan-20",83,83,0,68,61,15,22,2020,1
"Darwin-Perth","Darwin","Perth","All Airlines","Jan-20",62,62,0,56,58,6,4,2020,1
"Darwin-Sydney","Darwin","Sydney","All Airlines","Jan-20",83,81,2,68,58,13,23,2020,1
"Dubbo-Sydney","Dubbo","Sydney","All Airlines","Jan-20",181,178,3,130,127,48,51,2020,1
"Emerald-Brisbane","Emerald","Brisbane","All Airlines","Jan-20",163,162,1,147,146,15,16,2020,1
"Gladstone-Brisbane","Gladstone","Brisbane","All Airlines","Jan-20",200,200,0,173,170,27,30,2020,1
"Gold Coast-Adelaide","Gold Coast","Adelaide","All Airlines","Jan-20",65,64,1,34,47,30,17,2020,1
"Gold Coast-Melbourne","Gold Coast","Melbourne","All Airlines","Jan-20",535,526,9,245,298,281,228,2020,1
"Gold Coast-Sydney","Gold Coast","Sydney","All Airlines","Jan-20",855,839,16,483,544,356,295,2020,1
"Hamilton Island-Brisbane","Hamilton Island","Brisbane","All Airlines","Jan-20",62,61,1,45,45,16,16,2020,1
"Hamilton Island-Sydney","Hamilton Island","Sydney","All Airlines","Jan-20",93,92,1,65,69,27,23,2020,1
"Hobart-Brisbane","Hobart","Brisbane","All Airlines","Jan-20",84,84,0,67,65,17,19,2020,1
"Hobart-Melbourne","Hobart","Melbourne","All Airlines","Jan-20",541,537,4,350,301,187,236,2020,1
"Hobart-Sydney","Hobart","Sydney","All Airlines","Jan-20",271,268,3,191,175,77,93,2020,1
"Kalgoorlie-Perth","Kalgoorlie","Perth","All Airlines","Jan-20",155,154,1,136,135,18,19,2020,1
"Karratha-Perth","Karratha","Perth","All Airlines","Jan-20",257,253,4,228,226,25,27,2020,1
"Launceston-Melbourne","Launceston","Melbourne","All Airlines","Jan-20",404,396,8,260,250,136,146,2020,1
"Launceston-Sydney","Launceston","Sydney","All Airlines","Jan-20",94,93,1,67,62,26,31,2020,1
"Mackay-Brisbane","Mackay","Brisbane","All Airlines","Jan-20",297,291,6,241,234,50,57,2020,1
"Melbourne-Adelaide","Melbourne","Adelaide","All Airlines","Jan-20",710,676,34,501,457,175,219,2020,1
"Melbourne-Brisbane","Melbourne","Brisbane","All Airlines","Jan-20",1058,1013,45,747,679,266,334,2020,1
"Melbourne-Cairns","Melbourne","Cairns","All Airlines","Jan-20",184,184,0,136,134,48,50,2020,1
"Melbourne-Canberra","Melbourne","Canberra","All Airlines","Jan-20",371,346,25,241,230,105,116,2020,1
"Melbourne-Darwin","Melbourne","Darwin","All Airlines","Jan-20",83,83,0,57,63,26,20,2020,1
"Melbourne-Gold Coast","Melbourne","Gold Coast","All Airlines","Jan-20",533,527,6,374,323,153,204,2020,1
"Melbourne-Hobart","Melbourne","Hobart","All Airlines","Jan-20",538,537,1,403,387,134,150,2020,1
"Melbourne-Launceston","Melbourne","Launceston","All Airlines","Jan-20",405,394,11,279,275,115,119,2020,1
"Melbourne-Mildura","Melbourne","Mildura","All Airlines","Jan-20",158,149,9,98,86,51,63,2020,1
"Melbourne-Newcastle","Melbourne","Newcastle","All Airlines","Jan-20",130,128,2,76,68,52,60,2020,1
"Melbourne-Perth","Melbourne","Perth","All Airlines","Jan-20",481,471,10,325,327,146,144,2020,1
"Melbourne-Sunshine Coast","Melbourne","Sunshine Coast","All Airlines","Jan-20",140,140,0,116,103,24,37,2020,1
"Melbourne-Sydney","Melbourne","Sydney","All Airlines","Jan-20",2337,2185,152,1638,1402,547,783,2020,1
"Mildura-Melbourne","Mildura","Melbourne","All Airlines","Jan-20",158,149,9,86,81,63,68,2020,1
"Mount Isa-Brisbane","Mount Isa","Brisbane","All Airlines","Jan-20",67,67,0,54,52,13,15,2020,1
"Newcastle-Brisbane","Newcastle","Brisbane","All Airlines","Jan-20",244,236,8,192,187,44,49,2020,1
"Newcastle-Melbourne","Newcastle","Melbourne","All Airlines","Jan-20",129,127,2,77,78,50,49,2020,1
"Newman-Perth","Newman","Perth","All Airlines","Jan-20",186,169,17,142,146,27,23,2020,1
"Perth-Adelaide","Perth","Adelaide","All Airlines","Jan-20",202,201,1,164,161,37,40,2020,1
"Perth-Brisbane","Perth","Brisbane","All Airlines","Jan-20",258,257,1,212,210,45,47,2020,1
"Perth-Broome","Perth","Broome","All Airlines","Jan-20",145,138,7,112,112,26,26,2020,1
"Perth-Darwin","Perth","Darwin","All Airlines","Jan-20",62,62,0,59,59,3,3,2020,1
"Perth-Kalgoorlie","Perth","Kalgoorlie","All Airlines","Jan-20",155,155,0,141,139,14,16,2020,1
"Perth-Karratha","Perth","Karratha","All Airlines","Jan-20",259,255,4,232,232,23,23,2020,1
"Perth-Melbourne","Perth","Melbourne","All Airlines","Jan-20",483,473,10,348,375,125,98,2020,1
"Perth-Newman","Perth","Newman","All Airlines","Jan-20",182,169,13,151,149,18,20,2020,1
"Perth-Port Hedland","Perth","Port Hedland","All Airlines","Jan-20",194,190,4,176,172,14,18,2020,1
"Perth-Sydney","Perth","Sydney","All Airlines","Jan-20",380,377,3,289,295,88,82,2020,1
"Port Hedland-Perth","Port Hedland","Perth","All Airlines","Jan-20",190,184,6,162,166,22,18,2020,1
"Port Lincoln-Adelaide","Port Lincoln","Adelaide","All Airlines","Jan-20",279,279,0,251,247,28,32,2020,1
"Port Macquarie-Sydney","Port Macquarie","Sydney","All Airlines","Jan-20",149,148,1,94,96,54,52,2020,1
"Proserpine-Brisbane","Proserpine","Brisbane","All Airlines","Jan-20",88,87,1,72,73,15,14,2020,1
"Proserpine-Sydney","Proserpine","Sydney","All Airlines","Jan-20",32,32,0,18,17,14,15,2020,1
"Rockhampton-Brisbane","Rockhampton","Brisbane","All Airlines","Jan-20",310,308,2,256,253,52,55,2020,1
"Sunshine Coast-Melbourne","Sunshine Coast","Melbourne","All Airlines","Jan-20",141,141,0,77,85,64,56,2020,1
"Sunshine Coast-Sydney","Sunshine Coast","Sydney","All Airlines","Jan-20",185,184,1,113,110,71,74,2020,1
"Sydney-Adelaide","Sydney","Adelaide","All Airlines","Jan-20",541,531,10,395,414,136,117,2020,1
"Sydney-Albury","Sydney","Albury","All Airlines","Jan-20",179,153,26,102,103,51,50,2020,1
"Sydney-Armidale","Sydney","Armidale","All Airlines","Jan-20",145,144,1,111,111,33,33,2020,1
"Sydney-Ayers Rock","Sydney","Ayers Rock","All Airlines","Jan-20",57,56,1,46,47,10,9,2020,1
"Sydney-Ballina","Sydney","Ballina","All Airlines","Jan-20",155,155,0,117,117,38,38,2020,1
"Sydney-Brisbane","Sydney","Brisbane","All Airlines","Jan-20",1286,1265,21,892,910,373,355,2020,1
"Sydney-Cairns","Sydney","Cairns","All Airlines","Jan-20",293,292,1,215,235,77,57,2020,1
"Sydney-Canberra","Sydney","Canberra","All Airlines","Jan-20",480,445,35,319,315,126,130,2020,1
"Sydney-Coffs Harbour","Sydney","Coffs Harbour","All Airlines","Jan-20",188,187,1,135,141,52,46,2020,1
"Sydney-Darwin","Sydney","Darwin","All Airlines","Jan-20",83,81,2,56,70,25,11,2020,1
"Sydney-Dubbo","Sydney","Dubbo","All Airlines","Jan-20",178,176,2,129,129,47,47,2020,1
"Sydney-Gold Coast","Sydney","Gold Coast","All Airlines","Jan-20",851,840,11,596,584,244,256,2020,1
"Sydney-Hamilton Island","Sydney","Hamilton Island","All Airlines","Jan-20",92,92,0,76,77,16,15,2020,1
"Sydney-Hobart","Sydney","Hobart","All Airlines","Jan-20",272,269,3,185,203,84,66,2020,1
"Sydney-Launceston","Sydney","Launceston","All Airlines","Jan-20",94,94,0,65,75,29,19,2020,1
"Sydney-Melbourne","Sydney","Melbourne","All Airlines","Jan-20",2338,2191,147,1512,1431,679,760,2020,1
"Sydney-Perth","Sydney","Perth","All Airlines","Jan-20",379,378,1,233,284,145,94,2020,1
"Sydney-Port Macquarie","Sydney","Port Macquarie","All Airlines","Jan-20",150,150,0,96,98,54,52,2020,1
"Sydney-Proserpine","Sydney","Proserpine","All Airlines","Jan-20",32,32,0,16,21,16,11,2020,1
"Sydney-Sunshine Coast","Sydney","Sunshine Coast","All Airlines","Jan-20",187,186,1,134,138,52,48,2020,1
"Sydney-Tamworth","Sydney","Tamworth","All Airlines","Jan-20",176,176,0,116,109,60,67,2020,1
"Sydney-Townsville","Sydney","Townsville","All Airlines","Jan-20",52,52,0,40,40,12,12,2020,1
"Sydney-Wagga Wagga","Sydney","Wagga Wagga","All Airlines","Jan-20",148,143,5,101,97,42,46,2020,1
"Tamworth-Sydney","Tamworth","Sydney","All Airlines","Jan-20",173,172,1,111,107,61,65,2020,1
"Townsville-Brisbane","Townsville","Brisbane","All Airlines","Jan-20",338,334,4,288,288,46,46,2020,1
"Townsville-Cairns","Townsville","Cairns","All Airlines","Jan-20",151,148,3,131,132,17,16,2020,1
"Townsville-Sydney","Townsville","Sydney","All Airlines","Jan-20",52,52,0,33,36,19,16,2020,1
"Wagga Wagga-Sydney","Wagga Wagga","Sydney","All Airlines","Jan-20",150,143,7,103,92,40,51,2020,1
"Adelaide-Brisbane","Adelaide","Brisbane","Jetstar","Feb-20",21,21,0,16,16,5,5,2020,2
"Adelaide-Gold Coast","Adelaide","Gold Coast","Jetstar","Feb-20",25,25,0,11,10,14,15,2020,2
"Adelaide-Melbourne","Adelaide","Melbourne","Jetstar","Feb-20",103,92,11,62,68,30,24,2020,2
"Adelaide-Perth","Adelaide","Perth","Jetstar","Feb-20",21,21,0,17,21,4,0,2020,2
"Adelaide-Sydney","Adelaide","Sydney","Jetstar","Feb-20",110,105,5,79,75,26,30,2020,2
"Ayers Rock-Sydney","Ayers Rock","Sydney","Jetstar","Feb-20",24,24,0,11,12,13,12,2020,2
"Ballina-Sydney","Ballina","Sydney","Jetstar","Feb-20",78,73,5,35,46,38,27,2020,2
"Brisbane-Adelaide","Brisbane","Adelaide","Jetstar","Feb-20",21,21,0,18,18,3,3,2020,2
"Brisbane-Cairns","Brisbane","Cairns","Jetstar","Feb-20",73,72,1,40,50,32,22,2020,2
"Brisbane-Darwin","Brisbane","Darwin","Jetstar","Feb-20",17,17,0,14,16,3,1,2020,2
"Brisbane-Hobart","Brisbane","Hobart","Jetstar","Feb-20",29,29,0,26,29,3,0,2020,2
"Brisbane-Mackay","Brisbane","Mackay","Jetstar","Feb-20",29,29,0,20,17,9,12,2020,2
"Brisbane-Melbourne","Brisbane","Melbourne","Jetstar","Feb-20",112,108,4,56,71,52,37,2020,2
"Brisbane-Newcastle","Brisbane","Newcastle","Jetstar","Feb-20",65,62,3,38,39,24,23,2020,2
"Brisbane-Proserpine","Brisbane","Proserpine","Jetstar","Feb-20",29,29,0,22,22,7,7,2020,2
"Brisbane-Sydney","Brisbane","Sydney","Jetstar","Feb-20",133,114,19,70,71,44,43,2020,2
"Brisbane-Townsville","Brisbane","Townsville","Jetstar","Feb-20",42,42,0,33,32,9,10,2020,2
"Cairns-Brisbane","Cairns","Brisbane","Jetstar","Feb-20",74,73,1,53,54,20,19,2020,2
"Cairns-Melbourne","Cairns","Melbourne","Jetstar","Feb-20",58,56,2,41,39,15,17,2020,2
"Cairns-Sydney","Cairns","Sydney","Jetstar","Feb-20",72,66,6,58,58,8,8,2020,2
"Darwin-Brisbane","Darwin","Brisbane","Jetstar","Feb-20",17,17,0,15,16,2,1,2020,2
"Darwin-Melbourne","Darwin","Melbourne","Jetstar","Feb-20",16,16,0,13,15,3,1,2020,2
"Darwin-Sydney","Darwin","Sydney","Jetstar","Feb-20",13,13,0,9,6,4,7,2020,2
"Gold Coast-Adelaide","Gold Coast","Adelaide","Jetstar","Feb-20",25,25,0,20,19,5,6,2020,2
"Gold Coast-Melbourne","Gold Coast","Melbourne","Jetstar","Feb-20",123,122,1,68,80,54,42,2020,2
"Gold Coast-Sydney","Gold Coast","Sydney","Jetstar","Feb-20",255,241,14,146,159,95,82,2020,2
"Hamilton Island-Sydney","Hamilton Island","Sydney","Jetstar","Feb-20",17,17,0,13,15,4,2,2020,2
"Hobart-Brisbane","Hobart","Brisbane","Jetstar","Feb-20",29,29,0,26,24,3,5,2020,2
"Hobart-Melbourne","Hobart","Melbourne","Jetstar","Feb-20",190,183,7,108,105,75,78,2020,2
"Hobart-Sydney","Hobart","Sydney","Jetstar","Feb-20",99,98,1,74,49,24,49,2020,2
"Launceston-Melbourne","Launceston","Melbourne","Jetstar","Feb-20",141,140,1,102,95,38,45,2020,2
"Launceston-Sydney","Launceston","Sydney","Jetstar","Feb-20",55,54,1,35,34,19,20,2020,2
"Mackay-Brisbane","Mackay","Brisbane","Jetstar","Feb-20",29,29,0,11,14,18,15,2020,2
"Melbourne-Adelaide","Melbourne","Adelaide","Jetstar","Feb-20",103,92,11,62,62,30,30,2020,2
"Melbourne-Brisbane","Melbourne","Brisbane","Jetstar","Feb-20",112,108,4,72,65,36,43,2020,2
"Melbourne-Cairns","Melbourne","Cairns","Jetstar","Feb-20",58,57,1,47,51,10,6,2020,2
"Melbourne-Darwin","Melbourne","Darwin","Jetstar","Feb-20",16,16,0,15,16,1,0,2020,2
"Melbourne-Gold Coast","Melbourne","Gold Coast","Jetstar","Feb-20",123,122,1,82,75,40,47,2020,2
"Melbourne-Hobart","Melbourne","Hobart","Jetstar","Feb-20",190,185,5,131,129,54,56,2020,2
"Melbourne-Launceston","Melbourne","Launceston","Jetstar","Feb-20",142,140,2,102,104,38,36,2020,2
"Melbourne-Newcastle","Melbourne","Newcastle","Jetstar","Feb-20",85,85,0,58,55,27,30,2020,2
"Melbourne-Perth","Melbourne","Perth","Jetstar","Feb-20",48,43,5,38,41,5,2,2020,2
"Melbourne-Sunshine Coast","Melbourne","Sunshine Coast","Jetstar","Feb-20",58,58,0,50,48,8,10,2020,2
"Melbourne-Sydney","Melbourne","Sydney","Jetstar","Feb-20",395,356,39,228,208,128,148,2020,2
"Newcastle-Brisbane","Newcastle","Brisbane","Jetstar","Feb-20",65,62,3,46,44,16,18,2020,2
"Newcastle-Melbourne","Newcastle","Melbourne","Jetstar","Feb-20",85,85,0,62,64,23,21,2020,2
"Perth-Adelaide","Perth","Adelaide","Jetstar","Feb-20",22,21,1,12,12,9,9,2020,2
"Perth-Melbourne","Perth","Melbourne","Jetstar","Feb-20",48,43,5,37,40,6,3,2020,2
"Perth-Sydney","Perth","Sydney","Jetstar","Feb-20",25,25,0,16,15,9,10,2020,2
"Proserpine-Brisbane","Proserpine","Brisbane","Jetstar","Feb-20",29,28,1,18,17,10,11,2020,2
"Proserpine-Sydney","Proserpine","Sydney","Jetstar","Feb-20",13,13,0,7,9,6,4,2020,2
"Sunshine Coast-Melbourne","Sunshine Coast","Melbourne","Jetstar","Feb-20",58,58,0,38,40,20,18,2020,2
"Sunshine Coast-Sydney","Sunshine Coast","Sydney","Jetstar","Feb-20",62,61,1,24,24,37,37,2020,2
"Sydney-Adelaide","Sydney","Adelaide","Jetstar","Feb-20",110,106,4,76,81,30,25,2020,2
"Sydney-Ayers Rock","Sydney","Ayers Rock","Jetstar","Feb-20",25,25,0,9,19,16,6,2020,2
"Sydney-Ballina","Sydney","Ballina","Jetstar","Feb-20",79,78,1,56,50,22,28,2020,2
"Sydney-Brisbane","Sydney","Brisbane","Jetstar","Feb-20",129,114,15,66,68,48,46,2020,2
"Sydney-Cairns","Sydney","Cairns","Jetstar","Feb-20",72,65,7,50,57,15,8,2020,2
"Sydney-Darwin","Sydney","Darwin","Jetstar","Feb-20",13,13,0,9,10,4,3,2020,2
"Sydney-Gold Coast","Sydney","Gold Coast","Jetstar","Feb-20",252,239,13,156,152,83,87,2020,2
"Sydney-Hamilton Island","Sydney","Hamilton Island","Jetstar","Feb-20",17,17,0,14,15,3,2,2020,2
"Sydney-Hobart","Sydney","Hobart","Jetstar","Feb-20",99,98,1,76,85,22,13,2020,2
"Sydney-Launceston","Sydney","Launceston","Jetstar","Feb-20",54,54,0,43,44,11,10,2020,2
"Sydney-Melbourne","Sydney","Melbourne","Jetstar","Feb-20",393,353,40,226,236,127,117,2020,2
"Sydney-Perth","Sydney","Perth","Jetstar","Feb-20",25,25,0,18,21,7,4,2020,2
"Sydney-Proserpine","Sydney","Proserpine","Jetstar","Feb-20",13,13,0,9,11,4,2,2020,2
"Sydney-Sunshine Coast","Sydney","Sunshine Coast","Jetstar","Feb-20",62,61,1,30,36,31,25,2020,2
"Sydney-Townsville","Sydney","Townsville","Jetstar","Feb-20",16,16,0,11,10,5,6,2020,2
"Townsville-Brisbane","Townsville","Brisbane","Jetstar","Feb-20",43,43,0,27,29,16,14,2020,2
"Townsville-Sydney","Townsville","Sydney","Jetstar","Feb-20",16,16,0,10,10,6,6,2020,2
"Adelaide-Alice Springs","Adelaide","Alice Springs","Qantas","Feb-20",29,29,0,26,27,3,2,2020,2
"Adelaide-Brisbane","Adelaide","Brisbane","Qantas","Feb-20",103,103,0,92,87,11,16,2020,2
"Adelaide-Canberra","Adelaide","Canberra","Qantas","Feb-20",41,40,1,39,36,1,4,2020,2
"Adelaide-Melbourne","Adelaide","Melbourne","Qantas","Feb-20",280,274,6,228,220,46,54,2020,2
"Adelaide-Perth","Adelaide","Perth","Qantas","Feb-20",115,115,0,106,104,9,11,2020,2
"Adelaide-Sydney","Adelaide","Sydney","Qantas","Feb-20",230,225,5,174,154,51,71,2020,2
"Alice Springs-Adelaide","Alice Springs","Adelaide","Qantas","Feb-20",29,29,0,25,25,4,4,2020,2
"Brisbane-Adelaide","Brisbane","Adelaide","Qantas","Feb-20",103,103,0,82,83,21,20,2020,2
"Brisbane-Cairns","Brisbane","Cairns","Qantas","Feb-20",25,25,0,24,24,1,1,2020,2
"Brisbane-Darwin","Brisbane","Darwin","Qantas","Feb-20",29,29,0,24,24,5,5,2020,2
"Brisbane-Melbourne","Brisbane","Melbourne","Qantas","Feb-20",380,373,7,290,285,83,88,2020,2
"Brisbane-Perth","Brisbane","Perth","Qantas","Feb-20",140,140,0,98,94,42,46,2020,2
"Brisbane-Sydney","Brisbane","Sydney","Qantas","Feb-20",583,550,33,461,406,89,144,2020,2
"Brisbane-Townsville","Brisbane","Townsville","Qantas","Feb-20",37,37,0,30,30,7,7,2020,2
"Broome-Perth","Broome","Perth","Qantas","Feb-20",4,4,0,2,3,2,1,2020,2
"Cairns-Brisbane","Cairns","Brisbane","Qantas","Feb-20",25,25,0,23,23,2,2,2020,2
"Cairns-Melbourne","Cairns","Melbourne","Qantas","Feb-20",36,36,0,32,32,4,4,2020,2
"Cairns-Sydney","Cairns","Sydney","Qantas","Feb-20",58,58,0,47,41,11,17,2020,2
"Canberra-Adelaide","Canberra","Adelaide","Qantas","Feb-20",40,40,0,38,38,2,2,2020,2
"Canberra-Melbourne","Canberra","Melbourne","Qantas","Feb-20",228,222,6,197,190,25,32,2020,2
"Darwin-Brisbane","Darwin","Brisbane","Qantas","Feb-20",29,29,0,21,18,8,11,2020,2
"Darwin-Melbourne","Darwin","Melbourne","Qantas","Feb-20",25,25,0,22,21,3,4,2020,2
"Darwin-Perth","Darwin","Perth","Qantas","Feb-20",29,29,0,24,23,5,6,2020,2
"Darwin-Sydney","Darwin","Sydney","Qantas","Feb-20",30,30,0,18,17,12,13,2020,2
"Gold Coast-Melbourne","Gold Coast","Melbourne","Qantas","Feb-20",31,31,0,22,25,9,6,2020,2
"Gold Coast-Sydney","Gold Coast","Sydney","Qantas","Feb-20",56,56,0,42,43,14,13,2020,2
"Hamilton Island-Sydney","Hamilton Island","Sydney","Qantas","Feb-20",9,9,0,8,8,1,1,2020,2
"Hobart-Melbourne","Hobart","Melbourne","Qantas","Feb-20",111,110,1,97,87,13,23,2020,2
"Kalgoorlie-Perth","Kalgoorlie","Perth","Qantas","Feb-20",12,12,0,9,9,3,3,2020,2
"Karratha-Perth","Karratha","Perth","Qantas","Feb-20",56,51,5,45,44,6,7,2020,2
"Melbourne-Adelaide","Melbourne","Adelaide","Qantas","Feb-20",280,277,3,220,221,57,56,2020,2
"Melbourne-Brisbane","Melbourne","Brisbane","Qantas","Feb-20",379,371,8,299,264,72,107,2020,2
"Melbourne-Cairns","Melbourne","Cairns","Qantas","Feb-20",37,37,0,32,34,5,3,2020,2
"Melbourne-Canberra","Melbourne","Canberra","Qantas","Feb-20",228,223,5,195,191,28,32,2020,2
"Melbourne-Darwin","Melbourne","Darwin","Qantas","Feb-20",25,25,0,24,23,1,2,2020,2
"Melbourne-Gold Coast","Melbourne","Gold Coast","Qantas","Feb-20",30,30,0,29,25,1,5,2020,2
"Melbourne-Hobart","Melbourne","Hobart","Qantas","Feb-20",111,111,0,86,91,25,20,2020,2
"Melbourne-Perth","Melbourne","Perth","Qantas","Feb-20",187,185,2,134,133,51,52,2020,2
"Melbourne-Sydney","Melbourne","Sydney","Qantas","Feb-20",1052,938,114,777,657,161,281,2020,2
"Newman-Perth","Newman","Perth","Qantas","Feb-20",48,47,1,40,39,7,8,2020,2
"Perth-Adelaide","Perth","Adelaide","Qantas","Feb-20",114,114,0,93,98,21,16,2020,2
"Perth-Brisbane","Perth","Brisbane","Qantas","Feb-20",140,140,0,109,116,31,24,2020,2
"Perth-Broome","Perth","Broome","Qantas","Feb-20",4,4,0,3,2,1,2,2020,2
"Perth-Darwin","Perth","Darwin","Qantas","Feb-20",29,29,0,27,26,2,3,2020,2
"Perth-Kalgoorlie","Perth","Kalgoorlie","Qantas","Feb-20",12,12,0,10,10,2,2,2020,2
"Perth-Karratha","Perth","Karratha","Qantas","Feb-20",56,51,5,43,43,8,8,2020,2
"Perth-Melbourne","Perth","Melbourne","Qantas","Feb-20",188,186,2,149,152,37,34,2020,2
"Perth-Newman","Perth","Newman","Qantas","Feb-20",47,45,2,39,40,6,5,2020,2
"Perth-Port Hedland","Perth","Port Hedland","Qantas","Feb-20",32,32,0,30,30,2,2,2020,2
"Perth-Sydney","Perth","Sydney","Qantas","Feb-20",193,191,2,156,152,35,39,2020,2
"Port Hedland-Perth","Port Hedland","Perth","Qantas","Feb-20",32,32,0,26,26,6,6,2020,2
"Sydney-Adelaide","Sydney","Adelaide","Qantas","Feb-20",231,224,7,162,165,62,59,2020,2
"Sydney-Brisbane","Sydney","Brisbane","Qantas","Feb-20",582,551,31,431,396,120,155,2020,2
"Sydney-Cairns","Sydney","Cairns","Qantas","Feb-20",58,58,0,45,47,13,11,2020,2
"Sydney-Darwin","Sydney","Darwin","Qantas","Feb-20",30,30,0,17,24,13,6,2020,2
"Sydney-Gold Coast","Sydney","Gold Coast","Qantas","Feb-20",56,56,0,39,40,17,16,2020,2
"Sydney-Hamilton Island","Sydney","Hamilton Island","Qantas","Feb-20",8,8,0,8,8,0,0,2020,2
"Sydney-Melbourne","Sydney","Melbourne","Qantas","Feb-20",1051,936,115,699,676,237,260,2020,2
"Sydney-Perth","Sydney","Perth","Qantas","Feb-20",194,192,2,133,147,59,45,2020,2
"Townsville-Brisbane","Townsville","Brisbane","Qantas","Feb-20",37,36,1,29,30,7,6,2020,2
"Adelaide-Canberra","Adelaide","Canberra","QantasLink","Feb-20",5,4,1,4,4,0,0,2020,2
"Adelaide-Port Lincoln","Adelaide","Port Lincoln","QantasLink","Feb-20",94,92,2,76,76,16,16,2020,2
"Albury-Sydney","Albury","Sydney","QantasLink","Feb-20",100,97,3,68,60,29,37,2020,2
"Armidale-Sydney","Armidale","Sydney","QantasLink","Feb-20",113,105,8,61,61,44,44,2020,2
"Brisbane-Bundaberg","Brisbane","Bundaberg","QantasLink","Feb-20",108,107,1,89,80,18,27,2020,2
"Brisbane-Cairns","Brisbane","Cairns","QantasLink","Feb-20",123,123,0,110,105,13,18,2020,2
"Brisbane-Canberra","Brisbane","Canberra","QantasLink","Feb-20",142,141,1,111,116,30,25,2020,2
"Brisbane-Emerald","Brisbane","Emerald","QantasLink","Feb-20",118,116,2,104,101,12,15,2020,2
"Brisbane-Gladstone","Brisbane","Gladstone","QantasLink","Feb-20",131,131,0,102,94,29,37,2020,2
"Brisbane-Hamilton Island","Brisbane","Hamilton Island","QantasLink","Feb-20",29,29,0,18,18,11,11,2020,2
"Brisbane-Mackay","Brisbane","Mackay","QantasLink","Feb-20",134,134,0,112,103,22,31,2020,2
"Brisbane-Mount Isa","Brisbane","Mount Isa","QantasLink","Feb-20",53,53,0,45,48,8,5,2020,2
"Brisbane-Newcastle","Brisbane","Newcastle","QantasLink","Feb-20",85,83,2,67,60,16,23,2020,2
"Brisbane-Rockhampton","Brisbane","Rockhampton","QantasLink","Feb-20",168,168,0,138,129,30,39,2020,2
"Brisbane-Sydney","Brisbane","Sydney","QantasLink","Feb-20",6,6,0,6,4,0,2,2020,2
"Brisbane-Townsville","Brisbane","Townsville","QantasLink","Feb-20",106,106,0,85,80,21,26,2020,2
"Broome-Perth","Broome","Perth","QantasLink","Feb-20",77,76,1,61,61,15,15,2020,2
"Bundaberg-Brisbane","Bundaberg","Brisbane","QantasLink","Feb-20",107,107,0,80,79,27,28,2020,2
"Cairns-Brisbane","Cairns","Brisbane","QantasLink","Feb-20",123,123,0,106,100,17,23,2020,2
"Cairns-Townsville","Cairns","Townsville","QantasLink","Feb-20",126,125,1,113,114,12,11,2020,2
"Canberra-Adelaide","Canberra","Adelaide","QantasLink","Feb-20",5,4,1,3,4,1,0,2020,2
"Canberra-Brisbane","Canberra","Brisbane","QantasLink","Feb-20",143,141,2,113,104,28,37,2020,2
"Canberra-Melbourne","Canberra","Melbourne","QantasLink","Feb-20",44,42,2,34,34,8,8,2020,2
"Canberra-Sydney","Canberra","Sydney","QantasLink","Feb-20",458,431,27,322,304,109,127,2020,2
"Coffs Harbour-Sydney","Coffs Harbour","Sydney","QantasLink","Feb-20",135,133,2,89,83,44,50,2020,2
"Dubbo-Sydney","Dubbo","Sydney","QantasLink","Feb-20",116,112,4,81,80,31,32,2020,2
"Emerald-Brisbane","Emerald","Brisbane","QantasLink","Feb-20",117,115,2,98,96,17,19,2020,2
"Gladstone-Brisbane","Gladstone","Brisbane","QantasLink","Feb-20",131,131,0,90,89,41,42,2020,2
"Gold Coast-Sydney","Gold Coast","Sydney","QantasLink","Feb-20",72,71,1,42,43,29,28,2020,2
"Hamilton Island-Brisbane","Hamilton Island","Brisbane","QantasLink","Feb-20",29,27,2,18,17,9,10,2020,2
"Hamilton Island-Sydney","Hamilton Island","Sydney","QantasLink","Feb-20",20,20,0,15,14,5,6,2020,2
"Hobart-Sydney","Hobart","Sydney","QantasLink","Feb-20",74,73,1,56,50,17,23,2020,2
"Kalgoorlie-Perth","Kalgoorlie","Perth","QantasLink","Feb-20",65,63,2,52,51,11,12,2020,2
"Karratha-Perth","Karratha","Perth","QantasLink","Feb-20",119,108,11,88,89,20,19,2020,2
"Launceston-Melbourne","Launceston","Melbourne","QantasLink","Feb-20",111,106,5,81,79,25,27,2020,2
"Mackay-Brisbane","Mackay","Brisbane","QantasLink","Feb-20",131,131,0,104,107,27,24,2020,2
"Melbourne-Canberra","Melbourne","Canberra","QantasLink","Feb-20",44,39,5,33,31,6,8,2020,2
"Melbourne-Launceston","Melbourne","Launceston","QantasLink","Feb-20",109,106,3,86,88,20,18,2020,2
"Melbourne-Mildura","Melbourne","Mildura","QantasLink","Feb-20",90,87,3,69,71,18,16,2020,2
"Mildura-Melbourne","Mildura","Melbourne","QantasLink","Feb-20",90,86,4,66,58,20,28,2020,2
"Mount Isa-Brisbane","Mount Isa","Brisbane","QantasLink","Feb-20",53,53,0,47,45,6,8,2020,2
"Newcastle-Brisbane","Newcastle","Brisbane","QantasLink","Feb-20",86,83,3,64,62,19,21,2020,2
"Newman-Perth","Newman","Perth","QantasLink","Feb-20",84,80,4,61,62,19,18,2020,2
"Perth-Broome","Perth","Broome","QantasLink","Feb-20",78,78,0,67,64,11,14,2020,2
"Perth-Kalgoorlie","Perth","Kalgoorlie","QantasLink","Feb-20",65,64,1,52,50,12,14,2020,2
"Perth-Karratha","Perth","Karratha","QantasLink","Feb-20",118,108,10,90,86,18,22,2020,2
"Perth-Newman","Perth","Newman","QantasLink","Feb-20",87,84,3,70,65,14,19,2020,2
"Perth-Port Hedland","Perth","Port Hedland","QantasLink","Feb-20",109,98,11,82,77,16,21,2020,2
"Port Hedland-Perth","Port Hedland","Perth","QantasLink","Feb-20",109,95,14,74,70,21,25,2020,2
"Port Lincoln-Adelaide","Port Lincoln","Adelaide","QantasLink","Feb-20",94,92,2,77,78,15,14,2020,2
"Port Macquarie-Sydney","Port Macquarie","Sydney","QantasLink","Feb-20",107,103,4,76,75,27,28,2020,2
"Rockhampton-Brisbane","Rockhampton","Brisbane","QantasLink","Feb-20",173,173,0,136,132,37,41,2020,2
"Sunshine Coast-Sydney","Sunshine Coast","Sydney","QantasLink","Feb-20",55,55,0,41,43,14,12,2020,2
"Sydney-Albury","Sydney","Albury","QantasLink","Feb-20",101,98,3,58,64,40,34,2020,2
"Sydney-Armidale","Sydney","Armidale","QantasLink","Feb-20",107,103,4,74,69,29,34,2020,2
"Sydney-Brisbane","Sydney","Brisbane","QantasLink","Feb-20",5,5,0,4,4,1,1,2020,2
"Sydney-Canberra","Sydney","Canberra","QantasLink","Feb-20",459,441,18,338,334,103,107,2020,2
"Sydney-Coffs Harbour","Sydney","Coffs Harbour","QantasLink","Feb-20",135,133,2,90,86,43,47,2020,2
"Sydney-Dubbo","Sydney","Dubbo","QantasLink","Feb-20",115,111,4,78,75,33,36,2020,2
"Sydney-Gold Coast","Sydney","Gold Coast","QantasLink","Feb-20",72,71,1,41,41,30,30,2020,2
"Sydney-Hamilton Island","Sydney","Hamilton Island","QantasLink","Feb-20",20,20,0,14,13,6,7,2020,2
"Sydney-Hobart","Sydney","Hobart","QantasLink","Feb-20",73,73,0,45,45,28,28,2020,2
"Sydney-Port Macquarie","Sydney","Port Macquarie","QantasLink","Feb-20",108,105,3,69,64,36,41,2020,2
"Sydney-Sunshine Coast","Sydney","Sunshine Coast","QantasLink","Feb-20",54,54,0,40,39,14,15,2020,2
"Sydney-Tamworth","Sydney","Tamworth","QantasLink","Feb-20",135,129,6,91,85,38,44,2020,2
"Sydney-Wagga Wagga","Sydney","Wagga Wagga","QantasLink","Feb-20",97,95,2,58,65,37,30,2020,2
"Tamworth-Sydney","Tamworth","Sydney","QantasLink","Feb-20",130,123,7,77,81,46,42,2020,2
"Townsville-Brisbane","Townsville","Brisbane","QantasLink","Feb-20",106,106,0,85,79,21,27,2020,2
"Townsville-Cairns","Townsville","Cairns","QantasLink","Feb-20",127,126,1,109,110,17,16,2020,2
"Wagga Wagga-Sydney","Wagga Wagga","Sydney","QantasLink","Feb-20",98,95,3,69,66,26,29,2020,2
"Adelaide-Port Lincoln","Adelaide","Port Lincoln","Regional Express","Feb-20",186,186,0,178,177,8,9,2020,2
"Albury-Sydney","Albury","Sydney","Regional Express","Feb-20",89,89,0,75,67,14,22,2020,2
"Armidale-Sydney","Armidale","Sydney","Regional Express","Feb-20",66,62,4,44,39,18,23,2020,2
"Ballina-Sydney","Ballina","Sydney","Regional Express","Feb-20",22,22,0,16,14,6,8,2020,2
"Cairns-Townsville","Cairns","Townsville","Regional Express","Feb-20",12,12,0,9,9,3,3,2020,2
"Dubbo-Sydney","Dubbo","Sydney","Regional Express","Feb-20",118,116,2,80,70,36,46,2020,2
"Melbourne-Mildura","Melbourne","Mildura","Regional Express","Feb-20",69,69,0,62,58,7,11,2020,2
"Mildura-Melbourne","Mildura","Melbourne","Regional Express","Feb-20",69,69,0,53,49,16,20,2020,2
"Port Lincoln-Adelaide","Port Lincoln","Adelaide","Regional Express","Feb-20",185,185,0,174,165,11,20,2020,2
"Sydney-Albury","Sydney","Albury","Regional Express","Feb-20",89,89,0,78,76,11,13,2020,2
"Sydney-Armidale","Sydney","Armidale","Regional Express","Feb-20",65,62,3,51,50,11,12,2020,2
"Sydney-Ballina","Sydney","Ballina","Regional Express","Feb-20",20,20,0,15,15,5,5,2020,2
"Sydney-Dubbo","Sydney","Dubbo","Regional Express","Feb-20",121,119,2,93,93,26,26,2020,2
"Sydney-Wagga Wagga","Sydney","Wagga Wagga","Regional Express","Feb-20",118,118,0,107,106,11,12,2020,2
"Townsville-Cairns","Townsville","Cairns","Regional Express","Feb-20",12,12,0,11,11,1,1,2020,2
"Wagga Wagga-Sydney","Wagga Wagga","Sydney","Regional Express","Feb-20",118,118,0,99,83,19,35,2020,2
"Adelaide-Brisbane","Adelaide","Brisbane","Tigerair Australia","Feb-20",19,19,0,15,14,4,5,2020,2
"Adelaide-Melbourne","Adelaide","Melbourne","Tigerair Australia","Feb-20",58,57,1,39,38,18,19,2020,2
"Adelaide-Sydney","Adelaide","Sydney","Tigerair Australia","Feb-20",17,17,0,9,8,8,9,2020,2
"Brisbane-Adelaide","Brisbane","Adelaide","Tigerair Australia","Feb-20",19,19,0,14,15,5,4,2020,2
"Brisbane-Cairns","Brisbane","Cairns","Tigerair Australia","Feb-20",28,27,1,19,19,8,8,2020,2
"Brisbane-Canberra","Brisbane","Canberra","Tigerair Australia","Feb-20",20,20,0,17,18,3,2,2020,2
"Brisbane-Melbourne","Brisbane","Melbourne","Tigerair Australia","Feb-20",103,101,2,73,70,28,31,2020,2
"Brisbane-Sydney","Brisbane","Sydney","Tigerair Australia","Feb-20",110,105,5,79,70,26,35,2020,2
"Cairns-Brisbane","Cairns","Brisbane","Tigerair Australia","Feb-20",28,27,1,19,20,8,7,2020,2
"Cairns-Melbourne","Cairns","Melbourne","Tigerair Australia","Feb-20",30,30,0,23,19,7,11,2020,2
"Cairns-Sydney","Cairns","Sydney","Tigerair Australia","Feb-20",28,28,0,25,24,3,4,2020,2
"Canberra-Brisbane","Canberra","Brisbane","Tigerair Australia","Feb-20",20,20,0,18,17,2,3,2020,2
"Canberra-Melbourne","Canberra","Melbourne","Tigerair Australia","Feb-20",37,37,0,27,27,10,10,2020,2
"Coffs Harbour-Sydney","Coffs Harbour","Sydney","Tigerair Australia","Feb-20",12,12,0,8,6,4,6,2020,2
"Gold Coast-Melbourne","Gold Coast","Melbourne","Tigerair Australia","Feb-20",70,70,0,42,47,28,23,2020,2
"Gold Coast-Sydney","Gold Coast","Sydney","Tigerair Australia","Feb-20",72,70,2,38,38,32,32,2020,2
"Hobart-Melbourne","Hobart","Melbourne","Tigerair Australia","Feb-20",34,34,0,23,18,11,16,2020,2
"Melbourne-Adelaide","Melbourne","Adelaide","Tigerair Australia","Feb-20",58,57,1,46,42,11,15,2020,2
"Melbourne-Brisbane","Melbourne","Brisbane","Tigerair Australia","Feb-20",103,101,2,92,81,9,20,2020,2
"Melbourne-Cairns","Melbourne","Cairns","Tigerair Australia","Feb-20",30,30,0,27,27,3,3,2020,2
"Melbourne-Canberra","Melbourne","Canberra","Tigerair Australia","Feb-20",37,37,0,28,28,9,9,2020,2
"Melbourne-Gold Coast","Melbourne","Gold Coast","Tigerair Australia","Feb-20",70,70,0,59,45,11,25,2020,2
"Melbourne-Hobart","Melbourne","Hobart","Tigerair Australia","Feb-20",34,34,0,32,29,2,5,2020,2
"Melbourne-Perth","Melbourne","Perth","Tigerair Australia","Feb-20",44,44,0,36,38,8,6,2020,2
"Melbourne-Sydney","Melbourne","Sydney","Tigerair Australia","Feb-20",213,198,15,140,117,58,81,2020,2
"Perth-Melbourne","Perth","Melbourne","Tigerair Australia","Feb-20",45,45,0,35,38,10,7,2020,2
"Perth-Sydney","Perth","Sydney","Tigerair Australia","Feb-20",25,24,1,14,15,10,9,2020,2
"Proserpine-Sydney","Proserpine","Sydney","Tigerair Australia","Feb-20",1,1,0,0,0,1,1,2020,2
"Sydney-Adelaide","Sydney","Adelaide","Tigerair Australia","Feb-20",18,18,0,11,9,7,9,2020,2
"Sydney-Brisbane","Sydney","Brisbane","Tigerair Australia","Feb-20",110,105,5,73,59,32,46,2020,2
"Sydney-Cairns","Sydney","Cairns","Tigerair Australia","Feb-20",28,28,0,26,25,2,3,2020,2
"Sydney-Coffs Harbour","Sydney","Coffs Harbour","Tigerair Australia","Feb-20",12,12,0,9,9,3,3,2020,2
"Sydney-Gold Coast","Sydney","Gold Coast","Tigerair Australia","Feb-20",72,70,2,45,42,25,28,2020,2
"Sydney-Melbourne","Sydney","Melbourne","Tigerair Australia","Feb-20",212,197,15,130,124,67,73,2020,2
"Sydney-Perth","Sydney","Perth","Tigerair Australia","Feb-20",24,24,0,12,17,12,7,2020,2
"Sydney-Proserpine","Sydney","Proserpine","Tigerair Australia","Feb-20",1,1,0,0,0,1,1,2020,2
"Adelaide-Alice Springs","Adelaide","Alice Springs","Virgin Australia","Feb-20",7,7,0,5,5,2,2,2020,2
"Adelaide-Brisbane","Adelaide","Brisbane","Virgin Australia","Feb-20",105,105,0,90,87,15,18,2020,2
"Adelaide-Canberra","Adelaide","Canberra","Virgin Australia","Feb-20",25,25,0,20,20,5,5,2020,2
"Adelaide-Gold Coast","Adelaide","Gold Coast","Virgin Australia","Feb-20",30,30,0,30,28,0,2,2020,2
"Adelaide-Melbourne","Adelaide","Melbourne","Virgin Australia","Feb-20",259,254,5,213,206,41,48,2020,2
"Adelaide-Perth","Adelaide","Perth","Virgin Australia","Feb-20",36,36,0,32,33,4,3,2020,2
"Adelaide-Sydney","Adelaide","Sydney","Virgin Australia","Feb-20",155,148,7,134,127,14,21,2020,2
"Albury-Sydney","Albury","Sydney","Virgin Australia","Feb-20",43,43,0,30,29,13,14,2020,2
"Alice Springs-Adelaide","Alice Springs","Adelaide","Virgin Australia","Feb-20",7,7,0,5,5,2,2,2020,2
"Ayers Rock-Sydney","Ayers Rock","Sydney","Virgin Australia","Feb-20",29,28,1,23,26,5,2,2020,2
"Ballina-Sydney","Ballina","Sydney","Virgin Australia","Feb-20",29,28,1,20,22,8,6,2020,2
"Brisbane-Adelaide","Brisbane","Adelaide","Virgin Australia","Feb-20",104,104,0,81,84,23,20,2020,2
"Brisbane-Bundaberg","Brisbane","Bundaberg","Virgin Australia","Feb-20",29,29,0,25,21,4,8,2020,2
"Brisbane-Cairns","Brisbane","Cairns","Virgin Australia","Feb-20",115,114,1,92,90,22,24,2020,2
"Brisbane-Canberra","Brisbane","Canberra","Virgin Australia","Feb-20",86,86,0,64,68,22,18,2020,2
"Brisbane-Darwin","Brisbane","Darwin","Virgin Australia","Feb-20",29,29,0,23,19,6,10,2020,2
"Brisbane-Emerald","Brisbane","Emerald","Virgin Australia","Feb-20",46,46,0,40,41,6,5,2020,2
"Brisbane-Gladstone","Brisbane","Gladstone","Virgin Australia","Feb-20",69,69,0,66,60,3,9,2020,2
"Brisbane-Hamilton Island","Brisbane","Hamilton Island","Virgin Australia","Feb-20",29,29,0,26,27,3,2,2020,2
"Brisbane-Hobart","Brisbane","Hobart","Virgin Australia","Feb-20",37,36,1,31,33,5,3,2020,2
"Brisbane-Mackay","Brisbane","Mackay","Virgin Australia","Feb-20",129,129,0,105,91,24,38,2020,2
"Brisbane-Melbourne","Brisbane","Melbourne","Virgin Australia","Feb-20",328,308,20,237,229,71,79,2020,2
"Brisbane-Mount Isa","Brisbane","Mount Isa","Virgin Australia","Feb-20",16,16,0,15,16,1,0,2020,2
"Brisbane-Newcastle","Brisbane","Newcastle","Virgin Australia","Feb-20",81,81,0,69,65,12,16,2020,2
"Brisbane-Perth","Brisbane","Perth","Virgin Australia","Feb-20",102,102,0,60,54,42,48,2020,2
"Brisbane-Proserpine","Brisbane","Proserpine","Virgin Australia","Feb-20",33,33,0,30,29,3,4,2020,2
"Brisbane-Rockhampton","Brisbane","Rockhampton","Virgin Australia","Feb-20",126,125,1,99,92,26,33,2020,2
"Brisbane-Sydney","Brisbane","Sydney","Virgin Australia","Feb-20",473,446,27,349,322,97,124,2020,2
"Brisbane-Townsville","Brisbane","Townsville","Virgin Australia","Feb-20",133,132,1,95,89,37,43,2020,2
"Broome-Perth","Broome","Perth","Virgin Australia","Feb-20",8,8,0,7,7,1,1,2020,2
"Bundaberg-Brisbane","Bundaberg","Brisbane","Virgin Australia","Feb-20",29,29,0,20,20,9,9,2020,2
"Cairns-Brisbane","Cairns","Brisbane","Virgin Australia","Feb-20",115,114,1,98,96,16,18,2020,2
"Cairns-Melbourne","Cairns","Melbourne","Virgin Australia","Feb-20",29,29,0,27,25,2,4,2020,2
"Cairns-Sydney","Cairns","Sydney","Virgin Australia","Feb-20",78,75,3,61,62,14,13,2020,2
"Canberra-Adelaide","Canberra","Adelaide","Virgin Australia","Feb-20",25,25,0,19,19,6,6,2020,2
"Canberra-Brisbane","Canberra","Brisbane","Virgin Australia","Feb-20",86,86,0,75,71,11,15,2020,2
"Canberra-Melbourne","Canberra","Melbourne","Virgin Australia","Feb-20",153,151,2,126,120,25,31,2020,2
"Canberra-Sydney","Canberra","Sydney","Virgin Australia","Feb-20",220,210,10,180,171,30,39,2020,2
"Coffs Harbour-Sydney","Coffs Harbour","Sydney","Virgin Australia","Feb-20",29,29,0,23,24,6,5,2020,2
"Darwin-Brisbane","Darwin","Brisbane","Virgin Australia","Feb-20",29,29,0,25,20,4,9,2020,2
"Darwin-Melbourne","Darwin","Melbourne","Virgin Australia","Feb-20",29,29,0,24,24,5,5,2020,2
"Darwin-Perth","Darwin","Perth","Virgin Australia","Feb-20",15,15,0,12,11,3,4,2020,2
"Darwin-Sydney","Darwin","Sydney","Virgin Australia","Feb-20",16,15,1,14,12,1,3,2020,2
"Emerald-Brisbane","Emerald","Brisbane","Virgin Australia","Feb-20",45,45,0,38,40,7,5,2020,2
"Gladstone-Brisbane","Gladstone","Brisbane","Virgin Australia","Feb-20",69,69,0,59,55,10,14,2020,2
"Gold Coast-Adelaide","Gold Coast","Adelaide","Virgin Australia","Feb-20",30,30,0,22,27,8,3,2020,2
"Gold Coast-Melbourne","Gold Coast","Melbourne","Virgin Australia","Feb-20",178,178,0,119,139,59,39,2020,2
"Gold Coast-Sydney","Gold Coast","Sydney","Virgin Australia","Feb-20",224,220,4,139,151,81,69,2020,2
"Hamilton Island-Brisbane","Hamilton Island","Brisbane","Virgin Australia","Feb-20",29,29,0,26,27,3,2,2020,2
"Hamilton Island-Sydney","Hamilton Island","Sydney","Virgin Australia","Feb-20",22,21,1,17,17,4,4,2020,2
"Hobart-Brisbane","Hobart","Brisbane","Virgin Australia","Feb-20",38,37,1,35,31,2,6,2020,2
"Hobart-Melbourne","Hobart","Melbourne","Virgin Australia","Feb-20",137,137,0,111,94,26,43,2020,2
"Hobart-Sydney","Hobart","Sydney","Virgin Australia","Feb-20",66,64,2,54,43,10,21,2020,2
"Kalgoorlie-Perth","Kalgoorlie","Perth","Virgin Australia","Feb-20",15,15,0,13,13,2,2,2020,2
"Karratha-Perth","Karratha","Perth","Virgin Australia","Feb-20",9,9,0,7,6,2,3,2020,2
"Launceston-Melbourne","Launceston","Melbourne","Virgin Australia","Feb-20",92,92,0,77,72,15,20,2020,2
"Launceston-Sydney","Launceston","Sydney","Virgin Australia","Feb-20",27,27,0,25,24,2,3,2020,2
"Mackay-Brisbane","Mackay","Brisbane","Virgin Australia","Feb-20",129,129,0,102,103,27,26,2020,2
"Melbourne-Adelaide","Melbourne","Adelaide","Virgin Australia","Feb-20",259,254,5,213,196,41,58,2020,2
"Melbourne-Brisbane","Melbourne","Brisbane","Virgin Australia","Feb-20",326,309,17,269,241,40,68,2020,2
"Melbourne-Cairns","Melbourne","Cairns","Virgin Australia","Feb-20",29,29,0,28,28,1,1,2020,2
"Melbourne-Canberra","Melbourne","Canberra","Virgin Australia","Feb-20",152,150,2,125,118,25,32,2020,2
"Melbourne-Darwin","Melbourne","Darwin","Virgin Australia","Feb-20",28,28,0,22,21,6,7,2020,2
"Melbourne-Gold Coast","Melbourne","Gold Coast","Virgin Australia","Feb-20",178,178,0,154,122,24,56,2020,2
"Melbourne-Hobart","Melbourne","Hobart","Virgin Australia","Feb-20",137,137,0,114,109,23,28,2020,2
"Melbourne-Launceston","Melbourne","Launceston","Virgin Australia","Feb-20",91,91,0,74,71,17,20,2020,2
"Melbourne-Mildura","Melbourne","Mildura","Virgin Australia","Feb-20",29,29,0,28,25,1,4,2020,2
"Melbourne-Newcastle","Melbourne","Newcastle","Virgin Australia","Feb-20",29,29,0,26,19,3,10,2020,2
"Melbourne-Perth","Melbourne","Perth","Virgin Australia","Feb-20",134,134,0,100,100,34,34,2020,2
"Melbourne-Sunshine Coast","Melbourne","Sunshine Coast","Virgin Australia","Feb-20",60,60,0,49,46,11,14,2020,2
"Melbourne-Sydney","Melbourne","Sydney","Virgin Australia","Feb-20",675,619,56,532,451,87,168,2020,2
"Mildura-Melbourne","Mildura","Melbourne","Virgin Australia","Feb-20",29,29,0,26,24,3,5,2020,2
"Mount Isa-Brisbane","Mount Isa","Brisbane","Virgin Australia","Feb-20",12,12,0,11,10,1,2,2020,2
"Newcastle-Brisbane","Newcastle","Brisbane","Virgin Australia","Feb-20",82,82,0,69,63,13,19,2020,2
"Newcastle-Melbourne","Newcastle","Melbourne","Virgin Australia","Feb-20",29,29,0,22,20,7,9,2020,2
"Newman-Perth","Newman","Perth","Virgin Australia","Feb-20",12,12,0,10,10,2,2,2020,2
"Perth-Adelaide","Perth","Adelaide","Virgin Australia","Feb-20",36,36,0,30,29,6,7,2020,2
"Perth-Brisbane","Perth","Brisbane","Virgin Australia","Feb-20",101,101,0,76,86,25,15,2020,2
"Perth-Broome","Perth","Broome","Virgin Australia","Feb-20",8,8,0,6,6,2,2,2020,2
"Perth-Darwin","Perth","Darwin","Virgin Australia","Feb-20",15,15,0,13,12,2,3,2020,2
"Perth-Kalgoorlie","Perth","Kalgoorlie","Virgin Australia","Feb-20",15,15,0,14,13,1,2,2020,2
"Perth-Karratha","Perth","Karratha","Virgin Australia","Feb-20",9,9,0,8,8,1,1,2020,2
"Perth-Melbourne","Perth","Melbourne","Virgin Australia","Feb-20",134,134,0,120,111,14,23,2020,2
"Perth-Newman","Perth","Newman","Virgin Australia","Feb-20",12,12,0,11,12,1,0,2020,2
"Perth-Port Hedland","Perth","Port Hedland","Virgin Australia","Feb-20",9,9,0,9,9,0,0,2020,2
"Perth-Sydney","Perth","Sydney","Virgin Australia","Feb-20",112,111,1,100,90,11,21,2020,2
"Port Hedland-Perth","Port Hedland","Perth","Virgin Australia","Feb-20",9,9,0,8,8,1,1,2020,2
"Port Macquarie-Sydney","Port Macquarie","Sydney","Virgin Australia","Feb-20",45,44,1,27,29,17,15,2020,2
"Proserpine-Brisbane","Proserpine","Brisbane","Virgin Australia","Feb-20",33,33,0,25,26,8,7,2020,2
"Rockhampton-Brisbane","Rockhampton","Brisbane","Virgin Australia","Feb-20",127,126,1,104,103,22,23,2020,2
"Sunshine Coast-Melbourne","Sunshine Coast","Melbourne","Virgin Australia","Feb-20",60,60,0,43,43,17,17,2020,2
"Sunshine Coast-Sydney","Sunshine Coast","Sydney","Virgin Australia","Feb-20",50,50,0,35,32,15,18,2020,2
"Sydney-Adelaide","Sydney","Adelaide","Virgin Australia","Feb-20",155,148,7,109,119,39,29,2020,2
"Sydney-Albury","Sydney","Albury","Virgin Australia","Feb-20",43,43,0,31,32,12,11,2020,2
"Sydney-Ayers Rock","Sydney","Ayers Rock","Virgin Australia","Feb-20",29,28,1,25,27,3,1,2020,2
"Sydney-Ballina","Sydney","Ballina","Virgin Australia","Feb-20",29,28,1,25,25,3,3,2020,2
"Sydney-Brisbane","Sydney","Brisbane","Virgin Australia","Feb-20",474,444,30,335,306,109,138,2020,2
"Sydney-Cairns","Sydney","Cairns","Virgin Australia","Feb-20",77,74,3,53,50,21,24,2020,2
"Sydney-Canberra","Sydney","Canberra","Virgin Australia","Feb-20",220,209,11,158,163,51,46,2020,2
"Sydney-Coffs Harbour","Sydney","Coffs Harbour","Virgin Australia","Feb-20",29,29,0,25,21,4,8,2020,2
"Sydney-Darwin","Sydney","Darwin","Virgin Australia","Feb-20",16,15,1,13,13,2,2,2020,2
"Sydney-Gold Coast","Sydney","Gold Coast","Virgin Australia","Feb-20",224,221,3,171,155,50,66,2020,2
"Sydney-Hamilton Island","Sydney","Hamilton Island","Virgin Australia","Feb-20",22,22,0,20,20,2,2,2020,2
"Sydney-Hobart","Sydney","Hobart","Virgin Australia","Feb-20",65,64,1,54,59,10,5,2020,2
"Sydney-Launceston","Sydney","Launceston","Virgin Australia","Feb-20",27,27,0,18,22,9,5,2020,2
"Sydney-Melbourne","Sydney","Melbourne","Virgin Australia","Feb-20",672,619,53,477,459,142,160,2020,2
"Sydney-Perth","Sydney","Perth","Virgin Australia","Feb-20",112,110,2,73,86,37,24,2020,2
"Sydney-Port Macquarie","Sydney","Port Macquarie","Virgin Australia","Feb-20",45,44,1,30,32,14,12,2020,2
"Sydney-Sunshine Coast","Sydney","Sunshine Coast","Virgin Australia","Feb-20",50,50,0,32,33,18,17,2020,2
"Sydney-Tamworth","Sydney","Tamworth","Virgin Australia","Feb-20",48,48,0,34,33,14,15,2020,2
"Sydney-Townsville","Sydney","Townsville","Virgin Australia","Feb-20",17,16,1,10,11,6,5,2020,2
"Tamworth-Sydney","Tamworth","Sydney","Virgin Australia","Feb-20",49,49,0,41,39,8,10,2020,2
"Townsville-Brisbane","Townsville","Brisbane","Virgin Australia","Feb-20",132,132,0,106,110,26,22,2020,2
"Townsville-Sydney","Townsville","Sydney","Virgin Australia","Feb-20",17,16,1,10,14,6,2,2020,2
"Adelaide-Alice Springs","Adelaide","Alice Springs","Virgin Australia Regional Airlines","Feb-20",13,13,0,7,8,6,5,2020,2
"Adelaide-Melbourne","Adelaide","Melbourne","Virgin Australia Regional Airlines","Feb-20",6,6,0,2,2,4,4,2020,2
"Adelaide-Perth","Adelaide","Perth","Virgin Australia Regional Airlines","Feb-20",26,24,2,14,9,10,15,2020,2
"Alice Springs-Adelaide","Alice Springs","Adelaide","Virgin Australia Regional Airlines","Feb-20",13,13,0,8,8,5,5,2020,2
"Broome-Perth","Broome","Perth","Virgin Australia Regional Airlines","Feb-20",45,45,0,33,34,12,11,2020,2
"Darwin-Perth","Darwin","Perth","Virgin Australia Regional Airlines","Feb-20",14,14,0,10,13,4,1,2020,2
"Kalgoorlie-Perth","Kalgoorlie","Perth","Virgin Australia Regional Airlines","Feb-20",62,61,1,50,51,11,10,2020,2
"Karratha-Perth","Karratha","Perth","Virgin Australia Regional Airlines","Feb-20",56,51,5,34,33,17,18,2020,2
"Melbourne-Adelaide","Melbourne","Adelaide","Virgin Australia Regional Airlines","Feb-20",6,6,0,4,4,2,2,2020,2
"Newman-Perth","Newman","Perth","Virgin Australia Regional Airlines","Feb-20",24,24,0,18,16,6,8,2020,2
"Perth-Adelaide","Perth","Adelaide","Virgin Australia Regional Airlines","Feb-20",27,26,1,23,17,3,9,2020,2
"Perth-Broome","Perth","Broome","Virgin Australia Regional Airlines","Feb-20",45,45,0,36,32,9,13,2020,2
"Perth-Darwin","Perth","Darwin","Virgin Australia Regional Airlines","Feb-20",14,14,0,13,13,1,1,2020,2
"Perth-Kalgoorlie","Perth","Kalgoorlie","Virgin Australia Regional Airlines","Feb-20",62,61,1,52,48,9,13,2020,2
"Perth-Karratha","Perth","Karratha","Virgin Australia Regional Airlines","Feb-20",56,51,5,45,41,6,10,2020,2
"Perth-Newman","Perth","Newman","Virgin Australia Regional Airlines","Feb-20",24,24,0,20,18,4,6,2020,2
"Perth-Port Hedland","Perth","Port Hedland","Virgin Australia Regional Airlines","Feb-20",40,38,2,35,34,3,4,2020,2
"Port Hedland-Perth","Port Hedland","Perth","Virgin Australia Regional Airlines","Feb-20",40,38,2,34,32,4,6,2020,2
"Adelaide-Alice Springs","Adelaide","Alice Springs","All Airlines","Feb-20",49,49,0,38,40,11,9,2020,2
"Adelaide-Brisbane","Adelaide","Brisbane","All Airlines","Feb-20",248,248,0,213,204,35,44,2020,2
"Adelaide-Canberra","Adelaide","Canberra","All Airlines","Feb-20",71,69,2,63,60,6,9,2020,2
"Adelaide-Gold Coast","Adelaide","Gold Coast","All Airlines","Feb-20",55,55,0,41,38,14,17,2020,2
"Adelaide-Melbourne","Adelaide","Melbourne","All Airlines","Feb-20",706,683,23,544,534,139,149,2020,2
"Adelaide-Perth","Adelaide","Perth","All Airlines","Feb-20",198,196,2,169,167,27,29,2020,2
"Adelaide-Port Lincoln","Adelaide","Port Lincoln","All Airlines","Feb-20",280,278,2,254,253,24,25,2020,2
"Adelaide-Sydney","Adelaide","Sydney","All Airlines","Feb-20",512,495,17,396,364,99,131,2020,2
"Albury-Sydney","Albury","Sydney","All Airlines","Feb-20",232,229,3,173,156,56,73,2020,2
"Alice Springs-Adelaide","Alice Springs","Adelaide","All Airlines","Feb-20",49,49,0,38,38,11,11,2020,2
"Armidale-Sydney","Armidale","Sydney","All Airlines","Feb-20",179,167,12,105,100,62,67,2020,2
"Ayers Rock-Sydney","Ayers Rock","Sydney","All Airlines","Feb-20",53,52,1,34,38,18,14,2020,2
"Ballina-Sydney","Ballina","Sydney","All Airlines","Feb-20",129,123,6,71,82,52,41,2020,2
"Brisbane-Adelaide","Brisbane","Adelaide","All Airlines","Feb-20",247,247,0,195,200,52,47,2020,2
"Brisbane-Bundaberg","Brisbane","Bundaberg","All Airlines","Feb-20",137,136,1,114,101,22,35,2020,2
"Brisbane-Cairns","Brisbane","Cairns","All Airlines","Feb-20",364,361,3,285,288,76,73,2020,2
"Brisbane-Canberra","Brisbane","Canberra","All Airlines","Feb-20",248,247,1,192,202,55,45,2020,2
"Brisbane-Darwin","Brisbane","Darwin","All Airlines","Feb-20",75,75,0,61,59,14,16,2020,2
"Brisbane-Emerald","Brisbane","Emerald","All Airlines","Feb-20",164,162,2,144,142,18,20,2020,2
"Brisbane-Gladstone","Brisbane","Gladstone","All Airlines","Feb-20",200,200,0,168,154,32,46,2020,2
"Brisbane-Hamilton Island","Brisbane","Hamilton Island","All Airlines","Feb-20",58,58,0,44,45,14,13,2020,2
"Brisbane-Hobart","Brisbane","Hobart","All Airlines","Feb-20",66,65,1,57,62,8,3,2020,2
"Brisbane-Mackay","Brisbane","Mackay","All Airlines","Feb-20",292,292,0,237,211,55,81,2020,2
"Brisbane-Melbourne","Brisbane","Melbourne","All Airlines","Feb-20",923,890,33,656,655,234,235,2020,2
"Brisbane-Mount Isa","Brisbane","Mount Isa","All Airlines","Feb-20",69,69,0,60,64,9,5,2020,2
"Brisbane-Newcastle","Brisbane","Newcastle","All Airlines","Feb-20",231,226,5,174,164,52,62,2020,2
"Brisbane-Perth","Brisbane","Perth","All Airlines","Feb-20",242,242,0,158,148,84,94,2020,2
"Brisbane-Proserpine","Brisbane","Proserpine","All Airlines","Feb-20",62,62,0,52,51,10,11,2020,2
"Brisbane-Rockhampton","Brisbane","Rockhampton","All Airlines","Feb-20",294,293,1,237,221,56,72,2020,2
"Brisbane-Sydney","Brisbane","Sydney","All Airlines","Feb-20",1305,1221,84,965,873,256,348,2020,2
"Brisbane-Townsville","Brisbane","Townsville","All Airlines","Feb-20",318,317,1,243,231,74,86,2020,2
"Broome-Perth","Broome","Perth","All Airlines","Feb-20",134,133,1,103,105,30,28,2020,2
"Bundaberg-Brisbane","Bundaberg","Brisbane","All Airlines","Feb-20",136,136,0,100,99,36,37,2020,2
"Cairns-Brisbane","Cairns","Brisbane","All Airlines","Feb-20",365,362,3,299,293,63,69,2020,2
"Cairns-Melbourne","Cairns","Melbourne","All Airlines","Feb-20",153,151,2,123,115,28,36,2020,2
"Cairns-Sydney","Cairns","Sydney","All Airlines","Feb-20",236,227,9,191,185,36,42,2020,2
"Cairns-Townsville","Cairns","Townsville","All Airlines","Feb-20",138,137,1,122,123,15,14,2020,2
"Canberra-Adelaide","Canberra","Adelaide","All Airlines","Feb-20",70,69,1,60,61,9,8,2020,2
"Canberra-Brisbane","Canberra","Brisbane","All Airlines","Feb-20",249,247,2,206,192,41,55,2020,2
"Canberra-Melbourne","Canberra","Melbourne","All Airlines","Feb-20",462,452,10,384,371,68,81,2020,2
"Canberra-Sydney","Canberra","Sydney","All Airlines","Feb-20",678,641,37,502,475,139,166,2020,2
"Coffs Harbour-Sydney","Coffs Harbour","Sydney","All Airlines","Feb-20",176,174,2,120,113,54,61,2020,2
"Darwin-Brisbane","Darwin","Brisbane","All Airlines","Feb-20",75,75,0,61,54,14,21,2020,2
"Darwin-Melbourne","Darwin","Melbourne","All Airlines","Feb-20",70,70,0,59,60,11,10,2020,2
"Darwin-Perth","Darwin","Perth","All Airlines","Feb-20",58,58,0,46,47,12,11,2020,2
"Darwin-Sydney","Darwin","Sydney","All Airlines","Feb-20",59,58,1,41,35,17,23,2020,2
"Dubbo-Sydney","Dubbo","Sydney","All Airlines","Feb-20",234,228,6,161,150,67,78,2020,2
"Emerald-Brisbane","Emerald","Brisbane","All Airlines","Feb-20",162,160,2,136,136,24,24,2020,2
"Gladstone-Brisbane","Gladstone","Brisbane","All Airlines","Feb-20",200,200,0,149,144,51,56,2020,2
"Gold Coast-Adelaide","Gold Coast","Adelaide","All Airlines","Feb-20",55,55,0,42,46,13,9,2020,2
"Gold Coast-Melbourne","Gold Coast","Melbourne","All Airlines","Feb-20",402,401,1,251,291,150,110,2020,2
"Gold Coast-Sydney","Gold Coast","Sydney","All Airlines","Feb-20",679,658,21,407,434,251,224,2020,2
"Hamilton Island-Brisbane","Hamilton Island","Brisbane","All Airlines","Feb-20",58,56,2,44,44,12,12,2020,2
"Hamilton Island-Sydney","Hamilton Island","Sydney","All Airlines","Feb-20",68,67,1,53,54,14,13,2020,2
"Hobart-Brisbane","Hobart","Brisbane","All Airlines","Feb-20",67,66,1,61,55,5,11,2020,2
"Hobart-Melbourne","Hobart","Melbourne","All Airlines","Feb-20",472,464,8,339,304,125,160,2020,2
"Hobart-Sydney","Hobart","Sydney","All Airlines","Feb-20",239,235,4,184,142,51,93,2020,2
"Kalgoorlie-Perth","Kalgoorlie","Perth","All Airlines","Feb-20",154,151,3,124,124,27,27,2020,2
"Karratha-Perth","Karratha","Perth","All Airlines","Feb-20",240,219,21,174,172,45,47,2020,2
"Launceston-Melbourne","Launceston","Melbourne","All Airlines","Feb-20",344,338,6,260,246,78,92,2020,2
"Launceston-Sydney","Launceston","Sydney","All Airlines","Feb-20",82,81,1,60,58,21,23,2020,2
"Mackay-Brisbane","Mackay","Brisbane","All Airlines","Feb-20",289,289,0,217,224,72,65,2020,2
"Melbourne-Adelaide","Melbourne","Adelaide","All Airlines","Feb-20",706,686,20,545,525,141,161,2020,2
"Melbourne-Brisbane","Melbourne","Brisbane","All Airlines","Feb-20",920,889,31,732,651,157,238,2020,2
"Melbourne-Cairns","Melbourne","Cairns","All Airlines","Feb-20",154,153,1,134,140,19,13,2020,2
"Melbourne-Canberra","Melbourne","Canberra","All Airlines","Feb-20",461,449,12,381,368,68,81,2020,2
"Melbourne-Darwin","Melbourne","Darwin","All Airlines","Feb-20",69,69,0,61,60,8,9,2020,2
"Melbourne-Gold Coast","Melbourne","Gold Coast","All Airlines","Feb-20",401,400,1,324,267,76,133,2020,2
"Melbourne-Hobart","Melbourne","Hobart","All Airlines","Feb-20",472,467,5,363,358,104,109,2020,2
"Melbourne-Launceston","Melbourne","Launceston","All Airlines","Feb-20",342,337,5,262,263,75,74,2020,2
"Melbourne-Mildura","Melbourne","Mildura","All Airlines","Feb-20",188,185,3,159,154,26,31,2020,2
"Melbourne-Newcastle","Melbourne","Newcastle","All Airlines","Feb-20",114,114,0,84,74,30,40,2020,2
"Melbourne-Perth","Melbourne","Perth","All Airlines","Feb-20",413,406,7,308,312,98,94,2020,2
"Melbourne-Sunshine Coast","Melbourne","Sunshine Coast","All Airlines","Feb-20",118,118,0,99,94,19,24,2020,2
"Melbourne-Sydney","Melbourne","Sydney","All Airlines","Feb-20",2335,2111,224,1677,1433,434,678,2020,2
"Mildura-Melbourne","Mildura","Melbourne","All Airlines","Feb-20",188,184,4,145,131,39,53,2020,2
"Mount Isa-Brisbane","Mount Isa","Brisbane","All Airlines","Feb-20",65,65,0,58,55,7,10,2020,2
"Newcastle-Brisbane","Newcastle","Brisbane","All Airlines","Feb-20",233,227,6,179,169,48,58,2020,2
"Newcastle-Melbourne","Newcastle","Melbourne","All Airlines","Feb-20",114,114,0,84,84,30,30,2020,2
"Newman-Perth","Newman","Perth","All Airlines","Feb-20",168,163,5,129,127,34,36,2020,2
"Perth-Adelaide","Perth","Adelaide","All Airlines","Feb-20",199,197,2,158,156,39,41,2020,2
"Perth-Brisbane","Perth","Brisbane","All Airlines","Feb-20",241,241,0,185,202,56,39,2020,2
"Perth-Broome","Perth","Broome","All Airlines","Feb-20",135,135,0,112,104,23,31,2020,2
"Perth-Darwin","Perth","Darwin","All Airlines","Feb-20",58,58,0,53,51,5,7,2020,2
"Perth-Kalgoorlie","Perth","Kalgoorlie","All Airlines","Feb-20",154,152,2,128,121,24,31,2020,2
"Perth-Karratha","Perth","Karratha","All Airlines","Feb-20",239,219,20,186,178,33,41,2020,2
"Perth-Melbourne","Perth","Melbourne","All Airlines","Feb-20",415,408,7,341,341,67,67,2020,2
"Perth-Newman","Perth","Newman","All Airlines","Feb-20",170,165,5,140,135,25,30,2020,2
"Perth-Port Hedland","Perth","Port Hedland","All Airlines","Feb-20",190,177,13,156,150,21,27,2020,2
"Perth-Sydney","Perth","Sydney","All Airlines","Feb-20",355,351,4,286,272,65,79,2020,2
"Port Hedland-Perth","Port Hedland","Perth","All Airlines","Feb-20",190,174,16,142,136,32,38,2020,2
"Port Lincoln-Adelaide","Port Lincoln","Adelaide","All Airlines","Feb-20",279,277,2,251,243,26,34,2020,2
"Port Macquarie-Sydney","Port Macquarie","Sydney","All Airlines","Feb-20",152,147,5,103,104,44,43,2020,2
"Proserpine-Brisbane","Proserpine","Brisbane","All Airlines","Feb-20",62,61,1,43,43,18,18,2020,2
"Proserpine-Sydney","Proserpine","Sydney","All Airlines","Feb-20",14,14,0,7,9,7,5,2020,2
"Rockhampton-Brisbane","Rockhampton","Brisbane","All Airlines","Feb-20",300,299,1,240,235,59,64,2020,2
"Sunshine Coast-Melbourne","Sunshine Coast","Melbourne","All Airlines","Feb-20",118,118,0,81,83,37,35,2020,2
"Sunshine Coast-Sydney","Sunshine Coast","Sydney","All Airlines","Feb-20",167,166,1,100,99,66,67,2020,2
"Sydney-Adelaide","Sydney","Adelaide","All Airlines","Feb-20",514,496,18,358,374,138,122,2020,2
"Sydney-Albury","Sydney","Albury","All Airlines","Feb-20",233,230,3,167,172,63,58,2020,2
"Sydney-Armidale","Sydney","Armidale","All Airlines","Feb-20",172,165,7,125,119,40,46,2020,2
"Sydney-Ayers Rock","Sydney","Ayers Rock","All Airlines","Feb-20",54,53,1,34,46,19,7,2020,2
"Sydney-Ballina","Sydney","Ballina","All Airlines","Feb-20",128,126,2,96,90,30,36,2020,2
"Sydney-Brisbane","Sydney","Brisbane","All Airlines","Feb-20",1300,1219,81,909,833,310,386,2020,2
"Sydney-Cairns","Sydney","Cairns","All Airlines","Feb-20",235,225,10,174,179,51,46,2020,2
"Sydney-Canberra","Sydney","Canberra","All Airlines","Feb-20",679,650,29,496,497,154,153,2020,2
"Sydney-Coffs Harbour","Sydney","Coffs Harbour","All Airlines","Feb-20",176,174,2,124,116,50,58,2020,2
"Sydney-Darwin","Sydney","Darwin","All Airlines","Feb-20",59,58,1,39,47,19,11,2020,2
"Sydney-Dubbo","Sydney","Dubbo","All Airlines","Feb-20",236,230,6,171,168,59,62,2020,2
"Sydney-Gold Coast","Sydney","Gold Coast","All Airlines","Feb-20",676,657,19,452,430,205,227,2020,2
"Sydney-Hamilton Island","Sydney","Hamilton Island","All Airlines","Feb-20",67,67,0,56,56,11,11,2020,2
"Sydney-Hobart","Sydney","Hobart","All Airlines","Feb-20",237,235,2,175,189,60,46,2020,2
"Sydney-Launceston","Sydney","Launceston","All Airlines","Feb-20",81,81,0,61,66,20,15,2020,2
"Sydney-Melbourne","Sydney","Melbourne","All Airlines","Feb-20",2328,2105,223,1532,1495,573,610,2020,2
"Sydney-Perth","Sydney","Perth","All Airlines","Feb-20",355,351,4,236,271,115,80,2020,2
"Sydney-Port Macquarie","Sydney","Port Macquarie","All Airlines","Feb-20",153,149,4,99,96,50,53,2020,2
"Sydney-Proserpine","Sydney","Proserpine","All Airlines","Feb-20",14,14,0,9,11,5,3,2020,2
"Sydney-Sunshine Coast","Sydney","Sunshine Coast","All Airlines","Feb-20",166,165,1,102,108,63,57,2020,2
"Sydney-Tamworth","Sydney","Tamworth","All Airlines","Feb-20",183,177,6,125,118,52,59,2020,2
"Sydney-Townsville","Sydney","Townsville","All Airlines","Feb-20",33,32,1,21,21,11,11,2020,2
"Sydney-Wagga Wagga","Sydney","Wagga Wagga","All Airlines","Feb-20",215,213,2,165,171,48,42,2020,2
"Tamworth-Sydney","Tamworth","Sydney","All Airlines","Feb-20",179,172,7,118,120,54,52,2020,2
"Townsville-Brisbane","Townsville","Brisbane","All Airlines","Feb-20",318,317,1,247,248,70,69,2020,2
"Townsville-Cairns","Townsville","Cairns","All Airlines","Feb-20",139,138,1,120,121,18,17,2020,2
"Townsville-Sydney","Townsville","Sydney","All Airlines","Feb-20",33,32,1,20,24,12,8,2020,2
"Wagga Wagga-Sydney","Wagga Wagga","Sydney","All Airlines","Feb-20",216,213,3,168,149,45,64,2020,2
"Adelaide-Brisbane","Adelaide","Brisbane","Jetstar","Mar-20",22,16,6,14,15,2,1,2020,3
"Adelaide-Gold Coast","Adelaide","Gold Coast","Jetstar","Mar-20",24,21,3,13,14,8,7,2020,3
"Adelaide-Melbourne","Adelaide","Melbourne","Jetstar","Mar-20",107,68,39,50,55,18,13,2020,3
"Adelaide-Perth","Adelaide","Perth","Jetstar","Mar-20",23,17,6,16,17,1,0,2020,3
"Adelaide-Sydney","Adelaide","Sydney","Jetstar","Mar-20",114,82,32,66,69,16,13,2020,3
"Ayers Rock-Sydney","Ayers Rock","Sydney","Jetstar","Mar-20",28,22,6,14,17,8,5,2020,3
"Ballina-Sydney","Ballina","Sydney","Jetstar","Mar-20",79,61,18,48,51,13,10,2020,3
"Brisbane-Adelaide","Brisbane","Adelaide","Jetstar","Mar-20",22,17,5,16,17,1,0,2020,3
"Brisbane-Cairns","Brisbane","Cairns","Jetstar","Mar-20",74,59,15,48,48,11,11,2020,3
"Brisbane-Darwin","Brisbane","Darwin","Jetstar","Mar-20",13,10,3,10,10,0,0,2020,3
"Brisbane-Hobart","Brisbane","Hobart","Jetstar","Mar-20",29,23,6,22,21,1,2,2020,3
"Brisbane-Mackay","Brisbane","Mackay","Jetstar","Mar-20",30,27,3,26,24,1,3,2020,3
"Brisbane-Melbourne","Brisbane","Melbourne","Jetstar","Mar-20",119,85,34,62,66,23,19,2020,3
"Brisbane-Newcastle","Brisbane","Newcastle","Jetstar","Mar-20",68,50,18,37,38,13,12,2020,3
"Brisbane-Proserpine","Brisbane","Proserpine","Jetstar","Mar-20",30,25,5,24,24,1,1,2020,3
"Brisbane-Sydney","Brisbane","Sydney","Jetstar","Mar-20",136,93,43,78,76,15,17,2020,3
"Brisbane-Townsville","Brisbane","Townsville","Jetstar","Mar-20",42,35,7,31,29,4,6,2020,3
"Cairns-Brisbane","Cairns","Brisbane","Jetstar","Mar-20",76,61,15,53,55,8,6,2020,3
"Cairns-Melbourne","Cairns","Melbourne","Jetstar","Mar-20",60,48,12,39,42,9,6,2020,3
"Cairns-Sydney","Cairns","Sydney","Jetstar","Mar-20",71,53,18,46,50,7,3,2020,3
"Darwin-Brisbane","Darwin","Brisbane","Jetstar","Mar-20",13,10,3,8,9,2,1,2020,3
"Darwin-Melbourne","Darwin","Melbourne","Jetstar","Mar-20",16,12,4,7,8,5,4,2020,3
"Darwin-Sydney","Darwin","Sydney","Jetstar","Mar-20",19,15,4,12,10,3,5,2020,3
"Gold Coast-Adelaide","Gold Coast","Adelaide","Jetstar","Mar-20",24,21,3,17,18,4,3,2020,3
"Gold Coast-Melbourne","Gold Coast","Melbourne","Jetstar","Mar-20",132,101,31,71,79,30,22,2020,3
"Gold Coast-Sydney","Gold Coast","Sydney","Jetstar","Mar-20",252,177,75,136,143,41,34,2020,3
"Hamilton Island-Sydney","Hamilton Island","Sydney","Jetstar","Mar-20",18,14,4,12,13,2,1,2020,3
"Hobart-Brisbane","Hobart","Brisbane","Jetstar","Mar-20",29,23,6,21,20,2,3,2020,3
"Hobart-Melbourne","Hobart","Melbourne","Jetstar","Mar-20",193,136,57,85,92,51,44,2020,3
"Hobart-Sydney","Hobart","Sydney","Jetstar","Mar-20",101,74,27,63,48,11,26,2020,3
"Launceston-Melbourne","Launceston","Melbourne","Jetstar","Mar-20",129,91,38,68,64,23,27,2020,3
"Launceston-Sydney","Launceston","Sydney","Jetstar","Mar-20",58,41,17,26,30,15,11,2020,3
"Mackay-Brisbane","Mackay","Brisbane","Jetstar","Mar-20",31,28,3,20,21,8,7,2020,3
"Melbourne-Adelaide","Melbourne","Adelaide","Jetstar","Mar-20",110,69,41,47,50,22,19,2020,3
"Melbourne-Brisbane","Melbourne","Brisbane","Jetstar","Mar-20",117,87,30,65,70,22,17,2020,3
"Melbourne-Cairns","Melbourne","Cairns","Jetstar","Mar-20",54,48,6,44,42,4,6,2020,3
"Melbourne-Darwin","Melbourne","Darwin","Jetstar","Mar-20",16,12,4,8,8,4,4,2020,3
"Melbourne-Gold Coast","Melbourne","Gold Coast","Jetstar","Mar-20",133,101,32,78,79,23,22,2020,3
"Melbourne-Hobart","Melbourne","Hobart","Jetstar","Mar-20",193,136,57,103,98,33,38,2020,3
"Melbourne-Launceston","Melbourne","Launceston","Jetstar","Mar-20",128,90,38,68,68,22,22,2020,3
"Melbourne-Newcastle","Melbourne","Newcastle","Jetstar","Mar-20",93,67,26,54,54,13,13,2020,3
"Melbourne-Perth","Melbourne","Perth","Jetstar","Mar-20",54,42,12,38,40,4,2,2020,3
"Melbourne-Sunshine Coast","Melbourne","Sunshine Coast","Jetstar","Mar-20",60,48,12,38,40,10,8,2020,3
"Melbourne-Sydney","Melbourne","Sydney","Jetstar","Mar-20",425,279,146,216,211,63,68,2020,3
"Newcastle-Brisbane","Newcastle","Brisbane","Jetstar","Mar-20",68,49,19,40,36,9,13,2020,3
"Newcastle-Melbourne","Newcastle","Melbourne","Jetstar","Mar-20",93,66,27,53,54,13,12,2020,3
"Perth-Adelaide","Perth","Adelaide","Jetstar","Mar-20",23,17,6,15,15,2,2,2020,3
"Perth-Melbourne","Perth","Melbourne","Jetstar","Mar-20",49,40,9,36,36,4,4,2020,3
"Perth-Sydney","Perth","Sydney","Jetstar","Mar-20",27,23,4,19,22,4,1,2020,3
"Proserpine-Brisbane","Proserpine","Brisbane","Jetstar","Mar-20",30,25,5,20,20,5,5,2020,3
"Sunshine Coast-Melbourne","Sunshine Coast","Melbourne","Jetstar","Mar-20",61,48,13,31,36,17,12,2020,3
"Sunshine Coast-Sydney","Sunshine Coast","Sydney","Jetstar","Mar-20",66,52,14,31,33,21,19,2020,3
"Sydney-Adelaide","Sydney","Adelaide","Jetstar","Mar-20",115,80,35,64,64,16,16,2020,3
"Sydney-Ayers Rock","Sydney","Ayers Rock","Jetstar","Mar-20",26,21,5,18,17,3,4,2020,3
"Sydney-Ballina","Sydney","Ballina","Jetstar","Mar-20",78,60,18,53,52,7,8,2020,3
"Sydney-Brisbane","Sydney","Brisbane","Jetstar","Mar-20",135,93,42,67,71,26,22,2020,3
"Sydney-Cairns","Sydney","Cairns","Jetstar","Mar-20",72,54,18,43,50,11,4,2020,3
"Sydney-Darwin","Sydney","Darwin","Jetstar","Mar-20",19,15,4,11,12,4,3,2020,3
"Sydney-Gold Coast","Sydney","Gold Coast","Jetstar","Mar-20",249,177,72,158,154,19,23,2020,3
"Sydney-Hamilton Island","Sydney","Hamilton Island","Jetstar","Mar-20",18,12,6,10,12,2,0,2020,3
"Sydney-Hobart","Sydney","Hobart","Jetstar","Mar-20",100,73,27,62,67,11,6,2020,3
"Sydney-Launceston","Sydney","Launceston","Jetstar","Mar-20",57,41,16,38,39,3,2,2020,3
"Sydney-Melbourne","Sydney","Melbourne","Jetstar","Mar-20",425,279,146,216,217,63,62,2020,3
"Sydney-Perth","Sydney","Perth","Jetstar","Mar-20",27,23,4,17,23,6,0,2020,3
"Sydney-Sunshine Coast","Sydney","Sunshine Coast","Jetstar","Mar-20",65,51,14,39,38,12,13,2020,3
"Sydney-Townsville","Sydney","Townsville","Jetstar","Mar-20",18,16,2,14,14,2,2,2020,3
"Townsville-Brisbane","Townsville","Brisbane","Jetstar","Mar-20",42,35,7,27,31,8,4,2020,3
"Townsville-Sydney","Townsville","Sydney","Jetstar","Mar-20",18,16,2,12,15,4,1,2020,3
"Adelaide-Alice Springs","Adelaide","Alice Springs","Qantas","Mar-20",31,31,0,29,28,2,3,2020,3
"Adelaide-Brisbane","Adelaide","Brisbane","Qantas","Mar-20",102,93,9,88,88,5,5,2020,3
"Adelaide-Canberra","Adelaide","Canberra","Qantas","Mar-20",42,38,4,37,37,1,1,2020,3
"Adelaide-Melbourne","Adelaide","Melbourne","Qantas","Mar-20",281,252,29,214,219,38,33,2020,3
"Adelaide-Perth","Adelaide","Perth","Qantas","Mar-20",111,102,9,90,89,12,13,2020,3
"Adelaide-Sydney","Adelaide","Sydney","Qantas","Mar-20",230,213,17,184,181,29,32,2020,3
"Alice Springs-Adelaide","Alice Springs","Adelaide","Qantas","Mar-20",31,31,0,26,26,5,5,2020,3
"Brisbane-Adelaide","Brisbane","Adelaide","Qantas","Mar-20",105,92,13,80,81,12,11,2020,3
"Brisbane-Cairns","Brisbane","Cairns","Qantas","Mar-20",33,25,8,25,24,0,1,2020,3
"Brisbane-Darwin","Brisbane","Darwin","Qantas","Mar-20",29,29,0,21,23,8,6,2020,3
"Brisbane-Melbourne","Brisbane","Melbourne","Qantas","Mar-20",378,331,47,282,275,49,56,2020,3
"Brisbane-Perth","Brisbane","Perth","Qantas","Mar-20",142,139,3,111,114,28,25,2020,3
"Brisbane-Sydney","Brisbane","Sydney","Qantas","Mar-20",574,483,91,450,440,33,43,2020,3
"Brisbane-Townsville","Brisbane","Townsville","Qantas","Mar-20",42,37,5,33,34,4,3,2020,3
"Cairns-Brisbane","Cairns","Brisbane","Qantas","Mar-20",32,25,7,24,25,1,0,2020,3
"Cairns-Melbourne","Cairns","Melbourne","Qantas","Mar-20",33,32,1,28,28,4,4,2020,3
"Cairns-Sydney","Cairns","Sydney","Qantas","Mar-20",54,54,0,47,47,7,7,2020,3
"Canberra-Adelaide","Canberra","Adelaide","Qantas","Mar-20",42,39,3,39,38,0,1,2020,3
"Canberra-Melbourne","Canberra","Melbourne","Qantas","Mar-20",228,182,46,171,162,11,20,2020,3
"Darwin-Brisbane","Darwin","Brisbane","Qantas","Mar-20",29,28,1,21,22,7,6,2020,3
"Darwin-Melbourne","Darwin","Melbourne","Qantas","Mar-20",28,27,1,21,23,6,4,2020,3
"Darwin-Perth","Darwin","Perth","Qantas","Mar-20",30,30,0,25,25,5,5,2020,3
"Darwin-Sydney","Darwin","Sydney","Qantas","Mar-20",32,32,0,25,26,7,6,2020,3
"Gold Coast-Melbourne","Gold Coast","Melbourne","Qantas","Mar-20",29,27,2,22,23,5,4,2020,3
"Gold Coast-Sydney","Gold Coast","Sydney","Qantas","Mar-20",56,52,4,44,45,8,7,2020,3
"Hamilton Island-Sydney","Hamilton Island","Sydney","Qantas","Mar-20",7,7,0,6,7,1,0,2020,3
"Hobart-Melbourne","Hobart","Melbourne","Qantas","Mar-20",105,100,5,88,87,12,13,2020,3
"Kalgoorlie-Perth","Kalgoorlie","Perth","Qantas","Mar-20",13,12,1,11,11,1,1,2020,3
"Karratha-Perth","Karratha","Perth","Qantas","Mar-20",65,63,2,63,62,0,1,2020,3
"Melbourne-Adelaide","Melbourne","Adelaide","Qantas","Mar-20",281,251,30,215,198,36,53,2020,3
"Melbourne-Brisbane","Melbourne","Brisbane","Qantas","Mar-20",379,329,50,298,286,31,43,2020,3
"Melbourne-Cairns","Melbourne","Cairns","Qantas","Mar-20",33,32,1,30,30,2,2,2020,3
"Melbourne-Canberra","Melbourne","Canberra","Qantas","Mar-20",229,183,46,166,163,17,20,2020,3
"Melbourne-Darwin","Melbourne","Darwin","Qantas","Mar-20",28,27,1,25,25,2,2,2020,3
"Melbourne-Gold Coast","Melbourne","Gold Coast","Qantas","Mar-20",29,27,2,25,25,2,2,2020,3
"Melbourne-Hobart","Melbourne","Hobart","Qantas","Mar-20",104,99,5,89,88,10,11,2020,3
"Melbourne-Perth","Melbourne","Perth","Qantas","Mar-20",193,187,6,157,142,30,45,2020,3
"Melbourne-Sydney","Melbourne","Sydney","Qantas","Mar-20",995,749,246,667,603,82,146,2020,3
"Newman-Perth","Newman","Perth","Qantas","Mar-20",52,50,2,50,50,0,0,2020,3
"Perth-Adelaide","Perth","Adelaide","Qantas","Mar-20",111,101,10,90,93,11,8,2020,3
"Perth-Brisbane","Perth","Brisbane","Qantas","Mar-20",142,140,2,114,124,26,16,2020,3
"Perth-Darwin","Perth","Darwin","Qantas","Mar-20",30,30,0,26,26,4,4,2020,3
"Perth-Kalgoorlie","Perth","Kalgoorlie","Qantas","Mar-20",13,12,1,11,11,1,1,2020,3
"Perth-Karratha","Perth","Karratha","Qantas","Mar-20",65,63,2,59,59,4,4,2020,3
"Perth-Melbourne","Perth","Melbourne","Qantas","Mar-20",195,189,6,168,169,21,20,2020,3
"Perth-Newman","Perth","Newman","Qantas","Mar-20",52,50,2,50,50,0,0,2020,3
"Perth-Port Hedland","Perth","Port Hedland","Qantas","Mar-20",37,36,1,33,34,3,2,2020,3
"Perth-Sydney","Perth","Sydney","Qantas","Mar-20",199,192,7,159,163,33,29,2020,3
"Port Hedland-Perth","Port Hedland","Perth","Qantas","Mar-20",37,36,1,32,34,4,2,2020,3
"Sydney-Adelaide","Sydney","Adelaide","Qantas","Mar-20",230,212,18,181,182,31,30,2020,3
"Sydney-Brisbane","Sydney","Brisbane","Qantas","Mar-20",573,489,84,427,422,62,67,2020,3
"Sydney-Cairns","Sydney","Cairns","Qantas","Mar-20",54,54,0,43,46,11,8,2020,3
"Sydney-Darwin","Sydney","Darwin","Qantas","Mar-20",32,32,0,20,25,12,7,2020,3
"Sydney-Gold Coast","Sydney","Gold Coast","Qantas","Mar-20",56,52,4,40,41,12,11,2020,3
"Sydney-Hamilton Island","Sydney","Hamilton Island","Qantas","Mar-20",7,7,0,7,7,0,0,2020,3
"Sydney-Melbourne","Sydney","Melbourne","Qantas","Mar-20",997,751,246,652,633,99,118,2020,3
"Sydney-Perth","Sydney","Perth","Qantas","Mar-20",199,193,6,145,148,48,45,2020,3
"Townsville-Brisbane","Townsville","Brisbane","Qantas","Mar-20",41,37,4,36,36,1,1,2020,3
"Adelaide-Canberra","Adelaide","Canberra","QantasLink","Mar-20",4,4,0,4,4,0,0,2020,3
"Adelaide-Port Lincoln","Adelaide","Port Lincoln","QantasLink","Mar-20",92,81,11,76,78,5,3,2020,3
"Albury-Sydney","Albury","Sydney","QantasLink","Mar-20",103,97,6,86,83,11,14,2020,3
"Armidale-Sydney","Armidale","Sydney","QantasLink","Mar-20",111,95,16,78,76,17,19,2020,3
"Brisbane-Bundaberg","Brisbane","Bundaberg","QantasLink","Mar-20",106,96,10,85,85,11,11,2020,3
"Brisbane-Cairns","Brisbane","Cairns","QantasLink","Mar-20",118,111,7,93,86,18,25,2020,3
"Brisbane-Canberra","Brisbane","Canberra","QantasLink","Mar-20",139,117,22,95,99,22,18,2020,3
"Brisbane-Emerald","Brisbane","Emerald","QantasLink","Mar-20",127,117,10,109,107,8,10,2020,3
"Brisbane-Gladstone","Brisbane","Gladstone","QantasLink","Mar-20",138,119,19,106,104,13,15,2020,3
"Brisbane-Hamilton Island","Brisbane","Hamilton Island","QantasLink","Mar-20",30,24,6,18,18,6,6,2020,3
"Brisbane-Mackay","Brisbane","Mackay","QantasLink","Mar-20",138,129,9,113,113,16,16,2020,3
"Brisbane-Mount Isa","Brisbane","Mount Isa","QantasLink","Mar-20",50,46,4,34,33,12,13,2020,3
"Brisbane-Newcastle","Brisbane","Newcastle","QantasLink","Mar-20",85,75,10,68,65,7,10,2020,3
"Brisbane-Rockhampton","Brisbane","Rockhampton","QantasLink","Mar-20",182,153,29,131,132,22,21,2020,3
"Brisbane-Sydney","Brisbane","Sydney","QantasLink","Mar-20",3,3,0,3,3,0,0,2020,3
"Brisbane-Townsville","Brisbane","Townsville","QantasLink","Mar-20",112,101,11,81,83,20,18,2020,3
"Broome-Perth","Broome","Perth","QantasLink","Mar-20",87,84,3,72,73,12,11,2020,3
"Bundaberg-Brisbane","Bundaberg","Brisbane","QantasLink","Mar-20",106,97,9,81,84,16,13,2020,3
"Cairns-Brisbane","Cairns","Brisbane","QantasLink","Mar-20",118,110,8,94,90,16,20,2020,3
"Cairns-Townsville","Cairns","Townsville","QantasLink","Mar-20",128,124,4,118,118,6,6,2020,3
"Canberra-Adelaide","Canberra","Adelaide","QantasLink","Mar-20",4,4,0,3,4,1,0,2020,3
"Canberra-Brisbane","Canberra","Brisbane","QantasLink","Mar-20",137,117,20,106,105,11,12,2020,3
"Canberra-Melbourne","Canberra","Melbourne","QantasLink","Mar-20",50,41,9,36,36,5,5,2020,3
"Canberra-Sydney","Canberra","Sydney","QantasLink","Mar-20",458,359,99,309,302,50,57,2020,3
"Coffs Harbour-Sydney","Coffs Harbour","Sydney","QantasLink","Mar-20",135,124,11,111,104,13,20,2020,3
"Dubbo-Sydney","Dubbo","Sydney","QantasLink","Mar-20",112,99,13,87,84,12,15,2020,3
"Emerald-Brisbane","Emerald","Brisbane","QantasLink","Mar-20",127,116,11,106,103,10,13,2020,3
"Gladstone-Brisbane","Gladstone","Brisbane","QantasLink","Mar-20",139,121,18,105,105,16,16,2020,3
"Gold Coast-Sydney","Gold Coast","Sydney","QantasLink","Mar-20",65,54,11,42,42,12,12,2020,3
"Hamilton Island-Brisbane","Hamilton Island","Brisbane","QantasLink","Mar-20",31,24,7,17,18,7,6,2020,3
"Hamilton Island-Sydney","Hamilton Island","Sydney","QantasLink","Mar-20",20,18,2,17,18,1,0,2020,3
"Hobart-Sydney","Hobart","Sydney","QantasLink","Mar-20",70,53,17,47,44,6,9,2020,3
"Kalgoorlie-Perth","Kalgoorlie","Perth","QantasLink","Mar-20",67,63,4,58,60,5,3,2020,3
"Karratha-Perth","Karratha","Perth","QantasLink","Mar-20",123,116,7,112,110,4,6,2020,3
"Launceston-Melbourne","Launceston","Melbourne","QantasLink","Mar-20",111,103,8,86,85,17,18,2020,3
"Mackay-Brisbane","Mackay","Brisbane","QantasLink","Mar-20",132,121,11,106,106,15,15,2020,3
"Melbourne-Canberra","Melbourne","Canberra","QantasLink","Mar-20",51,41,10,38,36,3,5,2020,3
"Melbourne-Launceston","Melbourne","Launceston","QantasLink","Mar-20",111,104,7,86,86,18,18,2020,3
"Melbourne-Mildura","Melbourne","Mildura","QantasLink","Mar-20",86,79,7,66,63,13,16,2020,3
"Mildura-Melbourne","Mildura","Melbourne","QantasLink","Mar-20",86,79,7,65,58,14,21,2020,3
"Mount Isa-Brisbane","Mount Isa","Brisbane","QantasLink","Mar-20",50,45,5,31,32,14,13,2020,3
"Newcastle-Brisbane","Newcastle","Brisbane","QantasLink","Mar-20",85,75,10,64,65,11,10,2020,3
"Newman-Perth","Newman","Perth","QantasLink","Mar-20",98,97,1,83,88,14,9,2020,3
"Perth-Broome","Perth","Broome","QantasLink","Mar-20",86,83,3,76,77,7,6,2020,3
"Perth-Kalgoorlie","Perth","Kalgoorlie","QantasLink","Mar-20",67,63,4,58,56,5,7,2020,3
"Perth-Karratha","Perth","Karratha","QantasLink","Mar-20",126,119,7,111,112,8,7,2020,3
"Perth-Newman","Perth","Newman","QantasLink","Mar-20",98,97,1,85,83,12,14,2020,3
"Perth-Port Hedland","Perth","Port Hedland","QantasLink","Mar-20",117,107,10,99,94,8,13,2020,3
"Port Hedland-Perth","Port Hedland","Perth","QantasLink","Mar-20",116,105,11,96,90,9,15,2020,3
"Port Lincoln-Adelaide","Port Lincoln","Adelaide","QantasLink","Mar-20",92,81,11,78,78,3,3,2020,3
"Port Macquarie-Sydney","Port Macquarie","Sydney","QantasLink","Mar-20",107,97,10,87,82,10,15,2020,3
"Rockhampton-Brisbane","Rockhampton","Brisbane","QantasLink","Mar-20",185,157,28,139,139,18,18,2020,3
"Sunshine Coast-Sydney","Sunshine Coast","Sydney","QantasLink","Mar-20",52,52,0,40,43,12,9,2020,3
"Sydney-Albury","Sydney","Albury","QantasLink","Mar-20",103,96,7,82,82,14,14,2020,3
"Sydney-Armidale","Sydney","Armidale","QantasLink","Mar-20",110,96,14,75,72,21,24,2020,3
"Sydney-Brisbane","Sydney","Brisbane","QantasLink","Mar-20",4,4,0,4,3,0,1,2020,3
"Sydney-Canberra","Sydney","Canberra","QantasLink","Mar-20",462,363,99,298,302,65,61,2020,3
"Sydney-Coffs Harbour","Sydney","Coffs Harbour","QantasLink","Mar-20",135,125,10,105,108,20,17,2020,3
"Sydney-Dubbo","Sydney","Dubbo","QantasLink","Mar-20",112,100,12,84,84,16,16,2020,3
"Sydney-Gold Coast","Sydney","Gold Coast","QantasLink","Mar-20",66,53,13,44,41,9,12,2020,3
"Sydney-Hamilton Island","Sydney","Hamilton Island","QantasLink","Mar-20",20,18,2,16,14,2,4,2020,3
"Sydney-Hobart","Sydney","Hobart","QantasLink","Mar-20",70,53,17,39,40,14,13,2020,3
"Sydney-Port Macquarie","Sydney","Port Macquarie","QantasLink","Mar-20",107,96,11,84,84,12,12,2020,3
"Sydney-Sunshine Coast","Sydney","Sunshine Coast","QantasLink","Mar-20",51,51,0,39,39,12,12,2020,3
"Sydney-Tamworth","Sydney","Tamworth","QantasLink","Mar-20",133,116,17,83,90,33,26,2020,3
"Sydney-Wagga Wagga","Sydney","Wagga Wagga","QantasLink","Mar-20",96,88,8,76,76,12,12,2020,3
"Tamworth-Sydney","Tamworth","Sydney","QantasLink","Mar-20",132,113,19,92,91,21,22,2020,3
"Townsville-Brisbane","Townsville","Brisbane","QantasLink","Mar-20",112,102,10,85,86,17,16,2020,3
"Townsville-Cairns","Townsville","Cairns","QantasLink","Mar-20",127,121,6,106,112,15,9,2020,3
"Wagga Wagga-Sydney","Wagga Wagga","Sydney","QantasLink","Mar-20",96,88,8,79,74,9,14,2020,3
"Adelaide-Port Lincoln","Adelaide","Port Lincoln","Regional Express","Mar-20",206,168,38,159,160,9,8,2020,3
"Albury-Sydney","Albury","Sydney","Regional Express","Mar-20",93,78,15,63,63,15,15,2020,3
"Armidale-Sydney","Armidale","Sydney","Regional Express","Mar-20",70,54,16,41,37,13,17,2020,3
"Ballina-Sydney","Ballina","Sydney","Regional Express","Mar-20",24,21,3,17,17,4,4,2020,3
"Cairns-Townsville","Cairns","Townsville","Regional Express","Mar-20",13,13,0,10,11,3,2,2020,3
"Dubbo-Sydney","Dubbo","Sydney","Regional Express","Mar-20",129,106,23,97,88,9,18,2020,3
"Melbourne-Mildura","Melbourne","Mildura","Regional Express","Mar-20",73,66,7,54,50,12,16,2020,3
"Mildura-Melbourne","Mildura","Melbourne","Regional Express","Mar-20",71,65,6,49,47,16,18,2020,3
"Port Lincoln-Adelaide","Port Lincoln","Adelaide","Regional Express","Mar-20",204,167,37,159,158,8,9,2020,3
"Sydney-Albury","Sydney","Albury","Regional Express","Mar-20",92,79,13,71,72,8,7,2020,3
"Sydney-Armidale","Sydney","Armidale","Regional Express","Mar-20",70,52,18,41,41,11,11,2020,3
"Sydney-Ballina","Sydney","Ballina","Regional Express","Mar-20",23,21,2,17,17,4,4,2020,3
"Sydney-Dubbo","Sydney","Dubbo","Regional Express","Mar-20",122,102,20,90,86,12,16,2020,3
"Sydney-Wagga Wagga","Sydney","Wagga Wagga","Regional Express","Mar-20",126,103,23,91,89,12,14,2020,3
"Townsville-Cairns","Townsville","Cairns","Regional Express","Mar-20",13,13,0,12,12,1,1,2020,3
"Wagga Wagga-Sydney","Wagga Wagga","Sydney","Regional Express","Mar-20",127,105,22,88,82,17,23,2020,3
"Adelaide-Alice Springs","Adelaide","Alice Springs","Virgin Australia","Mar-20",9,8,1,5,5,3,3,2020,3
"Adelaide-Brisbane","Adelaide","Brisbane","Virgin Australia","Mar-20",105,81,24,70,74,11,7,2020,3
"Adelaide-Canberra","Adelaide","Canberra","Virgin Australia","Mar-20",22,19,3,16,16,3,3,2020,3
"Adelaide-Gold Coast","Adelaide","Gold Coast","Virgin Australia","Mar-20",29,24,5,23,22,1,2,2020,3
"Adelaide-Melbourne","Adelaide","Melbourne","Virgin Australia","Mar-20",262,190,72,156,159,34,31,2020,3
"Adelaide-Perth","Adelaide","Perth","Virgin Australia","Mar-20",39,31,8,28,25,3,6,2020,3
"Adelaide-Sydney","Adelaide","Sydney","Virgin Australia","Mar-20",150,117,33,108,103,9,14,2020,3
"Albury-Sydney","Albury","Sydney","Virgin Australia","Mar-20",48,42,6,39,37,3,5,2020,3
"Alice Springs-Adelaide","Alice Springs","Adelaide","Virgin Australia","Mar-20",9,8,1,7,7,1,1,2020,3
"Ayers Rock-Sydney","Ayers Rock","Sydney","Virgin Australia","Mar-20",31,24,7,20,22,4,2,2020,3
"Ballina-Sydney","Ballina","Sydney","Virgin Australia","Mar-20",31,26,5,24,24,2,2,2020,3
"Brisbane-Adelaide","Brisbane","Adelaide","Virgin Australia","Mar-20",106,81,25,72,73,9,8,2020,3
"Brisbane-Bundaberg","Brisbane","Bundaberg","Virgin Australia","Mar-20",31,30,1,27,26,3,4,2020,3
"Brisbane-Cairns","Brisbane","Cairns","Virgin Australia","Mar-20",115,89,26,74,74,15,15,2020,3
"Brisbane-Canberra","Brisbane","Canberra","Virgin Australia","Mar-20",91,71,20,59,61,12,10,2020,3
"Brisbane-Darwin","Brisbane","Darwin","Virgin Australia","Mar-20",31,27,4,24,22,3,5,2020,3
"Brisbane-Emerald","Brisbane","Emerald","Virgin Australia","Mar-20",47,38,9,37,37,1,1,2020,3
"Brisbane-Gladstone","Brisbane","Gladstone","Virgin Australia","Mar-20",74,66,8,63,63,3,3,2020,3
"Brisbane-Hamilton Island","Brisbane","Hamilton Island","Virgin Australia","Mar-20",30,24,6,20,19,4,5,2020,3
"Brisbane-Hobart","Brisbane","Hobart","Virgin Australia","Mar-20",36,31,5,28,28,3,3,2020,3
"Brisbane-Mackay","Brisbane","Mackay","Virgin Australia","Mar-20",144,109,35,97,96,12,13,2020,3
"Brisbane-Melbourne","Brisbane","Melbourne","Virgin Australia","Mar-20",372,272,100,237,208,35,64,2020,3
"Brisbane-Mount Isa","Brisbane","Mount Isa","Virgin Australia","Mar-20",18,14,4,14,14,0,0,2020,3
"Brisbane-Newcastle","Brisbane","Newcastle","Virgin Australia","Mar-20",87,63,24,56,56,7,7,2020,3
"Brisbane-Perth","Brisbane","Perth","Virgin Australia","Mar-20",109,93,16,74,70,19,23,2020,3
"Brisbane-Proserpine","Brisbane","Proserpine","Virgin Australia","Mar-20",38,34,4,32,32,2,2,2020,3
"Brisbane-Rockhampton","Brisbane","Rockhampton","Virgin Australia","Mar-20",140,106,34,90,84,16,22,2020,3
"Brisbane-Sydney","Brisbane","Sydney","Virgin Australia","Mar-20",513,362,151,312,303,50,59,2020,3
"Brisbane-Townsville","Brisbane","Townsville","Virgin Australia","Mar-20",148,108,40,94,96,14,12,2020,3
"Broome-Perth","Broome","Perth","Virgin Australia","Mar-20",7,7,0,7,7,0,0,2020,3
"Bundaberg-Brisbane","Bundaberg","Brisbane","Virgin Australia","Mar-20",31,30,1,26,28,4,2,2020,3
"Cairns-Brisbane","Cairns","Brisbane","Virgin Australia","Mar-20",113,89,24,75,77,14,12,2020,3
"Cairns-Melbourne","Cairns","Melbourne","Virgin Australia","Mar-20",28,21,7,16,13,5,8,2020,3
"Cairns-Sydney","Cairns","Sydney","Virgin Australia","Mar-20",71,56,15,48,51,8,5,2020,3
"Canberra-Adelaide","Canberra","Adelaide","Virgin Australia","Mar-20",22,19,3,16,15,3,4,2020,3
"Canberra-Brisbane","Canberra","Brisbane","Virgin Australia","Mar-20",91,73,18,66,65,7,8,2020,3
"Canberra-Melbourne","Canberra","Melbourne","Virgin Australia","Mar-20",160,125,35,109,106,16,19,2020,3
"Canberra-Sydney","Canberra","Sydney","Virgin Australia","Mar-20",233,173,60,158,155,15,18,2020,3
"Coffs Harbour-Sydney","Coffs Harbour","Sydney","Virgin Australia","Mar-20",31,27,4,22,22,5,5,2020,3
"Darwin-Brisbane","Darwin","Brisbane","Virgin Australia","Mar-20",31,27,4,26,25,1,2,2020,3
"Darwin-Melbourne","Darwin","Melbourne","Virgin Australia","Mar-20",29,24,5,17,21,7,3,2020,3
"Darwin-Perth","Darwin","Perth","Virgin Australia","Mar-20",12,10,2,8,8,2,2,2020,3
"Darwin-Sydney","Darwin","Sydney","Virgin Australia","Mar-20",26,22,4,18,18,4,4,2020,3
"Emerald-Brisbane","Emerald","Brisbane","Virgin Australia","Mar-20",46,38,8,35,35,3,3,2020,3
"Gladstone-Brisbane","Gladstone","Brisbane","Virgin Australia","Mar-20",74,66,8,63,60,3,6,2020,3
"Gold Coast-Adelaide","Gold Coast","Adelaide","Virgin Australia","Mar-20",30,25,5,19,22,6,3,2020,3
"Gold Coast-Melbourne","Gold Coast","Melbourne","Virgin Australia","Mar-20",204,154,50,117,125,37,29,2020,3
"Gold Coast-Sydney","Gold Coast","Sydney","Virgin Australia","Mar-20",252,188,64,141,152,47,36,2020,3
"Hamilton Island-Brisbane","Hamilton Island","Brisbane","Virgin Australia","Mar-20",31,25,6,20,20,5,5,2020,3
"Hamilton Island-Sydney","Hamilton Island","Sydney","Virgin Australia","Mar-20",29,24,5,13,15,11,9,2020,3
"Hobart-Brisbane","Hobart","Brisbane","Virgin Australia","Mar-20",36,31,5,26,27,5,4,2020,3
"Hobart-Melbourne","Hobart","Melbourne","Virgin Australia","Mar-20",137,108,29,91,80,17,28,2020,3
"Hobart-Sydney","Hobart","Sydney","Virgin Australia","Mar-20",63,51,12,46,40,5,11,2020,3
"Kalgoorlie-Perth","Kalgoorlie","Perth","Virgin Australia","Mar-20",15,14,1,14,13,0,1,2020,3
"Karratha-Perth","Karratha","Perth","Virgin Australia","Mar-20",13,12,1,11,11,1,1,2020,3
"Launceston-Melbourne","Launceston","Melbourne","Virgin Australia","Mar-20",93,77,16,59,56,18,21,2020,3
"Launceston-Sydney","Launceston","Sydney","Virgin Australia","Mar-20",28,22,6,19,20,3,2,2020,3
"Mackay-Brisbane","Mackay","Brisbane","Virgin Australia","Mar-20",141,110,31,95,98,15,12,2020,3
"Melbourne-Adelaide","Melbourne","Adelaide","Virgin Australia","Mar-20",260,190,70,161,147,29,43,2020,3
"Melbourne-Brisbane","Melbourne","Brisbane","Virgin Australia","Mar-20",373,267,106,235,217,32,50,2020,3
"Melbourne-Cairns","Melbourne","Cairns","Virgin Australia","Mar-20",28,21,7,19,18,2,3,2020,3
"Melbourne-Canberra","Melbourne","Canberra","Virgin Australia","Mar-20",161,124,37,110,109,14,15,2020,3
"Melbourne-Darwin","Melbourne","Darwin","Virgin Australia","Mar-20",29,24,5,18,18,6,6,2020,3
"Melbourne-Gold Coast","Melbourne","Gold Coast","Virgin Australia","Mar-20",204,154,50,128,124,26,30,2020,3
"Melbourne-Hobart","Melbourne","Hobart","Virgin Australia","Mar-20",137,107,30,92,86,15,21,2020,3
"Melbourne-Launceston","Melbourne","Launceston","Virgin Australia","Mar-20",92,76,16,62,53,14,23,2020,3
"Melbourne-Mildura","Melbourne","Mildura","Virgin Australia","Mar-20",31,25,6,23,22,2,3,2020,3
"Melbourne-Newcastle","Melbourne","Newcastle","Virgin Australia","Mar-20",31,25,6,24,22,1,3,2020,3
"Melbourne-Perth","Melbourne","Perth","Virgin Australia","Mar-20",150,123,27,95,86,28,37,2020,3
"Melbourne-Sunshine Coast","Melbourne","Sunshine Coast","Virgin Australia","Mar-20",73,58,15,55,50,3,8,2020,3
"Melbourne-Sydney","Melbourne","Sydney","Virgin Australia","Mar-20",715,480,235,425,373,55,107,2020,3
"Mildura-Melbourne","Mildura","Melbourne","Virgin Australia","Mar-20",31,25,6,22,22,3,3,2020,3
"Mount Isa-Brisbane","Mount Isa","Brisbane","Virgin Australia","Mar-20",11,9,2,8,7,1,2,2020,3
"Newcastle-Brisbane","Newcastle","Brisbane","Virgin Australia","Mar-20",87,63,24,55,57,8,6,2020,3
"Newcastle-Melbourne","Newcastle","Melbourne","Virgin Australia","Mar-20",31,25,6,21,20,4,5,2020,3
"Newman-Perth","Newman","Perth","Virgin Australia","Mar-20",14,14,0,12,12,2,2,2020,3
"Perth-Adelaide","Perth","Adelaide","Virgin Australia","Mar-20",39,31,8,28,28,3,3,2020,3
"Perth-Brisbane","Perth","Brisbane","Virgin Australia","Mar-20",110,92,18,74,78,18,14,2020,3
"Perth-Broome","Perth","Broome","Virgin Australia","Mar-20",7,7,0,7,7,0,0,2020,3
"Perth-Darwin","Perth","Darwin","Virgin Australia","Mar-20",12,10,2,9,9,1,1,2020,3
"Perth-Kalgoorlie","Perth","Kalgoorlie","Virgin Australia","Mar-20",15,14,1,14,14,0,0,2020,3
"Perth-Karratha","Perth","Karratha","Virgin Australia","Mar-20",13,12,1,12,12,0,0,2020,3
"Perth-Melbourne","Perth","Melbourne","Virgin Australia","Mar-20",151,122,29,109,104,13,18,2020,3
"Perth-Newman","Perth","Newman","Virgin Australia","Mar-20",14,14,0,14,14,0,0,2020,3
"Perth-Port Hedland","Perth","Port Hedland","Virgin Australia","Mar-20",17,17,0,17,16,0,1,2020,3
"Perth-Sydney","Perth","Sydney","Virgin Australia","Mar-20",120,94,26,80,79,14,15,2020,3
"Port Hedland-Perth","Port Hedland","Perth","Virgin Australia","Mar-20",17,17,0,15,14,2,3,2020,3
"Port Macquarie-Sydney","Port Macquarie","Sydney","Virgin Australia","Mar-20",50,42,8,35,35,7,7,2020,3
"Proserpine-Brisbane","Proserpine","Brisbane","Virgin Australia","Mar-20",38,34,4,30,30,4,4,2020,3
"Rockhampton-Brisbane","Rockhampton","Brisbane","Virgin Australia","Mar-20",139,105,34,90,93,15,12,2020,3
"Sunshine Coast-Melbourne","Sunshine Coast","Melbourne","Virgin Australia","Mar-20",73,58,15,43,41,15,17,2020,3
"Sunshine Coast-Sydney","Sunshine Coast","Sydney","Virgin Australia","Mar-20",57,45,12,33,27,12,18,2020,3
"Sydney-Adelaide","Sydney","Adelaide","Virgin Australia","Mar-20",150,116,34,96,100,20,16,2020,3
"Sydney-Albury","Sydney","Albury","Virgin Australia","Mar-20",49,42,7,38,38,4,4,2020,3
"Sydney-Ayers Rock","Sydney","Ayers Rock","Virgin Australia","Mar-20",31,24,7,22,22,2,2,2020,3
"Sydney-Ballina","Sydney","Ballina","Virgin Australia","Mar-20",31,26,5,25,24,1,2,2020,3
"Sydney-Brisbane","Sydney","Brisbane","Virgin Australia","Mar-20",514,370,144,301,295,69,75,2020,3
"Sydney-Cairns","Sydney","Cairns","Virgin Australia","Mar-20",72,55,17,46,44,9,11,2020,3
"Sydney-Canberra","Sydney","Canberra","Virgin Australia","Mar-20",233,174,59,147,158,27,16,2020,3
"Sydney-Coffs Harbour","Sydney","Coffs Harbour","Virgin Australia","Mar-20",31,27,4,25,24,2,3,2020,3
"Sydney-Darwin","Sydney","Darwin","Virgin Australia","Mar-20",26,22,4,21,18,1,4,2020,3
"Sydney-Gold Coast","Sydney","Gold Coast","Virgin Australia","Mar-20",250,187,63,154,147,33,40,2020,3
"Sydney-Hamilton Island","Sydney","Hamilton Island","Virgin Australia","Mar-20",27,22,5,18,16,4,6,2020,3
"Sydney-Hobart","Sydney","Hobart","Virgin Australia","Mar-20",63,51,12,46,48,5,3,2020,3
"Sydney-Launceston","Sydney","Launceston","Virgin Australia","Mar-20",28,22,6,19,20,3,2,2020,3
"Sydney-Melbourne","Sydney","Melbourne","Virgin Australia","Mar-20",714,483,231,387,379,96,104,2020,3
"Sydney-Perth","Sydney","Perth","Virgin Australia","Mar-20",123,96,27,69,72,27,24,2020,3
"Sydney-Port Macquarie","Sydney","Port Macquarie","Virgin Australia","Mar-20",48,42,6,37,37,5,5,2020,3
"Sydney-Sunshine Coast","Sydney","Sunshine Coast","Virgin Australia","Mar-20",57,45,12,31,32,14,13,2020,3
"Sydney-Tamworth","Sydney","Tamworth","Virgin Australia","Mar-20",48,42,6,34,33,8,9,2020,3
"Sydney-Townsville","Sydney","Townsville","Virgin Australia","Mar-20",15,13,2,11,9,2,4,2020,3
"Tamworth-Sydney","Tamworth","Sydney","Virgin Australia","Mar-20",49,42,7,36,36,6,6,2020,3
"Townsville-Brisbane","Townsville","Brisbane","Virgin Australia","Mar-20",148,109,39,101,97,8,12,2020,3
"Townsville-Sydney","Townsville","Sydney","Virgin Australia","Mar-20",15,13,2,10,10,3,3,2020,3
"Adelaide-Alice Springs","Adelaide","Alice Springs","Virgin Australia Regional Airlines","Mar-20",12,10,2,6,5,4,5,2020,3
"Adelaide-Melbourne","Adelaide","Melbourne","Virgin Australia Regional Airlines","Mar-20",6,5,1,3,3,2,2,2020,3
"Adelaide-Perth","Adelaide","Perth","Virgin Australia Regional Airlines","Mar-20",26,21,5,12,6,9,15,2020,3
"Alice Springs-Adelaide","Alice Springs","Adelaide","Virgin Australia Regional Airlines","Mar-20",12,10,2,5,6,5,4,2020,3
"Broome-Perth","Broome","Perth","Virgin Australia Regional Airlines","Mar-20",51,48,3,34,35,14,13,2020,3
"Darwin-Perth","Darwin","Perth","Virgin Australia Regional Airlines","Mar-20",17,14,3,14,14,0,0,2020,3
"Kalgoorlie-Perth","Kalgoorlie","Perth","Virgin Australia Regional Airlines","Mar-20",70,63,7,52,53,11,10,2020,3
"Karratha-Perth","Karratha","Perth","Virgin Australia Regional Airlines","Mar-20",57,51,6,46,42,5,9,2020,3
"Melbourne-Adelaide","Melbourne","Adelaide","Virgin Australia Regional Airlines","Mar-20",6,5,1,3,2,2,3,2020,3
"Newman-Perth","Newman","Perth","Virgin Australia Regional Airlines","Mar-20",26,26,0,19,20,7,6,2020,3
"Perth-Adelaide","Perth","Adelaide","Virgin Australia Regional Airlines","Mar-20",26,21,5,19,16,2,5,2020,3
"Perth-Broome","Perth","Broome","Virgin Australia Regional Airlines","Mar-20",50,48,2,37,37,11,11,2020,3
"Perth-Darwin","Perth","Darwin","Virgin Australia Regional Airlines","Mar-20",17,14,3,14,14,0,0,2020,3
"Perth-Kalgoorlie","Perth","Kalgoorlie","Virgin Australia Regional Airlines","Mar-20",69,63,6,56,54,7,9,2020,3
"Perth-Karratha","Perth","Karratha","Virgin Australia Regional Airlines","Mar-20",57,51,6,47,46,4,5,2020,3
"Perth-Newman","Perth","Newman","Virgin Australia Regional Airlines","Mar-20",26,26,0,23,21,3,5,2020,3
"Perth-Port Hedland","Perth","Port Hedland","Virgin Australia Regional Airlines","Mar-20",36,36,0,31,31,5,5,2020,3
"Port Hedland-Perth","Port Hedland","Perth","Virgin Australia Regional Airlines","Mar-20",36,36,0,30,32,6,4,2020,3
"Adelaide-Alice Springs","Adelaide","Alice Springs","All Airlines","Mar-20",52,49,3,40,38,9,11,2020,3
"Adelaide-Brisbane","Adelaide","Brisbane","All Airlines","Mar-20",229,190,39,172,177,18,13,2020,3
"Adelaide-Canberra","Adelaide","Canberra","All Airlines","Mar-20",68,61,7,57,57,4,4,2020,3
"Adelaide-Gold Coast","Adelaide","Gold Coast","All Airlines","Mar-20",53,45,8,36,36,9,9,2020,3
"Adelaide-Melbourne","Adelaide","Melbourne","All Airlines","Mar-20",656,515,141,423,436,92,79,2020,3
"Adelaide-Perth","Adelaide","Perth","All Airlines","Mar-20",199,171,28,146,137,25,34,2020,3
"Adelaide-Port Lincoln","Adelaide","Port Lincoln","All Airlines","Mar-20",298,249,49,235,238,14,11,2020,3
"Adelaide-Sydney","Adelaide","Sydney","All Airlines","Mar-20",494,412,82,358,353,54,59,2020,3
"Albury-Sydney","Albury","Sydney","All Airlines","Mar-20",244,217,27,188,183,29,34,2020,3
"Alice Springs-Adelaide","Alice Springs","Adelaide","All Airlines","Mar-20",52,49,3,38,39,11,10,2020,3
"Armidale-Sydney","Armidale","Sydney","All Airlines","Mar-20",181,149,32,119,113,30,36,2020,3
"Ayers Rock-Sydney","Ayers Rock","Sydney","All Airlines","Mar-20",59,46,13,34,39,12,7,2020,3
"Ballina-Sydney","Ballina","Sydney","All Airlines","Mar-20",134,108,26,89,92,19,16,2020,3
"Brisbane-Adelaide","Brisbane","Adelaide","All Airlines","Mar-20",233,190,43,168,171,22,19,2020,3
"Brisbane-Bundaberg","Brisbane","Bundaberg","All Airlines","Mar-20",137,126,11,112,111,14,15,2020,3
"Brisbane-Cairns","Brisbane","Cairns","All Airlines","Mar-20",340,284,56,240,232,44,52,2020,3
"Brisbane-Canberra","Brisbane","Canberra","All Airlines","Mar-20",230,188,42,154,160,34,28,2020,3
"Brisbane-Darwin","Brisbane","Darwin","All Airlines","Mar-20",73,66,7,55,55,11,11,2020,3
"Brisbane-Emerald","Brisbane","Emerald","All Airlines","Mar-20",174,155,19,146,144,9,11,2020,3
"Brisbane-Gladstone","Brisbane","Gladstone","All Airlines","Mar-20",212,185,27,169,167,16,18,2020,3
"Brisbane-Hamilton Island","Brisbane","Hamilton Island","All Airlines","Mar-20",60,48,12,38,37,10,11,2020,3
"Brisbane-Hobart","Brisbane","Hobart","All Airlines","Mar-20",65,54,11,50,49,4,5,2020,3
"Brisbane-Mackay","Brisbane","Mackay","All Airlines","Mar-20",312,265,47,236,233,29,32,2020,3
"Brisbane-Melbourne","Brisbane","Melbourne","All Airlines","Mar-20",869,688,181,581,549,107,139,2020,3
"Brisbane-Mount Isa","Brisbane","Mount Isa","All Airlines","Mar-20",68,60,8,48,47,12,13,2020,3
"Brisbane-Newcastle","Brisbane","Newcastle","All Airlines","Mar-20",240,188,52,161,159,27,29,2020,3
"Brisbane-Perth","Brisbane","Perth","All Airlines","Mar-20",251,232,19,185,184,47,48,2020,3
"Brisbane-Proserpine","Brisbane","Proserpine","All Airlines","Mar-20",68,59,9,56,56,3,3,2020,3
"Brisbane-Rockhampton","Brisbane","Rockhampton","All Airlines","Mar-20",322,259,63,221,216,38,43,2020,3
"Brisbane-Sydney","Brisbane","Sydney","All Airlines","Mar-20",1226,941,285,843,822,98,119,2020,3
"Brisbane-Townsville","Brisbane","Townsville","All Airlines","Mar-20",344,281,63,239,242,42,39,2020,3
"Broome-Perth","Broome","Perth","All Airlines","Mar-20",145,139,6,113,115,26,24,2020,3
"Bundaberg-Brisbane","Bundaberg","Brisbane","All Airlines","Mar-20",137,127,10,107,112,20,15,2020,3
"Cairns-Brisbane","Cairns","Brisbane","All Airlines","Mar-20",339,285,54,246,247,39,38,2020,3
"Cairns-Melbourne","Cairns","Melbourne","All Airlines","Mar-20",121,101,20,83,83,18,18,2020,3
"Cairns-Sydney","Cairns","Sydney","All Airlines","Mar-20",196,163,33,141,148,22,15,2020,3
"Cairns-Townsville","Cairns","Townsville","All Airlines","Mar-20",141,137,4,128,129,9,8,2020,3
"Canberra-Adelaide","Canberra","Adelaide","All Airlines","Mar-20",68,62,6,58,57,4,5,2020,3
"Canberra-Brisbane","Canberra","Brisbane","All Airlines","Mar-20",228,190,38,172,170,18,20,2020,3
"Canberra-Melbourne","Canberra","Melbourne","All Airlines","Mar-20",438,348,90,316,304,32,44,2020,3
"Canberra-Sydney","Canberra","Sydney","All Airlines","Mar-20",691,532,159,467,457,65,75,2020,3
"Coffs Harbour-Sydney","Coffs Harbour","Sydney","All Airlines","Mar-20",166,151,15,133,126,18,25,2020,3
"Darwin-Brisbane","Darwin","Brisbane","All Airlines","Mar-20",73,65,8,55,56,10,9,2020,3
"Darwin-Melbourne","Darwin","Melbourne","All Airlines","Mar-20",73,63,10,45,52,18,11,2020,3
"Darwin-Perth","Darwin","Perth","All Airlines","Mar-20",59,54,5,47,47,7,7,2020,3
"Darwin-Sydney","Darwin","Sydney","All Airlines","Mar-20",77,69,8,55,54,14,15,2020,3
"Dubbo-Sydney","Dubbo","Sydney","All Airlines","Mar-20",241,205,36,184,172,21,33,2020,3
"Emerald-Brisbane","Emerald","Brisbane","All Airlines","Mar-20",173,154,19,141,138,13,16,2020,3
"Gladstone-Brisbane","Gladstone","Brisbane","All Airlines","Mar-20",213,187,26,168,165,19,22,2020,3
"Gold Coast-Adelaide","Gold Coast","Adelaide","All Airlines","Mar-20",54,46,8,36,40,10,6,2020,3
"Gold Coast-Melbourne","Gold Coast","Melbourne","All Airlines","Mar-20",365,282,83,210,227,72,55,2020,3
"Gold Coast-Sydney","Gold Coast","Sydney","All Airlines","Mar-20",625,471,154,363,382,108,89,2020,3
"Hamilton Island-Brisbane","Hamilton Island","Brisbane","All Airlines","Mar-20",62,49,13,37,38,12,11,2020,3
"Hamilton Island-Sydney","Hamilton Island","Sydney","All Airlines","Mar-20",74,63,11,48,53,15,10,2020,3
"Hobart-Brisbane","Hobart","Brisbane","All Airlines","Mar-20",65,54,11,47,47,7,7,2020,3
"Hobart-Melbourne","Hobart","Melbourne","All Airlines","Mar-20",435,344,91,264,259,80,85,2020,3
"Hobart-Sydney","Hobart","Sydney","All Airlines","Mar-20",234,178,56,156,132,22,46,2020,3
"Kalgoorlie-Perth","Kalgoorlie","Perth","All Airlines","Mar-20",165,152,13,135,137,17,15,2020,3
"Karratha-Perth","Karratha","Perth","All Airlines","Mar-20",258,242,16,232,225,10,17,2020,3
"Launceston-Melbourne","Launceston","Melbourne","All Airlines","Mar-20",333,271,62,213,205,58,66,2020,3
"Launceston-Sydney","Launceston","Sydney","All Airlines","Mar-20",86,63,23,45,50,18,13,2020,3
"Mackay-Brisbane","Mackay","Brisbane","All Airlines","Mar-20",304,259,45,221,225,38,34,2020,3
"Melbourne-Adelaide","Melbourne","Adelaide","All Airlines","Mar-20",657,515,142,426,397,89,118,2020,3
"Melbourne-Brisbane","Melbourne","Brisbane","All Airlines","Mar-20",869,683,186,598,573,85,110,2020,3
"Melbourne-Cairns","Melbourne","Cairns","All Airlines","Mar-20",115,101,14,93,90,8,11,2020,3
"Melbourne-Canberra","Melbourne","Canberra","All Airlines","Mar-20",441,348,93,314,308,34,40,2020,3
"Melbourne-Darwin","Melbourne","Darwin","All Airlines","Mar-20",73,63,10,51,51,12,12,2020,3
"Melbourne-Gold Coast","Melbourne","Gold Coast","All Airlines","Mar-20",366,282,84,231,228,51,54,2020,3
"Melbourne-Hobart","Melbourne","Hobart","All Airlines","Mar-20",434,342,92,284,272,58,70,2020,3
"Melbourne-Launceston","Melbourne","Launceston","All Airlines","Mar-20",331,270,61,216,207,54,63,2020,3
"Melbourne-Mildura","Melbourne","Mildura","All Airlines","Mar-20",190,170,20,143,135,27,35,2020,3
"Melbourne-Newcastle","Melbourne","Newcastle","All Airlines","Mar-20",124,92,32,78,76,14,16,2020,3
"Melbourne-Perth","Melbourne","Perth","All Airlines","Mar-20",397,352,45,290,268,62,84,2020,3
"Melbourne-Sunshine Coast","Melbourne","Sunshine Coast","All Airlines","Mar-20",133,106,27,93,90,13,16,2020,3
"Melbourne-Sydney","Melbourne","Sydney","All Airlines","Mar-20",2135,1508,627,1308,1187,200,321,2020,3
"Mildura-Melbourne","Mildura","Melbourne","All Airlines","Mar-20",188,169,19,136,127,33,42,2020,3
"Mount Isa-Brisbane","Mount Isa","Brisbane","All Airlines","Mar-20",61,54,7,39,39,15,15,2020,3
"Newcastle-Brisbane","Newcastle","Brisbane","All Airlines","Mar-20",240,187,53,159,158,28,29,2020,3
"Newcastle-Melbourne","Newcastle","Melbourne","All Airlines","Mar-20",124,91,33,74,74,17,17,2020,3
"Newman-Perth","Newman","Perth","All Airlines","Mar-20",190,187,3,164,170,23,17,2020,3
"Perth-Adelaide","Perth","Adelaide","All Airlines","Mar-20",199,170,29,152,152,18,18,2020,3
"Perth-Brisbane","Perth","Brisbane","All Airlines","Mar-20",252,232,20,188,202,44,30,2020,3
"Perth-Broome","Perth","Broome","All Airlines","Mar-20",143,138,5,120,121,18,17,2020,3
"Perth-Darwin","Perth","Darwin","All Airlines","Mar-20",59,54,5,49,49,5,5,2020,3
"Perth-Kalgoorlie","Perth","Kalgoorlie","All Airlines","Mar-20",164,152,12,139,135,13,17,2020,3
"Perth-Karratha","Perth","Karratha","All Airlines","Mar-20",261,245,16,229,229,16,16,2020,3
"Perth-Melbourne","Perth","Melbourne","All Airlines","Mar-20",395,351,44,313,309,38,42,2020,3
"Perth-Newman","Perth","Newman","All Airlines","Mar-20",190,187,3,172,168,15,19,2020,3
"Perth-Port Hedland","Perth","Port Hedland","All Airlines","Mar-20",207,196,11,180,175,16,21,2020,3
"Perth-Sydney","Perth","Sydney","All Airlines","Mar-20",346,309,37,258,264,51,45,2020,3
"Port Hedland-Perth","Port Hedland","Perth","All Airlines","Mar-20",206,194,12,173,170,21,24,2020,3
"Port Lincoln-Adelaide","Port Lincoln","Adelaide","All Airlines","Mar-20",296,248,48,237,236,11,12,2020,3
"Port Macquarie-Sydney","Port Macquarie","Sydney","All Airlines","Mar-20",157,139,18,122,117,17,22,2020,3
"Proserpine-Brisbane","Proserpine","Brisbane","All Airlines","Mar-20",68,59,9,50,50,9,9,2020,3
"Rockhampton-Brisbane","Rockhampton","Brisbane","All Airlines","Mar-20",324,262,62,229,232,33,30,2020,3
"Sunshine Coast-Melbourne","Sunshine Coast","Melbourne","All Airlines","Mar-20",134,106,28,74,77,32,29,2020,3
"Sunshine Coast-Sydney","Sunshine Coast","Sydney","All Airlines","Mar-20",175,149,26,104,103,45,46,2020,3
"Sydney-Adelaide","Sydney","Adelaide","All Airlines","Mar-20",495,408,87,341,346,67,62,2020,3
"Sydney-Albury","Sydney","Albury","All Airlines","Mar-20",244,217,27,191,192,26,25,2020,3
"Sydney-Armidale","Sydney","Armidale","All Airlines","Mar-20",180,148,32,116,113,32,35,2020,3
"Sydney-Ayers Rock","Sydney","Ayers Rock","All Airlines","Mar-20",57,45,12,40,39,5,6,2020,3
"Sydney-Ballina","Sydney","Ballina","All Airlines","Mar-20",132,107,25,95,93,12,14,2020,3
"Sydney-Brisbane","Sydney","Brisbane","All Airlines","Mar-20",1226,956,270,799,791,157,165,2020,3
"Sydney-Cairns","Sydney","Cairns","All Airlines","Mar-20",198,163,35,132,140,31,23,2020,3
"Sydney-Canberra","Sydney","Canberra","All Airlines","Mar-20",695,537,158,445,460,92,77,2020,3
"Sydney-Coffs Harbour","Sydney","Coffs Harbour","All Airlines","Mar-20",166,152,14,130,132,22,20,2020,3
"Sydney-Darwin","Sydney","Darwin","All Airlines","Mar-20",77,69,8,52,55,17,14,2020,3
"Sydney-Dubbo","Sydney","Dubbo","All Airlines","Mar-20",234,202,32,174,170,28,32,2020,3
"Sydney-Gold Coast","Sydney","Gold Coast","All Airlines","Mar-20",621,469,152,396,383,73,86,2020,3
"Sydney-Hamilton Island","Sydney","Hamilton Island","All Airlines","Mar-20",72,59,13,51,49,8,10,2020,3
"Sydney-Hobart","Sydney","Hobart","All Airlines","Mar-20",233,177,56,147,155,30,22,2020,3
"Sydney-Launceston","Sydney","Launceston","All Airlines","Mar-20",85,63,22,57,59,6,4,2020,3
"Sydney-Melbourne","Sydney","Melbourne","All Airlines","Mar-20",2136,1513,623,1255,1229,258,284,2020,3
"Sydney-Perth","Sydney","Perth","All Airlines","Mar-20",349,312,37,231,243,81,69,2020,3
"Sydney-Port Macquarie","Sydney","Port Macquarie","All Airlines","Mar-20",155,138,17,121,121,17,17,2020,3
"Sydney-Sunshine Coast","Sydney","Sunshine Coast","All Airlines","Mar-20",173,147,26,109,109,38,38,2020,3
"Sydney-Tamworth","Sydney","Tamworth","All Airlines","Mar-20",181,158,23,117,123,41,35,2020,3
"Sydney-Townsville","Sydney","Townsville","All Airlines","Mar-20",33,29,4,25,23,4,6,2020,3
"Sydney-Wagga Wagga","Sydney","Wagga Wagga","All Airlines","Mar-20",222,191,31,167,165,24,26,2020,3
"Tamworth-Sydney","Tamworth","Sydney","All Airlines","Mar-20",181,155,26,128,127,27,28,2020,3
"Townsville-Brisbane","Townsville","Brisbane","All Airlines","Mar-20",343,283,60,249,250,34,33,2020,3
"Townsville-Cairns","Townsville","Cairns","All Airlines","Mar-20",140,134,6,118,124,16,10,2020,3
"Townsville-Sydney","Townsville","Sydney","All Airlines","Mar-20",33,29,4,22,25,7,4,2020,3
"Wagga Wagga-Sydney","Wagga Wagga","Sydney","All Airlines","Mar-20",223,193,30,167,156,26,37,2020,3
"Adelaide-Melbourne","Adelaide","Melbourne","Jetstar","Apr-20",30,28,2,24,24,4,4,2020,4
"Adelaide-Sydney","Adelaide","Sydney","Jetstar","Apr-20",29,23,6,16,18,7,5,2020,4
"Brisbane-Cairns","Brisbane","Cairns","Jetstar","Apr-20",3,3,0,3,3,0,0,2020,4
"Brisbane-Melbourne","Brisbane","Melbourne","Jetstar","Apr-20",4,4,0,4,4,0,0,2020,4
"Brisbane-Sydney","Brisbane","Sydney","Jetstar","Apr-20",29,24,5,24,24,0,0,2020,4
"Brisbane-Townsville","Brisbane","Townsville","Jetstar","Apr-20",3,3,0,3,3,0,0,2020,4
"Cairns-Brisbane","Cairns","Brisbane","Jetstar","Apr-20",3,3,0,3,3,0,0,2020,4
"Melbourne-Adelaide","Melbourne","Adelaide","Jetstar","Apr-20",29,27,2,19,20,8,7,2020,4
"Melbourne-Brisbane","Melbourne","Brisbane","Jetstar","Apr-20",4,4,0,4,4,0,0,2020,4
"Melbourne-Sydney","Melbourne","Sydney","Jetstar","Apr-20",35,27,8,23,25,4,2,2020,4
"Sydney-Adelaide","Sydney","Adelaide","Jetstar","Apr-20",29,23,6,19,20,4,3,2020,4
"Sydney-Brisbane","Sydney","Brisbane","Jetstar","Apr-20",30,25,5,25,25,0,0,2020,4
"Sydney-Melbourne","Sydney","Melbourne","Jetstar","Apr-20",35,28,7,26,26,2,2,2020,4
"Townsville-Brisbane","Townsville","Brisbane","Jetstar","Apr-20",3,3,0,3,3,0,0,2020,4
"Adelaide-Brisbane","Adelaide","Brisbane","Qantas","Apr-20",10,7,3,4,5,3,2,2020,4
"Adelaide-Melbourne","Adelaide","Melbourne","Qantas","Apr-20",20,15,5,13,14,2,1,2020,4
"Adelaide-Sydney","Adelaide","Sydney","Qantas","Apr-20",19,13,6,11,13,2,0,2020,4
"Brisbane-Adelaide","Brisbane","Adelaide","Qantas","Apr-20",11,7,4,6,6,1,1,2020,4
"Brisbane-Cairns","Brisbane","Cairns","Qantas","Apr-20",17,9,8,8,8,1,1,2020,4
"Brisbane-Melbourne","Brisbane","Melbourne","Qantas","Apr-20",45,29,16,27,28,2,1,2020,4
"Brisbane-Mount Isa","Brisbane","Mount Isa","Qantas","Apr-20",16,13,3,12,12,1,1,2020,4
"Brisbane-Perth","Brisbane","Perth","Qantas","Apr-20",24,19,5,19,19,0,0,2020,4
"Brisbane-Sydney","Brisbane","Sydney","Qantas","Apr-20",76,50,26,37,43,13,7,2020,4
"Brisbane-Townsville","Brisbane","Townsville","Qantas","Apr-20",12,11,1,9,11,2,0,2020,4
"Broome-Perth","Broome","Perth","Qantas","Apr-20",4,4,0,2,3,2,1,2020,4
"Cairns-Brisbane","Cairns","Brisbane","Qantas","Apr-20",10,8,2,6,6,2,2,2020,4
"Cairns-Sydney","Cairns","Sydney","Qantas","Apr-20",10,9,1,8,8,1,1,2020,4
"Cairns-Townsville","Cairns","Townsville","Qantas","Apr-20",9,3,6,2,2,1,1,2020,4
"Canberra-Melbourne","Canberra","Melbourne","Qantas","Apr-20",2,0,2,0,0,0,0,2020,4
"Gold Coast-Sydney","Gold Coast","Sydney","Qantas","Apr-20",10,9,1,9,9,0,0,2020,4
"Kalgoorlie-Perth","Kalgoorlie","Perth","Qantas","Apr-20",3,0,3,0,0,0,0,2020,4
"Karratha-Perth","Karratha","Perth","Qantas","Apr-20",34,14,20,13,14,1,0,2020,4
"Melbourne-Adelaide","Melbourne","Adelaide","Qantas","Apr-20",20,15,5,14,14,1,1,2020,4
"Melbourne-Brisbane","Melbourne","Brisbane","Qantas","Apr-20",45,29,16,26,28,3,1,2020,4
"Melbourne-Canberra","Melbourne","Canberra","Qantas","Apr-20",2,0,2,0,0,0,0,2020,4
"Melbourne-Perth","Melbourne","Perth","Qantas","Apr-20",43,35,8,31,32,4,3,2020,4
"Melbourne-Sydney","Melbourne","Sydney","Qantas","Apr-20",81,54,27,48,51,6,3,2020,4
"Mount Isa-Brisbane","Mount Isa","Brisbane","Qantas","Apr-20",16,13,3,11,11,2,2,2020,4
"Newman-Perth","Newman","Perth","Qantas","Apr-20",17,8,9,8,8,0,0,2020,4
"Perth-Brisbane","Perth","Brisbane","Qantas","Apr-20",25,18,7,17,17,1,1,2020,4
"Perth-Broome","Perth","Broome","Qantas","Apr-20",4,4,0,3,3,1,1,2020,4
"Perth-Kalgoorlie","Perth","Kalgoorlie","Qantas","Apr-20",3,0,3,0,0,0,0,2020,4
"Perth-Karratha","Perth","Karratha","Qantas","Apr-20",35,15,20,15,15,0,0,2020,4
"Perth-Melbourne","Perth","Melbourne","Qantas","Apr-20",45,37,8,32,32,5,5,2020,4
"Perth-Newman","Perth","Newman","Qantas","Apr-20",17,8,9,8,8,0,0,2020,4
"Perth-Port Hedland","Perth","Port Hedland","Qantas","Apr-20",29,12,17,11,11,1,1,2020,4
"Perth-Sydney","Perth","Sydney","Qantas","Apr-20",52,39,13,29,28,10,11,2020,4
"Port Hedland-Perth","Port Hedland","Perth","Qantas","Apr-20",29,12,17,12,12,0,0,2020,4
"Sydney-Adelaide","Sydney","Adelaide","Qantas","Apr-20",19,13,6,12,13,1,0,2020,4
"Sydney-Brisbane","Sydney","Brisbane","Qantas","Apr-20",75,51,24,46,47,5,4,2020,4
"Sydney-Cairns","Sydney","Cairns","Qantas","Apr-20",9,9,0,8,8,1,1,2020,4
"Sydney-Gold Coast","Sydney","Gold Coast","Qantas","Apr-20",10,9,1,9,9,0,0,2020,4
"Sydney-Melbourne","Sydney","Melbourne","Qantas","Apr-20",81,50,31,47,49,3,1,2020,4
"Sydney-Perth","Sydney","Perth","Qantas","Apr-20",52,37,15,24,31,13,6,2020,4
"Townsville-Brisbane","Townsville","Brisbane","Qantas","Apr-20",19,12,7,11,12,1,0,2020,4
"Townsville-Cairns","Townsville","Cairns","Qantas","Apr-20",2,2,0,1,1,1,1,2020,4
"Adelaide-Port Lincoln","Adelaide","Port Lincoln","QantasLink","Apr-20",15,10,5,8,8,2,2,2020,4
"Albury-Sydney","Albury","Sydney","QantasLink","Apr-20",18,14,4,12,13,2,1,2020,4
"Armidale-Sydney","Armidale","Sydney","QantasLink","Apr-20",10,7,3,6,6,1,1,2020,4
"Brisbane-Bundaberg","Brisbane","Bundaberg","QantasLink","Apr-20",6,5,1,4,4,1,1,2020,4
"Brisbane-Canberra","Brisbane","Canberra","QantasLink","Apr-20",20,18,2,18,18,0,0,2020,4
"Brisbane-Emerald","Brisbane","Emerald","QantasLink","Apr-20",60,46,14,43,45,3,1,2020,4
"Brisbane-Gladstone","Brisbane","Gladstone","QantasLink","Apr-20",46,27,19,26,26,1,1,2020,4
"Brisbane-Mackay","Brisbane","Mackay","QantasLink","Apr-20",58,49,9,45,47,4,2,2020,4
"Brisbane-Newcastle","Brisbane","Newcastle","QantasLink","Apr-20",10,9,1,8,8,1,1,2020,4
"Brisbane-Rockhampton","Brisbane","Rockhampton","QantasLink","Apr-20",54,37,17,35,35,2,2,2020,4
"Broome-Perth","Broome","Perth","QantasLink","Apr-20",45,22,23,22,22,0,0,2020,4
"Bundaberg-Brisbane","Bundaberg","Brisbane","QantasLink","Apr-20",6,5,1,3,3,2,2,2020,4
"Cairns-Townsville","Cairns","Townsville","QantasLink","Apr-20",32,27,5,27,27,0,0,2020,4
"Canberra-Brisbane","Canberra","Brisbane","QantasLink","Apr-20",20,18,2,18,18,0,0,2020,4
"Canberra-Melbourne","Canberra","Melbourne","QantasLink","Apr-20",44,35,9,31,33,4,2,2020,4
"Canberra-Sydney","Canberra","Sydney","QantasLink","Apr-20",53,45,8,41,42,4,3,2020,4
"Dubbo-Sydney","Dubbo","Sydney","QantasLink","Apr-20",17,13,4,13,13,0,0,2020,4
"Emerald-Brisbane","Emerald","Brisbane","QantasLink","Apr-20",62,47,15,45,45,2,2,2020,4
"Gladstone-Brisbane","Gladstone","Brisbane","QantasLink","Apr-20",46,27,19,26,26,1,1,2020,4
"Kalgoorlie-Perth","Kalgoorlie","Perth","QantasLink","Apr-20",42,20,22,20,20,0,0,2020,4
"Karratha-Perth","Karratha","Perth","QantasLink","Apr-20",41,13,28,13,12,0,1,2020,4
"Mackay-Brisbane","Mackay","Brisbane","QantasLink","Apr-20",63,54,9,52,52,2,2,2020,4
"Melbourne-Canberra","Melbourne","Canberra","QantasLink","Apr-20",44,35,9,31,30,4,5,2020,4
"Melbourne-Mildura","Melbourne","Mildura","QantasLink","Apr-20",15,11,4,10,10,1,1,2020,4
"Mildura-Melbourne","Mildura","Melbourne","QantasLink","Apr-20",16,13,3,11,11,2,2,2020,4
"Newcastle-Brisbane","Newcastle","Brisbane","QantasLink","Apr-20",10,9,1,8,8,1,1,2020,4
"Newman-Perth","Newman","Perth","QantasLink","Apr-20",72,44,28,40,41,4,3,2020,4
"Perth-Broome","Perth","Broome","QantasLink","Apr-20",47,22,25,21,21,1,1,2020,4
"Perth-Kalgoorlie","Perth","Kalgoorlie","QantasLink","Apr-20",41,20,21,20,20,0,0,2020,4
"Perth-Karratha","Perth","Karratha","QantasLink","Apr-20",41,13,28,12,13,1,0,2020,4
"Perth-Newman","Perth","Newman","QantasLink","Apr-20",72,44,28,40,40,4,4,2020,4
"Perth-Port Hedland","Perth","Port Hedland","QantasLink","Apr-20",38,17,21,16,16,1,1,2020,4
"Port Hedland-Perth","Port Hedland","Perth","QantasLink","Apr-20",38,16,22,16,16,0,0,2020,4
"Port Lincoln-Adelaide","Port Lincoln","Adelaide","QantasLink","Apr-20",15,10,5,8,9,2,1,2020,4
"Port Macquarie-Sydney","Port Macquarie","Sydney","QantasLink","Apr-20",10,4,6,4,4,0,0,2020,4
"Rockhampton-Brisbane","Rockhampton","Brisbane","QantasLink","Apr-20",50,34,16,32,31,2,3,2020,4
"Sydney-Albury","Sydney","Albury","QantasLink","Apr-20",21,15,6,14,14,1,1,2020,4
"Sydney-Armidale","Sydney","Armidale","QantasLink","Apr-20",11,8,3,8,8,0,0,2020,4
"Sydney-Canberra","Sydney","Canberra","QantasLink","Apr-20",51,43,8,41,42,2,1,2020,4
"Sydney-Dubbo","Sydney","Dubbo","QantasLink","Apr-20",20,14,6,14,14,0,0,2020,4
"Sydney-Port Macquarie","Sydney","Port Macquarie","QantasLink","Apr-20",9,4,5,4,4,0,0,2020,4
"Sydney-Wagga Wagga","Sydney","Wagga Wagga","QantasLink","Apr-20",16,10,6,10,10,0,0,2020,4
"Townsville-Cairns","Townsville","Cairns","QantasLink","Apr-20",31,26,5,25,25,1,1,2020,4
"Wagga Wagga-Sydney","Wagga Wagga","Sydney","QantasLink","Apr-20",18,11,7,11,10,0,1,2020,4
"Adelaide-Port Lincoln","Adelaide","Port Lincoln","Regional Express","Apr-20",30,17,13,17,17,0,0,2020,4
"Albury-Sydney","Albury","Sydney","Regional Express","Apr-20",11,6,5,2,5,4,1,2020,4
"Armidale-Sydney","Armidale","Sydney","Regional Express","Apr-20",2,0,2,0,0,0,0,2020,4
"Cairns-Townsville","Cairns","Townsville","Regional Express","Apr-20",5,4,1,4,4,0,0,2020,4
"Dubbo-Sydney","Dubbo","Sydney","Regional Express","Apr-20",20,15,5,14,15,1,0,2020,4
"Melbourne-Mildura","Melbourne","Mildura","Regional Express","Apr-20",12,8,4,7,6,1,2,2020,4
"Mildura-Melbourne","Mildura","Melbourne","Regional Express","Apr-20",11,7,4,7,7,0,0,2020,4
"Port Lincoln-Adelaide","Port Lincoln","Adelaide","Regional Express","Apr-20",29,16,13,13,14,3,2,2020,4
"Sydney-Albury","Sydney","Albury","Regional Express","Apr-20",11,6,5,4,3,2,3,2020,4
"Sydney-Armidale","Sydney","Armidale","Regional Express","Apr-20",2,0,2,0,0,0,0,2020,4
"Sydney-Dubbo","Sydney","Dubbo","Regional Express","Apr-20",20,12,8,10,10,2,2,2020,4
"Sydney-Wagga Wagga","Sydney","Wagga Wagga","Regional Express","Apr-20",21,11,10,9,10,2,1,2020,4
"Townsville-Cairns","Townsville","Cairns","Regional Express","Apr-20",5,4,1,4,4,0,0,2020,4
"Wagga Wagga-Sydney","Wagga Wagga","Sydney","Regional Express","Apr-20",20,12,8,10,9,2,3,2020,4
"Adelaide-Brisbane","Adelaide","Brisbane","Virgin Australia","Apr-20",2,0,2,0,0,0,0,2020,4
"Adelaide-Melbourne","Adelaide","Melbourne","Virgin Australia","Apr-20",23,10,13,9,9,1,1,2020,4
"Adelaide-Sydney","Adelaide","Sydney","Virgin Australia","Apr-20",2,0,2,0,0,0,0,2020,4
"Brisbane-Adelaide","Brisbane","Adelaide","Virgin Australia","Apr-20",1,0,1,0,0,0,0,2020,4
"Brisbane-Bundaberg","Brisbane","Bundaberg","Virgin Australia","Apr-20",27,25,2,25,25,0,0,2020,4
"Brisbane-Cairns","Brisbane","Cairns","Virgin Australia","Apr-20",20,12,8,11,12,1,0,2020,4
"Brisbane-Canberra","Brisbane","Canberra","Virgin Australia","Apr-20",1,0,1,0,0,0,0,2020,4
"Brisbane-Emerald","Brisbane","Emerald","Virgin Australia","Apr-20",1,0,1,0,0,0,0,2020,4
"Brisbane-Gladstone","Brisbane","Gladstone","Virgin Australia","Apr-20",34,22,12,22,22,0,0,2020,4
"Brisbane-Mackay","Brisbane","Mackay","Virgin Australia","Apr-20",26,17,9,17,17,0,0,2020,4
"Brisbane-Melbourne","Brisbane","Melbourne","Virgin Australia","Apr-20",47,30,17,28,29,2,1,2020,4
"Brisbane-Mount Isa","Brisbane","Mount Isa","Virgin Australia","Apr-20",1,0,1,0,0,0,0,2020,4
"Brisbane-Newcastle","Brisbane","Newcastle","Virgin Australia","Apr-20",2,0,2,0,0,0,0,2020,4
"Brisbane-Perth","Brisbane","Perth","Virgin Australia","Apr-20",17,6,11,5,5,1,1,2020,4
"Brisbane-Rockhampton","Brisbane","Rockhampton","Virgin Australia","Apr-20",22,12,10,12,12,0,0,2020,4
"Brisbane-Sydney","Brisbane","Sydney","Virgin Australia","Apr-20",48,26,22,24,25,2,1,2020,4
"Brisbane-Townsville","Brisbane","Townsville","Virgin Australia","Apr-20",20,12,8,10,12,2,0,2020,4
"Bundaberg-Brisbane","Bundaberg","Brisbane","Virgin Australia","Apr-20",17,15,2,15,15,0,0,2020,4
"Cairns-Brisbane","Cairns","Brisbane","Virgin Australia","Apr-20",19,12,7,10,11,2,1,2020,4
"Cairns-Sydney","Cairns","Sydney","Virgin Australia","Apr-20",2,0,2,0,0,0,0,2020,4
"Canberra-Brisbane","Canberra","Brisbane","Virgin Australia","Apr-20",2,0,2,0,0,0,0,2020,4
"Canberra-Melbourne","Canberra","Melbourne","Virgin Australia","Apr-20",22,12,10,12,12,0,0,2020,4
"Canberra-Sydney","Canberra","Sydney","Virgin Australia","Apr-20",5,0,5,0,0,0,0,2020,4
"Emerald-Brisbane","Emerald","Brisbane","Virgin Australia","Apr-20",2,0,2,0,0,0,0,2020,4
"Gladstone-Brisbane","Gladstone","Brisbane","Virgin Australia","Apr-20",44,32,12,32,32,0,0,2020,4
"Gold Coast-Sydney","Gold Coast","Sydney","Virgin Australia","Apr-20",24,13,11,11,12,2,1,2020,4
"Kalgoorlie-Perth","Kalgoorlie","Perth","Virgin Australia","Apr-20",13,10,3,9,9,1,1,2020,4
"Karratha-Perth","Karratha","Perth","Virgin Australia","Apr-20",3,2,1,2,2,0,0,2020,4
"Mackay-Brisbane","Mackay","Brisbane","Virgin Australia","Apr-20",27,17,10,17,17,0,0,2020,4
"Melbourne-Adelaide","Melbourne","Adelaide","Virgin Australia","Apr-20",24,12,12,11,11,1,1,2020,4
"Melbourne-Brisbane","Melbourne","Brisbane","Virgin Australia","Apr-20",47,30,17,25,26,5,4,2020,4
"Melbourne-Canberra","Melbourne","Canberra","Virgin Australia","Apr-20",21,12,9,11,11,1,1,2020,4
"Melbourne-Mildura","Melbourne","Mildura","Virgin Australia","Apr-20",1,0,1,0,0,0,0,2020,4
"Melbourne-Perth","Melbourne","Perth","Virgin Australia","Apr-20",30,20,10,14,16,6,4,2020,4
"Melbourne-Sydney","Melbourne","Sydney","Virgin Australia","Apr-20",66,34,32,32,32,2,2,2020,4
"Mildura-Melbourne","Mildura","Melbourne","Virgin Australia","Apr-20",1,0,1,0,0,0,0,2020,4
"Mount Isa-Brisbane","Mount Isa","Brisbane","Virgin Australia","Apr-20",1,0,1,0,0,0,0,2020,4
"Newcastle-Brisbane","Newcastle","Brisbane","Virgin Australia","Apr-20",2,0,2,0,0,0,0,2020,4
"Newman-Perth","Newman","Perth","Virgin Australia","Apr-20",6,3,3,2,2,1,1,2020,4
"Perth-Brisbane","Perth","Brisbane","Virgin Australia","Apr-20",15,6,9,5,6,1,0,2020,4
"Perth-Kalgoorlie","Perth","Kalgoorlie","Virgin Australia","Apr-20",13,10,3,9,9,1,1,2020,4
"Perth-Karratha","Perth","Karratha","Virgin Australia","Apr-20",3,2,1,1,2,1,0,2020,4
"Perth-Melbourne","Perth","Melbourne","Virgin Australia","Apr-20",30,20,10,17,17,3,3,2020,4
"Perth-Newman","Perth","Newman","Virgin Australia","Apr-20",6,3,3,3,3,0,0,2020,4
"Perth-Port Hedland","Perth","Port Hedland","Virgin Australia","Apr-20",16,12,4,12,12,0,0,2020,4
"Perth-Sydney","Perth","Sydney","Virgin Australia","Apr-20",3,0,3,0,0,0,0,2020,4
"Port Hedland-Perth","Port Hedland","Perth","Virgin Australia","Apr-20",16,12,4,11,11,1,1,2020,4
"Port Macquarie-Sydney","Port Macquarie","Sydney","Virgin Australia","Apr-20",1,0,1,0,0,0,0,2020,4
"Rockhampton-Brisbane","Rockhampton","Brisbane","Virgin Australia","Apr-20",23,12,11,12,12,0,0,2020,4
"Sydney-Adelaide","Sydney","Adelaide","Virgin Australia","Apr-20",2,0,2,0,0,0,0,2020,4
"Sydney-Brisbane","Sydney","Brisbane","Virgin Australia","Apr-20",54,28,26,25,26,3,2,2020,4
"Sydney-Cairns","Sydney","Cairns","Virgin Australia","Apr-20",2,0,2,0,0,0,0,2020,4
"Sydney-Canberra","Sydney","Canberra","Virgin Australia","Apr-20",3,0,3,0,0,0,0,2020,4
"Sydney-Gold Coast","Sydney","Gold Coast","Virgin Australia","Apr-20",23,13,10,13,13,0,0,2020,4
"Sydney-Melbourne","Sydney","Melbourne","Virgin Australia","Apr-20",71,37,34,36,37,1,0,2020,4
"Sydney-Perth","Sydney","Perth","Virgin Australia","Apr-20",3,0,3,0,0,0,0,2020,4
"Sydney-Port Macquarie","Sydney","Port Macquarie","Virgin Australia","Apr-20",1,0,1,0,0,0,0,2020,4
"Townsville-Brisbane","Townsville","Brisbane","Virgin Australia","Apr-20",20,12,8,12,12,0,0,2020,4
"Broome-Perth","Broome","Perth","Virgin Australia Regional Airlines","Apr-20",18,14,4,12,13,2,1,2020,4
"Kalgoorlie-Perth","Kalgoorlie","Perth","Virgin Australia Regional Airlines","Apr-20",13,10,3,10,10,0,0,2020,4
"Karratha-Perth","Karratha","Perth","Virgin Australia Regional Airlines","Apr-20",23,18,5,17,16,1,2,2020,4
"Newman-Perth","Newman","Perth","Virgin Australia Regional Airlines","Apr-20",13,12,1,12,12,0,0,2020,4
"Perth-Broome","Perth","Broome","Virgin Australia Regional Airlines","Apr-20",18,14,4,14,14,0,0,2020,4
"Perth-Kalgoorlie","Perth","Kalgoorlie","Virgin Australia Regional Airlines","Apr-20",13,10,3,9,9,1,1,2020,4
"Perth-Karratha","Perth","Karratha","Virgin Australia Regional Airlines","Apr-20",23,18,5,18,18,0,0,2020,4
"Perth-Newman","Perth","Newman","Virgin Australia Regional Airlines","Apr-20",13,12,1,10,10,2,2,2020,4
"Perth-Port Hedland","Perth","Port Hedland","Virgin Australia Regional Airlines","Apr-20",11,8,3,8,8,0,0,2020,4
"Port Hedland-Perth","Port Hedland","Perth","Virgin Australia Regional Airlines","Apr-20",11,8,3,7,7,1,1,2020,4
"Adelaide-Brisbane","Adelaide","Brisbane","All Airlines","Apr-20",12,7,5,4,5,3,2,2020,4
"Adelaide-Melbourne","Adelaide","Melbourne","All Airlines","Apr-20",73,53,20,46,47,7,6,2020,4
"Adelaide-Port Lincoln","Adelaide","Port Lincoln","All Airlines","Apr-20",45,27,18,25,25,2,2,2020,4
"Adelaide-Sydney","Adelaide","Sydney","All Airlines","Apr-20",50,36,14,27,31,9,5,2020,4
"Albury-Sydney","Albury","Sydney","All Airlines","Apr-20",29,20,9,14,18,6,2,2020,4
"Armidale-Sydney","Armidale","Sydney","All Airlines","Apr-20",12,7,5,6,6,1,1,2020,4
"Brisbane-Adelaide","Brisbane","Adelaide","All Airlines","Apr-20",12,7,5,6,6,1,1,2020,4
"Brisbane-Bundaberg","Brisbane","Bundaberg","All Airlines","Apr-20",33,30,3,29,29,1,1,2020,4
"Brisbane-Cairns","Brisbane","Cairns","All Airlines","Apr-20",40,24,16,22,23,2,1,2020,4
"Brisbane-Canberra","Brisbane","Canberra","All Airlines","Apr-20",21,18,3,18,18,0,0,2020,4
"Brisbane-Emerald","Brisbane","Emerald","All Airlines","Apr-20",61,46,15,43,45,3,1,2020,4
"Brisbane-Gladstone","Brisbane","Gladstone","All Airlines","Apr-20",80,49,31,48,48,1,1,2020,4
"Brisbane-Mackay","Brisbane","Mackay","All Airlines","Apr-20",84,66,18,62,64,4,2,2020,4
"Brisbane-Melbourne","Brisbane","Melbourne","All Airlines","Apr-20",96,63,33,59,61,4,2,2020,4
"Brisbane-Mount Isa","Brisbane","Mount Isa","All Airlines","Apr-20",17,13,4,12,12,1,1,2020,4
"Brisbane-Newcastle","Brisbane","Newcastle","All Airlines","Apr-20",12,9,3,8,8,1,1,2020,4
"Brisbane-Perth","Brisbane","Perth","All Airlines","Apr-20",41,25,16,24,24,1,1,2020,4
"Brisbane-Rockhampton","Brisbane","Rockhampton","All Airlines","Apr-20",76,49,27,47,47,2,2,2020,4
"Brisbane-Sydney","Brisbane","Sydney","All Airlines","Apr-20",153,100,53,85,92,15,8,2020,4
"Brisbane-Townsville","Brisbane","Townsville","All Airlines","Apr-20",35,26,9,22,26,4,0,2020,4
"Broome-Perth","Broome","Perth","All Airlines","Apr-20",67,40,27,36,38,4,2,2020,4
"Bundaberg-Brisbane","Bundaberg","Brisbane","All Airlines","Apr-20",23,20,3,18,18,2,2,2020,4
"Cairns-Brisbane","Cairns","Brisbane","All Airlines","Apr-20",32,23,9,19,20,4,3,2020,4
"Cairns-Sydney","Cairns","Sydney","All Airlines","Apr-20",12,9,3,8,8,1,1,2020,4
"Cairns-Townsville","Cairns","Townsville","All Airlines","Apr-20",46,34,12,33,33,1,1,2020,4
"Canberra-Brisbane","Canberra","Brisbane","All Airlines","Apr-20",22,18,4,18,18,0,0,2020,4
"Canberra-Melbourne","Canberra","Melbourne","All Airlines","Apr-20",68,47,21,43,45,4,2,2020,4
"Canberra-Sydney","Canberra","Sydney","All Airlines","Apr-20",58,45,13,41,42,4,3,2020,4
"Dubbo-Sydney","Dubbo","Sydney","All Airlines","Apr-20",37,28,9,27,28,1,0,2020,4
"Emerald-Brisbane","Emerald","Brisbane","All Airlines","Apr-20",64,47,17,45,45,2,2,2020,4
"Gladstone-Brisbane","Gladstone","Brisbane","All Airlines","Apr-20",90,59,31,58,58,1,1,2020,4
"Gold Coast-Sydney","Gold Coast","Sydney","All Airlines","Apr-20",34,22,12,20,21,2,1,2020,4
"Kalgoorlie-Perth","Kalgoorlie","Perth","All Airlines","Apr-20",71,40,31,39,39,1,1,2020,4
"Karratha-Perth","Karratha","Perth","All Airlines","Apr-20",101,47,54,45,44,2,3,2020,4
"Mackay-Brisbane","Mackay","Brisbane","All Airlines","Apr-20",90,71,19,69,69,2,2,2020,4
"Melbourne-Adelaide","Melbourne","Adelaide","All Airlines","Apr-20",73,54,19,44,45,10,9,2020,4
"Melbourne-Brisbane","Melbourne","Brisbane","All Airlines","Apr-20",96,63,33,55,58,8,5,2020,4
"Melbourne-Canberra","Melbourne","Canberra","All Airlines","Apr-20",67,47,20,42,41,5,6,2020,4
"Melbourne-Mildura","Melbourne","Mildura","All Airlines","Apr-20",28,19,9,17,16,2,3,2020,4
"Melbourne-Perth","Melbourne","Perth","All Airlines","Apr-20",73,55,18,45,48,10,7,2020,4
"Melbourne-Sydney","Melbourne","Sydney","All Airlines","Apr-20",182,115,67,103,108,12,7,2020,4
"Mildura-Melbourne","Mildura","Melbourne","All Airlines","Apr-20",28,20,8,18,18,2,2,2020,4
"Mount Isa-Brisbane","Mount Isa","Brisbane","All Airlines","Apr-20",17,13,4,11,11,2,2,2020,4
"Newcastle-Brisbane","Newcastle","Brisbane","All Airlines","Apr-20",12,9,3,8,8,1,1,2020,4
"Newman-Perth","Newman","Perth","All Airlines","Apr-20",108,67,41,62,63,5,4,2020,4
"Perth-Brisbane","Perth","Brisbane","All Airlines","Apr-20",40,24,16,22,23,2,1,2020,4
"Perth-Broome","Perth","Broome","All Airlines","Apr-20",69,40,29,38,38,2,2,2020,4
"Perth-Kalgoorlie","Perth","Kalgoorlie","All Airlines","Apr-20",70,40,30,38,38,2,2,2020,4
"Perth-Karratha","Perth","Karratha","All Airlines","Apr-20",102,48,54,46,48,2,0,2020,4
"Perth-Melbourne","Perth","Melbourne","All Airlines","Apr-20",75,57,18,49,49,8,8,2020,4
"Perth-Newman","Perth","Newman","All Airlines","Apr-20",108,67,41,61,61,6,6,2020,4
"Perth-Port Hedland","Perth","Port Hedland","All Airlines","Apr-20",94,49,45,47,47,2,2,2020,4
"Perth-Sydney","Perth","Sydney","All Airlines","Apr-20",55,39,16,29,28,10,11,2020,4
"Port Hedland-Perth","Port Hedland","Perth","All Airlines","Apr-20",94,48,46,46,46,2,2,2020,4
"Port Lincoln-Adelaide","Port Lincoln","Adelaide","All Airlines","Apr-20",44,26,18,21,23,5,3,2020,4
"Port Macquarie-Sydney","Port Macquarie","Sydney","All Airlines","Apr-20",11,4,7,4,4,0,0,2020,4
"Rockhampton-Brisbane","Rockhampton","Brisbane","All Airlines","Apr-20",73,46,27,44,43,2,3,2020,4
"Sydney-Adelaide","Sydney","Adelaide","All Airlines","Apr-20",50,36,14,31,33,5,3,2020,4
"Sydney-Albury","Sydney","Albury","All Airlines","Apr-20",32,21,11,18,17,3,4,2020,4
"Sydney-Armidale","Sydney","Armidale","All Airlines","Apr-20",13,8,5,8,8,0,0,2020,4
"Sydney-Brisbane","Sydney","Brisbane","All Airlines","Apr-20",159,104,55,96,98,8,6,2020,4
"Sydney-Cairns","Sydney","Cairns","All Airlines","Apr-20",11,9,2,8,8,1,1,2020,4
"Sydney-Canberra","Sydney","Canberra","All Airlines","Apr-20",54,43,11,41,42,2,1,2020,4
"Sydney-Dubbo","Sydney","Dubbo","All Airlines","Apr-20",40,26,14,24,24,2,2,2020,4
"Sydney-Gold Coast","Sydney","Gold Coast","All Airlines","Apr-20",33,22,11,22,22,0,0,2020,4
"Sydney-Melbourne","Sydney","Melbourne","All Airlines","Apr-20",187,115,72,109,112,6,3,2020,4
"Sydney-Perth","Sydney","Perth","All Airlines","Apr-20",55,37,18,24,31,13,6,2020,4
"Sydney-Port Macquarie","Sydney","Port Macquarie","All Airlines","Apr-20",10,4,6,4,4,0,0,2020,4
"Sydney-Wagga Wagga","Sydney","Wagga Wagga","All Airlines","Apr-20",37,21,16,19,20,2,1,2020,4
"Townsville-Brisbane","Townsville","Brisbane","All Airlines","Apr-20",42,27,15,26,27,1,0,2020,4
"Townsville-Cairns","Townsville","Cairns","All Airlines","Apr-20",38,32,6,30,30,2,2,2020,4
"Wagga Wagga-Sydney","Wagga Wagga","Sydney","All Airlines","Apr-20",38,23,15,21,19,2,4,2020,4
"Adelaide-Melbourne","Adelaide","Melbourne","Jetstar","May-20",31,31,0,27,28,4,3,2020,5
"Ballina-Sydney","Ballina","Sydney","Jetstar","May-20",9,9,0,8,9,1,0,2020,5
"Brisbane-Cairns","Brisbane","Cairns","Jetstar","May-20",9,9,0,7,7,2,2,2020,5
"Brisbane-Melbourne","Brisbane","Melbourne","Jetstar","May-20",14,14,0,11,12,3,2,2020,5
"Brisbane-Sydney","Brisbane","Sydney","Jetstar","May-20",31,31,0,27,28,4,3,2020,5
"Brisbane-Townsville","Brisbane","Townsville","Jetstar","May-20",9,9,0,9,9,0,0,2020,5
"Cairns-Brisbane","Cairns","Brisbane","Jetstar","May-20",9,9,0,6,7,3,2,2020,5
"Melbourne-Adelaide","Melbourne","Adelaide","Jetstar","May-20",31,31,0,31,31,0,0,2020,5
"Melbourne-Brisbane","Melbourne","Brisbane","Jetstar","May-20",14,14,0,14,13,0,1,2020,5
"Melbourne-Sydney","Melbourne","Sydney","Jetstar","May-20",32,32,0,30,29,2,3,2020,5
"Sydney-Ballina","Sydney","Ballina","Jetstar","May-20",9,9,0,8,8,1,1,2020,5
"Sydney-Brisbane","Sydney","Brisbane","Jetstar","May-20",31,31,0,29,29,2,2,2020,5
"Sydney-Melbourne","Sydney","Melbourne","Jetstar","May-20",31,31,0,28,29,3,2,2020,5
"Townsville-Brisbane","Townsville","Brisbane","Jetstar","May-20",9,9,0,9,9,0,0,2020,5
"Brisbane-Melbourne","Brisbane","Melbourne","Qantas","May-20",16,16,0,15,14,1,2,2020,5
"Brisbane-Sydney","Brisbane","Sydney","Qantas","May-20",21,21,0,18,19,3,2,2020,5
"Broome-Perth","Broome","Perth","Qantas","May-20",9,9,0,3,3,6,6,2020,5
"Melbourne-Brisbane","Melbourne","Brisbane","Qantas","May-20",16,16,0,13,14,3,2,2020,5
"Melbourne-Perth","Melbourne","Perth","Qantas","May-20",31,31,0,29,31,2,0,2020,5
"Melbourne-Sydney","Melbourne","Sydney","Qantas","May-20",22,22,0,18,18,4,4,2020,5
"Perth-Broome","Perth","Broome","Qantas","May-20",9,9,0,8,9,1,0,2020,5
"Perth-Melbourne","Perth","Melbourne","Qantas","May-20",31,31,0,22,26,9,5,2020,5
"Sydney-Brisbane","Sydney","Brisbane","Qantas","May-20",22,22,0,19,21,3,1,2020,5
"Sydney-Melbourne","Sydney","Melbourne","Qantas","May-20",22,22,0,21,22,1,0,2020,5
"Adelaide-Port Lincoln","Adelaide","Port Lincoln","QantasLink","May-20",9,9,0,9,9,0,0,2020,5
"Albury-Sydney","Albury","Sydney","QantasLink","May-20",8,8,0,7,7,1,1,2020,5
"Brisbane-Mackay","Brisbane","Mackay","QantasLink","May-20",14,14,0,14,14,0,0,2020,5
"Brisbane-Rockhampton","Brisbane","Rockhampton","QantasLink","May-20",13,13,0,13,13,0,0,2020,5
"Cairns-Townsville","Cairns","Townsville","QantasLink","May-20",26,26,0,26,26,0,0,2020,5
"Canberra-Melbourne","Canberra","Melbourne","QantasLink","May-20",23,23,0,21,22,2,1,2020,5
"Dubbo-Sydney","Dubbo","Sydney","QantasLink","May-20",8,8,0,7,8,1,0,2020,5
"Kalgoorlie-Perth","Kalgoorlie","Perth","QantasLink","May-20",9,9,0,8,8,1,1,2020,5
"Karratha-Perth","Karratha","Perth","QantasLink","May-20",8,8,0,8,8,0,0,2020,5
"Mackay-Brisbane","Mackay","Brisbane","QantasLink","May-20",14,14,0,14,14,0,0,2020,5
"Melbourne-Canberra","Melbourne","Canberra","QantasLink","May-20",23,23,0,19,22,4,1,2020,5
"Melbourne-Mildura","Melbourne","Mildura","QantasLink","May-20",8,8,0,7,7,1,1,2020,5
"Mildura-Melbourne","Mildura","Melbourne","QantasLink","May-20",8,8,0,7,8,1,0,2020,5
"Newman-Perth","Newman","Perth","QantasLink","May-20",13,13,0,12,12,1,1,2020,5
"Perth-Kalgoorlie","Perth","Kalgoorlie","QantasLink","May-20",9,9,0,8,8,1,1,2020,5
"Perth-Karratha","Perth","Karratha","QantasLink","May-20",8,8,0,8,8,0,0,2020,5
"Perth-Newman","Perth","Newman","QantasLink","May-20",13,13,0,13,13,0,0,2020,5
"Perth-Port Hedland","Perth","Port Hedland","QantasLink","May-20",12,12,0,11,11,1,1,2020,5
"Port Hedland-Perth","Port Hedland","Perth","QantasLink","May-20",3,3,0,3,3,0,0,2020,5
"Port Lincoln-Adelaide","Port Lincoln","Adelaide","QantasLink","May-20",9,9,0,9,9,0,0,2020,5
"Rockhampton-Brisbane","Rockhampton","Brisbane","QantasLink","May-20",14,14,0,13,13,1,1,2020,5
"Sydney-Albury","Sydney","Albury","QantasLink","May-20",8,8,0,7,7,1,1,2020,5
"Sydney-Dubbo","Sydney","Dubbo","QantasLink","May-20",8,8,0,7,7,1,1,2020,5
"Sydney-Wagga Wagga","Sydney","Wagga Wagga","QantasLink","May-20",9,9,0,9,9,0,0,2020,5
"Townsville-Cairns","Townsville","Cairns","QantasLink","May-20",27,27,0,25,25,2,2,2020,5
"Wagga Wagga-Sydney","Wagga Wagga","Sydney","QantasLink","May-20",9,9,0,7,8,2,1,2020,5
"Adelaide-Port Lincoln","Adelaide","Port Lincoln","Regional Express","May-20",10,10,0,10,10,0,0,2020,5
"Albury-Sydney","Albury","Sydney","Regional Express","May-20",8,8,0,7,7,1,1,2020,5
"Ballina-Sydney","Ballina","Sydney","Regional Express","May-20",7,7,0,6,6,1,1,2020,5
"Cairns-Townsville","Cairns","Townsville","Regional Express","May-20",9,9,0,8,9,1,0,2020,5
"Dubbo-Sydney","Dubbo","Sydney","Regional Express","May-20",13,13,0,12,12,1,1,2020,5
"Melbourne-Mildura","Melbourne","Mildura","Regional Express","May-20",9,9,0,8,9,1,0,2020,5
"Mildura-Melbourne","Mildura","Melbourne","Regional Express","May-20",9,9,0,9,9,0,0,2020,5
"Port Lincoln-Adelaide","Port Lincoln","Adelaide","Regional Express","May-20",10,10,0,9,9,1,1,2020,5
"Sydney-Albury","Sydney","Albury","Regional Express","May-20",9,9,0,8,8,1,1,2020,5
"Sydney-Ballina","Sydney","Ballina","Regional Express","May-20",7,7,0,5,6,2,1,2020,5
"Sydney-Dubbo","Sydney","Dubbo","Regional Express","May-20",13,13,0,10,11,3,2,2020,5
"Sydney-Wagga Wagga","Sydney","Wagga Wagga","Regional Express","May-20",9,9,0,8,8,1,1,2020,5
"Townsville-Cairns","Townsville","Cairns","Regional Express","May-20",9,9,0,9,9,0,0,2020,5
"Wagga Wagga-Sydney","Wagga Wagga","Sydney","Regional Express","May-20",10,10,0,8,9,2,1,2020,5
"Adelaide-Melbourne","Adelaide","Melbourne","Virgin Australia","May-20",13,13,0,11,12,2,1,2020,5
"Brisbane-Cairns","Brisbane","Cairns","Virgin Australia","May-20",14,14,0,13,13,1,1,2020,5
"Brisbane-Mackay","Brisbane","Mackay","Virgin Australia","May-20",23,23,0,22,22,1,1,2020,5
"Brisbane-Melbourne","Brisbane","Melbourne","Virgin Australia","May-20",41,41,0,36,37,5,4,2020,5
"Brisbane-Rockhampton","Brisbane","Rockhampton","Virgin Australia","May-20",13,13,0,12,12,1,1,2020,5
"Brisbane-Sydney","Brisbane","Sydney","Virgin Australia","May-20",31,31,0,29,29,2,2,2020,5
"Brisbane-Townsville","Brisbane","Townsville","Virgin Australia","May-20",13,13,0,13,12,0,1,2020,5
"Cairns-Brisbane","Cairns","Brisbane","Virgin Australia","May-20",14,14,0,11,13,3,1,2020,5
"Canberra-Melbourne","Canberra","Melbourne","Virgin Australia","May-20",12,12,0,12,12,0,0,2020,5
"Karratha-Perth","Karratha","Perth","Virgin Australia","May-20",2,2,0,1,2,1,0,2020,5
"Mackay-Brisbane","Mackay","Brisbane","Virgin Australia","May-20",23,23,0,22,23,1,0,2020,5
"Melbourne-Adelaide","Melbourne","Adelaide","Virgin Australia","May-20",13,13,0,11,11,2,2,2020,5
"Melbourne-Brisbane","Melbourne","Brisbane","Virgin Australia","May-20",41,41,0,38,38,3,3,2020,5
"Melbourne-Canberra","Melbourne","Canberra","Virgin Australia","May-20",12,12,0,12,12,0,0,2020,5
"Melbourne-Perth","Melbourne","Perth","Virgin Australia","May-20",31,31,0,27,29,4,2,2020,5
"Melbourne-Sydney","Melbourne","Sydney","Virgin Australia","May-20",31,31,0,28,28,3,3,2020,5
"Newman-Perth","Newman","Perth","Virgin Australia","May-20",2,2,0,2,2,0,0,2020,5
"Perth-Karratha","Perth","Karratha","Virgin Australia","May-20",2,2,0,2,2,0,0,2020,5
"Perth-Melbourne","Perth","Melbourne","Virgin Australia","May-20",31,31,0,29,25,2,6,2020,5
"Perth-Newman","Perth","Newman","Virgin Australia","May-20",2,2,0,2,2,0,0,2020,5
"Perth-Port Hedland","Perth","Port Hedland","Virgin Australia","May-20",2,2,0,2,2,0,0,2020,5
"Port Hedland-Perth","Port Hedland","Perth","Virgin Australia","May-20",2,2,0,2,2,0,0,2020,5
"Rockhampton-Brisbane","Rockhampton","Brisbane","Virgin Australia","May-20",13,13,0,10,12,3,1,2020,5
"Sydney-Brisbane","Sydney","Brisbane","Virgin Australia","May-20",31,31,0,30,30,1,1,2020,5
"Sydney-Melbourne","Sydney","Melbourne","Virgin Australia","May-20",31,31,0,30,30,1,1,2020,5
"Townsville-Brisbane","Townsville","Brisbane","Virgin Australia","May-20",13,13,0,11,12,2,1,2020,5
"Broome-Perth","Broome","Perth","Virgin Australia Regional Airlines","May-20",14,13,1,12,12,1,1,2020,5
"Kalgoorlie-Perth","Kalgoorlie","Perth","Virgin Australia Regional Airlines","May-20",8,8,0,7,7,1,1,2020,5
"Karratha-Perth","Karratha","Perth","Virgin Australia Regional Airlines","May-20",6,6,0,4,5,2,1,2020,5
"Newman-Perth","Newman","Perth","Virgin Australia Regional Airlines","May-20",6,6,0,6,6,0,0,2020,5
"Perth-Broome","Perth","Broome","Virgin Australia Regional Airlines","May-20",14,13,1,13,13,0,0,2020,5
"Perth-Kalgoorlie","Perth","Kalgoorlie","Virgin Australia Regional Airlines","May-20",8,8,0,7,7,1,1,2020,5
"Perth-Karratha","Perth","Karratha","Virgin Australia Regional Airlines","May-20",6,6,0,6,6,0,0,2020,5
"Perth-Newman","Perth","Newman","Virgin Australia Regional Airlines","May-20",6,6,0,6,6,0,0,2020,5
"Perth-Port Hedland","Perth","Port Hedland","Virgin Australia Regional Airlines","May-20",6,6,0,6,6,0,0,2020,5
"Port Hedland-Perth","Port Hedland","Perth","Virgin Australia Regional Airlines","May-20",6,6,0,6,6,0,0,2020,5
"Adelaide-Melbourne","Adelaide","Melbourne","All Airlines","May-20",44,44,0,38,40,6,4,2020,5
"Adelaide-Port Lincoln","Adelaide","Port Lincoln","All Airlines","May-20",19,19,0,19,19,0,0,2020,5
"Albury-Sydney","Albury","Sydney","All Airlines","May-20",16,16,0,14,14,2,2,2020,5
"Ballina-Sydney","Ballina","Sydney","All Airlines","May-20",16,16,0,14,15,2,1,2020,5
"Brisbane-Cairns","Brisbane","Cairns","All Airlines","May-20",23,23,0,20,20,3,3,2020,5
"Brisbane-Mackay","Brisbane","Mackay","All Airlines","May-20",37,37,0,36,36,1,1,2020,5
"Brisbane-Melbourne","Brisbane","Melbourne","All Airlines","May-20",71,71,0,62,63,9,8,2020,5
"Brisbane-Rockhampton","Brisbane","Rockhampton","All Airlines","May-20",26,26,0,25,25,1,1,2020,5
"Brisbane-Sydney","Brisbane","Sydney","All Airlines","May-20",83,83,0,74,76,9,7,2020,5
"Brisbane-Townsville","Brisbane","Townsville","All Airlines","May-20",22,22,0,22,21,0,1,2020,5
"Broome-Perth","Broome","Perth","All Airlines","May-20",23,22,1,15,15,7,7,2020,5
"Cairns-Brisbane","Cairns","Brisbane","All Airlines","May-20",23,23,0,17,20,6,3,2020,5
"Cairns-Townsville","Cairns","Townsville","All Airlines","May-20",35,35,0,34,35,1,0,2020,5
"Canberra-Melbourne","Canberra","Melbourne","All Airlines","May-20",35,35,0,33,34,2,1,2020,5
"Dubbo-Sydney","Dubbo","Sydney","All Airlines","May-20",21,21,0,19,20,2,1,2020,5
"Kalgoorlie-Perth","Kalgoorlie","Perth","All Airlines","May-20",17,17,0,15,15,2,2,2020,5
"Karratha-Perth","Karratha","Perth","All Airlines","May-20",16,16,0,13,15,3,1,2020,5
"Mackay-Brisbane","Mackay","Brisbane","All Airlines","May-20",37,37,0,36,37,1,0,2020,5
"Melbourne-Adelaide","Melbourne","Adelaide","All Airlines","May-20",44,44,0,42,42,2,2,2020,5
"Melbourne-Brisbane","Melbourne","Brisbane","All Airlines","May-20",71,71,0,65,65,6,6,2020,5
"Melbourne-Canberra","Melbourne","Canberra","All Airlines","May-20",35,35,0,31,34,4,1,2020,5
"Melbourne-Mildura","Melbourne","Mildura","All Airlines","May-20",17,17,0,15,16,2,1,2020,5
"Melbourne-Perth","Melbourne","Perth","All Airlines","May-20",62,62,0,56,60,6,2,2020,5
"Melbourne-Sydney","Melbourne","Sydney","All Airlines","May-20",85,85,0,76,75,9,10,2020,5
"Mildura-Melbourne","Mildura","Melbourne","All Airlines","May-20",17,17,0,16,17,1,0,2020,5
"Newman-Perth","Newman","Perth","All Airlines","May-20",21,21,0,20,20,1,1,2020,5
"Perth-Broome","Perth","Broome","All Airlines","May-20",23,22,1,21,22,1,0,2020,5
"Perth-Kalgoorlie","Perth","Kalgoorlie","All Airlines","May-20",17,17,0,15,15,2,2,2020,5
"Perth-Karratha","Perth","Karratha","All Airlines","May-20",16,16,0,16,16,0,0,2020,5
"Perth-Melbourne","Perth","Melbourne","All Airlines","May-20",62,62,0,51,51,11,11,2020,5
"Perth-Newman","Perth","Newman","All Airlines","May-20",21,21,0,21,21,0,0,2020,5
"Perth-Port Hedland","Perth","Port Hedland","All Airlines","May-20",20,20,0,19,19,1,1,2020,5
"Port Hedland-Perth","Port Hedland","Perth","All Airlines","May-20",11,11,0,11,11,0,0,2020,5
"Port Lincoln-Adelaide","Port Lincoln","Adelaide","All Airlines","May-20",19,19,0,18,18,1,1,2020,5
"Rockhampton-Brisbane","Rockhampton","Brisbane","All Airlines","May-20",27,27,0,23,25,4,2,2020,5
"Sydney-Albury","Sydney","Albury","All Airlines","May-20",17,17,0,15,15,2,2,2020,5
"Sydney-Ballina","Sydney","Ballina","All Airlines","May-20",16,16,0,13,14,3,2,2020,5
"Sydney-Brisbane","Sydney","Brisbane","All Airlines","May-20",84,84,0,78,80,6,4,2020,5
"Sydney-Dubbo","Sydney","Dubbo","All Airlines","May-20",21,21,0,17,18,4,3,2020,5
"Sydney-Melbourne","Sydney","Melbourne","All Airlines","May-20",84,84,0,79,81,5,3,2020,5
"Sydney-Wagga Wagga","Sydney","Wagga Wagga","All Airlines","May-20",18,18,0,17,17,1,1,2020,5
"Townsville-Brisbane","Townsville","Brisbane","All Airlines","May-20",22,22,0,20,21,2,1,2020,5
"Townsville-Cairns","Townsville","Cairns","All Airlines","May-20",36,36,0,34,34,2,2,2020,5
"Wagga Wagga-Sydney","Wagga Wagga","Sydney","All Airlines","May-20",19,19,0,15,17,4,2,2020,5
"Adelaide-Melbourne","Adelaide","Melbourne","Jetstar","Jun-20",30,30,0,23,25,7,5,2020,6
"Ballina-Sydney","Ballina","Sydney","Jetstar","Jun-20",16,15,1,14,15,1,0,2020,6
"Brisbane-Cairns","Brisbane","Cairns","Jetstar","Jun-20",21,21,0,20,20,1,1,2020,6
"Brisbane-Melbourne","Brisbane","Melbourne","Jetstar","Jun-20",19,19,0,11,13,8,6,2020,6
"Brisbane-Sydney","Brisbane","Sydney","Jetstar","Jun-20",36,36,0,31,34,5,2,2020,6
"Brisbane-Townsville","Brisbane","Townsville","Jetstar","Jun-20",20,20,0,18,19,2,1,2020,6
"Cairns-Brisbane","Cairns","Brisbane","Jetstar","Jun-20",21,21,0,16,17,5,4,2020,6
"Gold Coast-Sydney","Gold Coast","Sydney","Jetstar","Jun-20",4,4,0,4,4,0,0,2020,6
"Melbourne-Adelaide","Melbourne","Adelaide","Jetstar","Jun-20",31,31,0,29,30,2,1,2020,6
"Melbourne-Brisbane","Melbourne","Brisbane","Jetstar","Jun-20",19,19,0,16,16,3,3,2020,6
"Melbourne-Sydney","Melbourne","Sydney","Jetstar","Jun-20",93,92,1,82,91,10,1,2020,6
"Sydney-Ballina","Sydney","Ballina","Jetstar","Jun-20",16,15,1,15,15,0,0,2020,6
"Sydney-Brisbane","Sydney","Brisbane","Jetstar","Jun-20",36,36,0,32,33,4,3,2020,6
"Sydney-Gold Coast","Sydney","Gold Coast","Jetstar","Jun-20",4,4,0,4,4,0,0,2020,6
"Sydney-Melbourne","Sydney","Melbourne","Jetstar","Jun-20",94,94,0,87,93,7,1,2020,6
"Townsville-Brisbane","Townsville","Brisbane","Jetstar","Jun-20",20,20,0,17,19,3,1,2020,6
"Adelaide-Melbourne","Adelaide","Melbourne","Qantas","Jun-20",4,2,2,2,2,0,0,2020,6
"Brisbane-Cairns","Brisbane","Cairns","Qantas","Jun-20",18,18,0,13,16,5,2,2020,6
"Brisbane-Mackay","Brisbane","Mackay","Qantas","Jun-20",7,7,0,6,6,1,1,2020,6
"Brisbane-Melbourne","Brisbane","Melbourne","Qantas","Jun-20",43,40,3,35,35,5,5,2020,6
"Brisbane-Sydney","Brisbane","Sydney","Qantas","Jun-20",63,62,1,44,54,18,8,2020,6
"Brisbane-Townsville","Brisbane","Townsville","Qantas","Jun-20",14,13,1,13,13,0,0,2020,6
"Broome-Perth","Broome","Perth","Qantas","Jun-20",6,6,0,2,3,4,3,2020,6
"Cairns-Brisbane","Cairns","Brisbane","Qantas","Jun-20",18,17,1,15,14,2,3,2020,6
"Kalgoorlie-Perth","Kalgoorlie","Perth","Qantas","Jun-20",1,1,0,0,1,1,0,2020,6
"Karratha-Perth","Karratha","Perth","Qantas","Jun-20",2,2,0,0,0,2,2,2020,6
"Mackay-Brisbane","Mackay","Brisbane","Qantas","Jun-20",7,7,0,4,5,3,2,2020,6
"Melbourne-Adelaide","Melbourne","Adelaide","Qantas","Jun-20",4,2,2,1,2,1,0,2020,6
"Melbourne-Brisbane","Melbourne","Brisbane","Qantas","Jun-20",43,40,3,27,34,13,6,2020,6
"Melbourne-Perth","Melbourne","Perth","Qantas","Jun-20",31,31,0,25,26,6,5,2020,6
"Melbourne-Sydney","Melbourne","Sydney","Qantas","Jun-20",119,112,7,105,110,7,2,2020,6
"Perth-Broome","Perth","Broome","Qantas","Jun-20",6,6,0,5,6,1,0,2020,6
"Perth-Kalgoorlie","Perth","Kalgoorlie","Qantas","Jun-20",1,1,0,1,1,0,0,2020,6
"Perth-Karratha","Perth","Karratha","Qantas","Jun-20",2,2,0,2,2,0,0,2020,6
"Perth-Melbourne","Perth","Melbourne","Qantas","Jun-20",30,30,0,20,24,10,6,2020,6
"Perth-Port Hedland","Perth","Port Hedland","Qantas","Jun-20",4,3,1,3,3,0,0,2020,6
"Perth-Sydney","Perth","Sydney","Qantas","Jun-20",33,30,3,24,28,6,2,2020,6
"Port Hedland-Perth","Port Hedland","Perth","Qantas","Jun-20",4,3,1,0,2,3,1,2020,6
"Sydney-Brisbane","Sydney","Brisbane","Qantas","Jun-20",61,60,1,54,56,6,4,2020,6
"Sydney-Melbourne","Sydney","Melbourne","Qantas","Jun-20",120,114,6,109,111,5,3,2020,6
"Sydney-Perth","Sydney","Perth","Qantas","Jun-20",33,30,3,23,25,7,5,2020,6
"Townsville-Brisbane","Townsville","Brisbane","Qantas","Jun-20",14,13,1,11,12,2,1,2020,6
"Adelaide-Port Lincoln","Adelaide","Port Lincoln","QantasLink","Jun-20",16,16,0,12,11,4,5,2020,6
"Albury-Sydney","Albury","Sydney","QantasLink","Jun-20",15,14,1,11,11,3,3,2020,6
"Brisbane-Bundaberg","Brisbane","Bundaberg","QantasLink","Jun-20",5,5,0,5,5,0,0,2020,6
"Brisbane-Canberra","Brisbane","Canberra","QantasLink","Jun-20",31,31,0,26,28,5,3,2020,6
"Brisbane-Gladstone","Brisbane","Gladstone","QantasLink","Jun-20",15,14,1,12,14,2,0,2020,6
"Brisbane-Mackay","Brisbane","Mackay","QantasLink","Jun-20",35,35,0,35,35,0,0,2020,6
"Brisbane-Rockhampton","Brisbane","Rockhampton","QantasLink","Jun-20",34,34,0,30,32,4,2,2020,6
"Broome-Perth","Broome","Perth","QantasLink","Jun-20",16,16,0,9,13,7,3,2020,6
"Bundaberg-Brisbane","Bundaberg","Brisbane","QantasLink","Jun-20",5,5,0,5,5,0,0,2020,6
"Cairns-Townsville","Cairns","Townsville","QantasLink","Jun-20",30,30,0,30,30,0,0,2020,6
"Canberra-Brisbane","Canberra","Brisbane","QantasLink","Jun-20",31,31,0,26,26,5,5,2020,6
"Canberra-Melbourne","Canberra","Melbourne","QantasLink","Jun-20",49,45,4,38,42,7,3,2020,6
"Dubbo-Sydney","Dubbo","Sydney","QantasLink","Jun-20",14,14,0,13,14,1,0,2020,6
"Gladstone-Brisbane","Gladstone","Brisbane","QantasLink","Jun-20",15,14,1,12,13,2,1,2020,6
"Kalgoorlie-Perth","Kalgoorlie","Perth","QantasLink","Jun-20",18,17,1,17,17,0,0,2020,6
"Karratha-Perth","Karratha","Perth","QantasLink","Jun-20",21,21,0,16,17,5,4,2020,6
"Mackay-Brisbane","Mackay","Brisbane","QantasLink","Jun-20",36,36,0,29,34,7,2,2020,6
"Melbourne-Canberra","Melbourne","Canberra","QantasLink","Jun-20",48,44,4,39,42,5,2,2020,6
"Melbourne-Mildura","Melbourne","Mildura","QantasLink","Jun-20",15,15,0,13,15,2,0,2020,6
"Mildura-Melbourne","Mildura","Melbourne","QantasLink","Jun-20",15,15,0,15,15,0,0,2020,6
"Newman-Perth","Newman","Perth","QantasLink","Jun-20",21,18,3,17,17,1,1,2020,6
"Perth-Broome","Perth","Broome","QantasLink","Jun-20",16,16,0,13,15,3,1,2020,6
"Perth-Kalgoorlie","Perth","Kalgoorlie","QantasLink","Jun-20",18,17,1,16,17,1,0,2020,6
"Perth-Karratha","Perth","Karratha","QantasLink","Jun-20",21,21,0,19,19,2,2,2020,6
"Perth-Newman","Perth","Newman","QantasLink","Jun-20",21,18,3,17,17,1,1,2020,6
"Perth-Port Hedland","Perth","Port Hedland","QantasLink","Jun-20",19,19,0,17,17,2,2,2020,6
"Port Hedland-Perth","Port Hedland","Perth","QantasLink","Jun-20",11,11,0,7,9,4,2,2020,6
"Port Lincoln-Adelaide","Port Lincoln","Adelaide","QantasLink","Jun-20",16,16,0,11,12,5,4,2020,6
"Rockhampton-Brisbane","Rockhampton","Brisbane","QantasLink","Jun-20",32,32,0,31,30,1,2,2020,6
"Sydney-Albury","Sydney","Albury","QantasLink","Jun-20",14,13,1,11,11,2,2,2020,6
"Sydney-Dubbo","Sydney","Dubbo","QantasLink","Jun-20",14,14,0,13,13,1,1,2020,6
"Sydney-Wagga Wagga","Sydney","Wagga Wagga","QantasLink","Jun-20",14,13,1,11,12,2,1,2020,6
"Townsville-Cairns","Townsville","Cairns","QantasLink","Jun-20",30,30,0,29,29,1,1,2020,6
"Wagga Wagga-Sydney","Wagga Wagga","Sydney","QantasLink","Jun-20",14,13,1,12,12,1,1,2020,6
"Adelaide-Port Lincoln","Adelaide","Port Lincoln","Regional Express","Jun-20",25,25,0,22,19,3,6,2020,6
"Albury-Sydney","Albury","Sydney","Regional Express","Jun-20",9,9,0,8,8,1,1,2020,6
"Ballina-Sydney","Ballina","Sydney","Regional Express","Jun-20",16,16,0,14,14,2,2,2020,6
"Cairns-Townsville","Cairns","Townsville","Regional Express","Jun-20",9,9,0,8,8,1,1,2020,6
"Dubbo-Sydney","Dubbo","Sydney","Regional Express","Jun-20",15,15,0,10,12,5,3,2020,6
"Melbourne-Mildura","Melbourne","Mildura","Regional Express","Jun-20",9,9,0,7,5,2,4,2020,6
"Mildura-Melbourne","Mildura","Melbourne","Regional Express","Jun-20",9,9,0,4,4,5,5,2020,6
"Port Lincoln-Adelaide","Port Lincoln","Adelaide","Regional Express","Jun-20",25,25,0,16,16,9,9,2020,6
"Sydney-Albury","Sydney","Albury","Regional Express","Jun-20",9,9,0,8,8,1,1,2020,6
"Sydney-Ballina","Sydney","Ballina","Regional Express","Jun-20",16,16,0,14,15,2,1,2020,6
"Sydney-Dubbo","Sydney","Dubbo","Regional Express","Jun-20",15,15,0,9,11,6,4,2020,6
"Sydney-Wagga Wagga","Sydney","Wagga Wagga","Regional Express","Jun-20",10,10,0,8,9,2,1,2020,6
"Townsville-Cairns","Townsville","Cairns","Regional Express","Jun-20",9,9,0,8,7,1,2,2020,6
"Wagga Wagga-Sydney","Wagga Wagga","Sydney","Regional Express","Jun-20",10,10,0,9,9,1,1,2020,6
"Adelaide-Melbourne","Adelaide","Melbourne","Virgin Australia","Jun-20",13,13,0,12,12,1,1,2020,6
"Brisbane-Bundaberg","Brisbane","Bundaberg","Virgin Australia","Jun-20",24,24,0,22,22,2,2,2020,6
"Brisbane-Cairns","Brisbane","Cairns","Virgin Australia","Jun-20",26,26,0,18,23,8,3,2020,6
"Brisbane-Canberra","Brisbane","Canberra","Virgin Australia","Jun-20",8,8,0,6,6,2,2,2020,6
"Brisbane-Gladstone","Brisbane","Gladstone","Virgin Australia","Jun-20",2,2,0,1,1,1,1,2020,6
"Brisbane-Mackay","Brisbane","Mackay","Virgin Australia","Jun-20",29,29,0,27,26,2,3,2020,6
"Brisbane-Melbourne","Brisbane","Melbourne","Virgin Australia","Jun-20",62,60,2,47,53,13,7,2020,6
"Brisbane-Rockhampton","Brisbane","Rockhampton","Virgin Australia","Jun-20",24,24,0,22,22,2,2,2020,6
"Brisbane-Sydney","Brisbane","Sydney","Virgin Australia","Jun-20",45,41,4,33,37,8,4,2020,6
"Brisbane-Townsville","Brisbane","Townsville","Virgin Australia","Jun-20",24,24,0,22,22,2,2,2020,6
"Broome-Perth","Broome","Perth","Virgin Australia","Jun-20",4,4,0,2,4,2,0,2020,6
"Bundaberg-Brisbane","Bundaberg","Brisbane","Virgin Australia","Jun-20",2,2,0,1,1,1,1,2020,6
"Cairns-Brisbane","Cairns","Brisbane","Virgin Australia","Jun-20",26,26,0,20,21,6,5,2020,6
"Canberra-Brisbane","Canberra","Brisbane","Virgin Australia","Jun-20",8,8,0,7,8,1,0,2020,6
"Canberra-Melbourne","Canberra","Melbourne","Virgin Australia","Jun-20",14,14,0,14,14,0,0,2020,6
"Gladstone-Brisbane","Gladstone","Brisbane","Virgin Australia","Jun-20",24,24,0,18,19,6,5,2020,6
"Gold Coast-Sydney","Gold Coast","Sydney","Virgin Australia","Jun-20",18,18,0,14,17,4,1,2020,6
"Kalgoorlie-Perth","Kalgoorlie","Perth","Virgin Australia","Jun-20",5,5,0,4,4,1,1,2020,6
"Karratha-Perth","Karratha","Perth","Virgin Australia","Jun-20",11,11,0,6,7,5,4,2020,6
"Mackay-Brisbane","Mackay","Brisbane","Virgin Australia","Jun-20",29,29,0,24,28,5,1,2020,6
"Melbourne-Adelaide","Melbourne","Adelaide","Virgin Australia","Jun-20",13,13,0,13,13,0,0,2020,6
"Melbourne-Brisbane","Melbourne","Brisbane","Virgin Australia","Jun-20",62,60,2,57,59,3,1,2020,6
"Melbourne-Canberra","Melbourne","Canberra","Virgin Australia","Jun-20",14,14,0,14,14,0,0,2020,6
"Melbourne-Perth","Melbourne","Perth","Virgin Australia","Jun-20",30,30,0,29,30,1,0,2020,6
"Melbourne-Sydney","Melbourne","Sydney","Virgin Australia","Jun-20",45,40,5,35,37,5,3,2020,6
"Newman-Perth","Newman","Perth","Virgin Australia","Jun-20",8,8,0,8,8,0,0,2020,6
"Perth-Broome","Perth","Broome","Virgin Australia","Jun-20",4,4,0,3,4,1,0,2020,6
"Perth-Kalgoorlie","Perth","Kalgoorlie","Virgin Australia","Jun-20",5,5,0,5,5,0,0,2020,6
"Perth-Karratha","Perth","Karratha","Virgin Australia","Jun-20",11,11,0,11,11,0,0,2020,6
"Perth-Melbourne","Perth","Melbourne","Virgin Australia","Jun-20",30,30,0,25,26,5,4,2020,6
"Perth-Newman","Perth","Newman","Virgin Australia","Jun-20",8,8,0,8,8,0,0,2020,6
"Perth-Port Hedland","Perth","Port Hedland","Virgin Australia","Jun-20",9,9,0,9,9,0,0,2020,6
"Perth-Sydney","Perth","Sydney","Virgin Australia","Jun-20",17,17,0,16,17,1,0,2020,6
"Port Hedland-Perth","Port Hedland","Perth","Virgin Australia","Jun-20",9,9,0,5,5,4,4,2020,6
"Rockhampton-Brisbane","Rockhampton","Brisbane","Virgin Australia","Jun-20",24,24,0,19,22,5,2,2020,6
"Sydney-Brisbane","Sydney","Brisbane","Virgin Australia","Jun-20",47,43,4,42,42,1,1,2020,6
"Sydney-Gold Coast","Sydney","Gold Coast","Virgin Australia","Jun-20",18,18,0,16,16,2,2,2020,6
"Sydney-Melbourne","Sydney","Melbourne","Virgin Australia","Jun-20",46,40,6,39,39,1,1,2020,6
"Sydney-Perth","Sydney","Perth","Virgin Australia","Jun-20",17,17,0,16,14,1,3,2020,6
"Townsville-Brisbane","Townsville","Brisbane","Virgin Australia","Jun-20",24,24,0,17,20,7,4,2020,6
"Broome-Perth","Broome","Perth","Virgin Australia Regional Airlines","Jun-20",9,9,0,7,7,2,2,2020,6
"Kalgoorlie-Perth","Kalgoorlie","Perth","Virgin Australia Regional Airlines","Jun-20",4,4,0,4,4,0,0,2020,6
"Perth-Broome","Perth","Broome","Virgin Australia Regional Airlines","Jun-20",9,9,0,8,8,1,1,2020,6
"Perth-Kalgoorlie","Perth","Kalgoorlie","Virgin Australia Regional Airlines","Jun-20",4,4,0,4,4,0,0,2020,6
"Adelaide-Melbourne","Adelaide","Melbourne","All Airlines","Jun-20",47,45,2,37,39,8,6,2020,6
"Adelaide-Port Lincoln","Adelaide","Port Lincoln","All Airlines","Jun-20",41,41,0,34,30,7,11,2020,6
"Albury-Sydney","Albury","Sydney","All Airlines","Jun-20",24,23,1,19,19,4,4,2020,6
"Ballina-Sydney","Ballina","Sydney","All Airlines","Jun-20",32,31,1,28,29,3,2,2020,6
"Brisbane-Bundaberg","Brisbane","Bundaberg","All Airlines","Jun-20",29,29,0,27,27,2,2,2020,6
"Brisbane-Cairns","Brisbane","Cairns","All Airlines","Jun-20",65,65,0,51,59,14,6,2020,6
"Brisbane-Canberra","Brisbane","Canberra","All Airlines","Jun-20",39,39,0,32,34,7,5,2020,6
"Brisbane-Gladstone","Brisbane","Gladstone","All Airlines","Jun-20",17,16,1,13,15,3,1,2020,6
"Brisbane-Mackay","Brisbane","Mackay","All Airlines","Jun-20",71,71,0,68,67,3,4,2020,6
"Brisbane-Melbourne","Brisbane","Melbourne","All Airlines","Jun-20",124,119,5,93,101,26,18,2020,6
"Brisbane-Rockhampton","Brisbane","Rockhampton","All Airlines","Jun-20",58,58,0,52,54,6,4,2020,6
"Brisbane-Sydney","Brisbane","Sydney","All Airlines","Jun-20",144,139,5,108,125,31,14,2020,6
"Brisbane-Townsville","Brisbane","Townsville","All Airlines","Jun-20",58,57,1,53,54,4,3,2020,6
"Broome-Perth","Broome","Perth","All Airlines","Jun-20",35,35,0,20,27,15,8,2020,6
"Bundaberg-Brisbane","Bundaberg","Brisbane","All Airlines","Jun-20",7,7,0,6,6,1,1,2020,6
"Cairns-Brisbane","Cairns","Brisbane","All Airlines","Jun-20",65,64,1,51,52,13,12,2020,6
"Cairns-Townsville","Cairns","Townsville","All Airlines","Jun-20",39,39,0,38,38,1,1,2020,6
"Canberra-Brisbane","Canberra","Brisbane","All Airlines","Jun-20",39,39,0,33,34,6,5,2020,6
"Canberra-Melbourne","Canberra","Melbourne","All Airlines","Jun-20",63,59,4,52,56,7,3,2020,6
"Dubbo-Sydney","Dubbo","Sydney","All Airlines","Jun-20",29,29,0,23,26,6,3,2020,6
"Gladstone-Brisbane","Gladstone","Brisbane","All Airlines","Jun-20",39,38,1,30,32,8,6,2020,6
"Gold Coast-Sydney","Gold Coast","Sydney","All Airlines","Jun-20",22,22,0,18,21,4,1,2020,6
"Kalgoorlie-Perth","Kalgoorlie","Perth","All Airlines","Jun-20",28,27,1,25,26,2,1,2020,6
"Karratha-Perth","Karratha","Perth","All Airlines","Jun-20",34,34,0,22,24,12,10,2020,6
"Mackay-Brisbane","Mackay","Brisbane","All Airlines","Jun-20",72,72,0,57,67,15,5,2020,6
"Melbourne-Adelaide","Melbourne","Adelaide","All Airlines","Jun-20",48,46,2,43,45,3,1,2020,6
"Melbourne-Brisbane","Melbourne","Brisbane","All Airlines","Jun-20",124,119,5,100,109,19,10,2020,6
"Melbourne-Canberra","Melbourne","Canberra","All Airlines","Jun-20",62,58,4,53,56,5,2,2020,6
"Melbourne-Mildura","Melbourne","Mildura","All Airlines","Jun-20",24,24,0,20,20,4,4,2020,6
"Melbourne-Perth","Melbourne","Perth","All Airlines","Jun-20",61,61,0,54,56,7,5,2020,6
"Melbourne-Sydney","Melbourne","Sydney","All Airlines","Jun-20",257,244,13,222,238,22,6,2020,6
"Mildura-Melbourne","Mildura","Melbourne","All Airlines","Jun-20",24,24,0,19,19,5,5,2020,6
"Newman-Perth","Newman","Perth","All Airlines","Jun-20",29,26,3,25,25,1,1,2020,6
"Perth-Broome","Perth","Broome","All Airlines","Jun-20",35,35,0,29,33,6,2,2020,6
"Perth-Kalgoorlie","Perth","Kalgoorlie","All Airlines","Jun-20",28,27,1,26,27,1,0,2020,6
"Perth-Karratha","Perth","Karratha","All Airlines","Jun-20",34,34,0,32,32,2,2,2020,6
"Perth-Melbourne","Perth","Melbourne","All Airlines","Jun-20",60,60,0,45,50,15,10,2020,6
"Perth-Newman","Perth","Newman","All Airlines","Jun-20",29,26,3,25,25,1,1,2020,6
"Perth-Port Hedland","Perth","Port Hedland","All Airlines","Jun-20",32,31,1,29,29,2,2,2020,6
"Perth-Sydney","Perth","Sydney","All Airlines","Jun-20",50,47,3,40,45,7,2,2020,6
"Port Hedland-Perth","Port Hedland","Perth","All Airlines","Jun-20",24,23,1,12,16,11,7,2020,6
"Port Lincoln-Adelaide","Port Lincoln","Adelaide","All Airlines","Jun-20",41,41,0,27,28,14,13,2020,6
"Rockhampton-Brisbane","Rockhampton","Brisbane","All Airlines","Jun-20",56,56,0,50,52,6,4,2020,6
"Sydney-Albury","Sydney","Albury","All Airlines","Jun-20",23,22,1,19,19,3,3,2020,6
"Sydney-Ballina","Sydney","Ballina","All Airlines","Jun-20",32,31,1,29,30,2,1,2020,6
"Sydney-Brisbane","Sydney","Brisbane","All Airlines","Jun-20",144,139,5,128,131,11,8,2020,6
"Sydney-Dubbo","Sydney","Dubbo","All Airlines","Jun-20",29,29,0,22,24,7,5,2020,6
"Sydney-Gold Coast","Sydney","Gold Coast","All Airlines","Jun-20",22,22,0,20,20,2,2,2020,6
"Sydney-Melbourne","Sydney","Melbourne","All Airlines","Jun-20",260,248,12,235,243,13,5,2020,6
"Sydney-Perth","Sydney","Perth","All Airlines","Jun-20",50,47,3,39,39,8,8,2020,6
"Sydney-Wagga Wagga","Sydney","Wagga Wagga","All Airlines","Jun-20",24,23,1,19,21,4,2,2020,6
"Townsville-Brisbane","Townsville","Brisbane","All Airlines","Jun-20",58,57,1,45,51,12,6,2020,6
"Townsville-Cairns","Townsville","Cairns","All Airlines","Jun-20",39,39,0,37,36,2,3,2020,6
"Wagga Wagga-Sydney","Wagga Wagga","Sydney","All Airlines","Jun-20",24,23,1,21,21,2,2,2020,6
"Adelaide-Brisbane","Adelaide","Brisbane","Jetstar","Jul-20",4,4,0,3,3,1,1,2020,7
"Adelaide-Melbourne","Adelaide","Melbourne","Jetstar","Jul-20",26,25,1,22,22,3,3,2020,7
"Adelaide-Sydney","Adelaide","Sydney","Jetstar","Jul-20",26,26,0,21,24,5,2,2020,7
"Ballina-Sydney","Ballina","Sydney","Jetstar","Jul-20",61,61,0,54,55,7,6,2020,7
"Brisbane-Adelaide","Brisbane","Adelaide","Jetstar","Jul-20",5,5,0,3,4,2,1,2020,7
"Brisbane-Cairns","Brisbane","Cairns","Jetstar","Jul-20",77,76,1,65,62,11,14,2020,7
"Brisbane-Mackay","Brisbane","Mackay","Jetstar","Jul-20",18,18,0,15,15,3,3,2020,7
"Brisbane-Melbourne","Brisbane","Melbourne","Jetstar","Jul-20",19,19,0,9,15,10,4,2020,7
"Brisbane-Newcastle","Brisbane","Newcastle","Jetstar","Jul-20",18,17,1,14,15,3,2,2020,7
"Brisbane-Proserpine","Brisbane","Proserpine","Jetstar","Jul-20",31,31,0,27,25,4,6,2020,7
"Brisbane-Sydney","Brisbane","Sydney","Jetstar","Jul-20",97,96,1,85,90,11,6,2020,7
"Brisbane-Townsville","Brisbane","Townsville","Jetstar","Jul-20",49,49,0,38,37,11,12,2020,7
"Cairns-Brisbane","Cairns","Brisbane","Jetstar","Jul-20",77,75,2,48,59,27,16,2020,7
"Cairns-Sydney","Cairns","Sydney","Jetstar","Jul-20",46,46,0,37,40,9,6,2020,7
"Gold Coast-Sydney","Gold Coast","Sydney","Jetstar","Jul-20",72,72,0,62,64,10,8,2020,7
"Hobart-Melbourne","Hobart","Melbourne","Jetstar","Jul-20",25,25,0,24,25,1,0,2020,7
"Hobart-Sydney","Hobart","Sydney","Jetstar","Jul-20",4,4,0,2,2,2,2,2020,7
"Launceston-Sydney","Launceston","Sydney","Jetstar","Jul-20",4,4,0,3,3,1,1,2020,7
"Mackay-Brisbane","Mackay","Brisbane","Jetstar","Jul-20",18,18,0,14,13,4,5,2020,7
"Melbourne-Adelaide","Melbourne","Adelaide","Jetstar","Jul-20",25,24,1,21,21,3,3,2020,7
"Melbourne-Brisbane","Melbourne","Brisbane","Jetstar","Jul-20",19,19,0,17,17,2,2,2020,7
"Melbourne-Hobart","Melbourne","Hobart","Jetstar","Jul-20",26,26,0,25,26,1,0,2020,7
"Melbourne-Sydney","Melbourne","Sydney","Jetstar","Jul-20",88,68,20,51,56,17,12,2020,7
"Newcastle-Brisbane","Newcastle","Brisbane","Jetstar","Jul-20",18,17,1,14,13,3,4,2020,7
"Proserpine-Brisbane","Proserpine","Brisbane","Jetstar","Jul-20",31,31,0,21,26,10,5,2020,7
"Sunshine Coast-Sydney","Sunshine Coast","Sydney","Jetstar","Jul-20",18,18,0,12,13,6,5,2020,7
"Sydney-Adelaide","Sydney","Adelaide","Jetstar","Jul-20",26,26,0,24,25,2,1,2020,7
"Sydney-Ballina","Sydney","Ballina","Jetstar","Jul-20",61,61,0,53,53,8,8,2020,7
"Sydney-Brisbane","Sydney","Brisbane","Jetstar","Jul-20",95,94,1,81,85,13,9,2020,7
"Sydney-Cairns","Sydney","Cairns","Jetstar","Jul-20",47,46,1,32,37,14,9,2020,7
"Sydney-Gold Coast","Sydney","Gold Coast","Jetstar","Jul-20",72,72,0,61,63,11,9,2020,7
"Sydney-Hobart","Sydney","Hobart","Jetstar","Jul-20",4,4,0,3,3,1,1,2020,7
"Sydney-Launceston","Sydney","Launceston","Jetstar","Jul-20",4,4,0,2,3,2,1,2020,7
"Sydney-Melbourne","Sydney","Melbourne","Jetstar","Jul-20",88,68,20,50,56,18,12,2020,7
"Sydney-Sunshine Coast","Sydney","Sunshine Coast","Jetstar","Jul-20",18,18,0,15,16,3,2,2020,7
"Townsville-Brisbane","Townsville","Brisbane","Jetstar","Jul-20",48,48,0,36,37,12,11,2020,7
"Adelaide-Alice Springs","Adelaide","Alice Springs","Qantas","Jul-20",14,14,0,10,11,4,3,2020,7
"Adelaide-Brisbane","Adelaide","Brisbane","Qantas","Jul-20",32,32,0,18,20,14,12,2020,7
"Adelaide-Melbourne","Adelaide","Melbourne","Qantas","Jul-20",21,12,9,11,11,1,1,2020,7
"Adelaide-Perth","Adelaide","Perth","Qantas","Jul-20",12,12,0,12,11,0,1,2020,7
"Adelaide-Sydney","Adelaide","Sydney","Qantas","Jul-20",7,0,7,0,0,0,0,2020,7
"Alice Springs-Adelaide","Alice Springs","Adelaide","Qantas","Jul-20",13,13,0,10,11,3,2,2020,7
"Brisbane-Adelaide","Brisbane","Adelaide","Qantas","Jul-20",32,31,1,22,24,9,7,2020,7
"Brisbane-Cairns","Brisbane","Cairns","Qantas","Jul-20",73,73,0,62,62,11,11,2020,7
"Brisbane-Canberra","Brisbane","Canberra","Qantas","Jul-20",5,5,0,5,5,0,0,2020,7
"Brisbane-Darwin","Brisbane","Darwin","Qantas","Jul-20",23,23,0,18,18,5,5,2020,7
"Brisbane-Mackay","Brisbane","Mackay","Qantas","Jul-20",43,43,0,42,38,1,5,2020,7
"Brisbane-Melbourne","Brisbane","Melbourne","Qantas","Jul-20",22,12,10,11,11,1,1,2020,7
"Brisbane-Mount Isa","Brisbane","Mount Isa","Qantas","Jul-20",27,27,0,26,25,1,2,2020,7
"Brisbane-Perth","Brisbane","Perth","Qantas","Jul-20",21,21,0,21,19,0,2,2020,7
"Brisbane-Sydney","Brisbane","Sydney","Qantas","Jul-20",163,158,5,141,154,17,4,2020,7
"Brisbane-Townsville","Brisbane","Townsville","Qantas","Jul-20",59,59,0,54,53,5,6,2020,7
"Broome-Perth","Broome","Perth","Qantas","Jul-20",16,15,1,7,9,8,6,2020,7
"Cairns-Brisbane","Cairns","Brisbane","Qantas","Jul-20",73,73,0,40,45,33,28,2020,7
"Cairns-Sydney","Cairns","Sydney","Qantas","Jul-20",39,39,0,35,39,4,0,2020,7
"Canberra-Brisbane","Canberra","Brisbane","Qantas","Jul-20",5,5,0,4,4,1,1,2020,7
"Canberra-Melbourne","Canberra","Melbourne","Qantas","Jul-20",4,3,1,3,3,0,0,2020,7
"Darwin-Brisbane","Darwin","Brisbane","Qantas","Jul-20",23,23,0,14,18,9,5,2020,7
"Darwin-Perth","Darwin","Perth","Qantas","Jul-20",7,5,2,5,4,0,1,2020,7
"Gold Coast-Sydney","Gold Coast","Sydney","Qantas","Jul-20",21,21,0,18,21,3,0,2020,7
"Kalgoorlie-Perth","Kalgoorlie","Perth","Qantas","Jul-20",1,1,0,1,1,0,0,2020,7
"Karratha-Perth","Karratha","Perth","Qantas","Jul-20",10,10,0,8,9,2,1,2020,7
"Mackay-Brisbane","Mackay","Brisbane","Qantas","Jul-20",43,43,0,41,42,2,1,2020,7
"Melbourne-Adelaide","Melbourne","Adelaide","Qantas","Jul-20",22,13,9,12,12,1,1,2020,7
"Melbourne-Brisbane","Melbourne","Brisbane","Qantas","Jul-20",22,12,10,10,11,2,1,2020,7
"Melbourne-Canberra","Melbourne","Canberra","Qantas","Jul-20",4,3,1,3,3,0,0,2020,7
"Melbourne-Perth","Melbourne","Perth","Qantas","Jul-20",24,24,0,17,17,7,7,2020,7
"Melbourne-Sydney","Melbourne","Sydney","Qantas","Jul-20",120,81,39,75,73,6,8,2020,7
"Mount Isa-Brisbane","Mount Isa","Brisbane","Qantas","Jul-20",27,27,0,13,18,14,9,2020,7
"Newman-Perth","Newman","Perth","Qantas","Jul-20",2,1,1,1,1,0,0,2020,7
"Perth-Adelaide","Perth","Adelaide","Qantas","Jul-20",12,12,0,11,12,1,0,2020,7
"Perth-Brisbane","Perth","Brisbane","Qantas","Jul-20",21,21,0,12,15,9,6,2020,7
"Perth-Broome","Perth","Broome","Qantas","Jul-20",16,15,1,13,15,2,0,2020,7
"Perth-Darwin","Perth","Darwin","Qantas","Jul-20",7,5,2,5,5,0,0,2020,7
"Perth-Kalgoorlie","Perth","Kalgoorlie","Qantas","Jul-20",1,1,0,1,1,0,0,2020,7
"Perth-Karratha","Perth","Karratha","Qantas","Jul-20",10,10,0,8,10,2,0,2020,7
"Perth-Melbourne","Perth","Melbourne","Qantas","Jul-20",25,25,0,12,15,13,10,2020,7
"Perth-Newman","Perth","Newman","Qantas","Jul-20",2,1,1,1,1,0,0,2020,7
"Perth-Port Hedland","Perth","Port Hedland","Qantas","Jul-20",14,14,0,12,13,2,1,2020,7
"Perth-Sydney","Perth","Sydney","Qantas","Jul-20",31,31,0,17,19,14,12,2020,7
"Port Hedland-Perth","Port Hedland","Perth","Qantas","Jul-20",14,14,0,10,11,4,3,2020,7
"Sydney-Adelaide","Sydney","Adelaide","Qantas","Jul-20",8,1,7,0,0,1,1,2020,7
"Sydney-Brisbane","Sydney","Brisbane","Qantas","Jul-20",161,156,5,142,148,14,8,2020,7
"Sydney-Cairns","Sydney","Cairns","Qantas","Jul-20",39,39,0,34,34,5,5,2020,7
"Sydney-Gold Coast","Sydney","Gold Coast","Qantas","Jul-20",21,21,0,18,21,3,0,2020,7
"Sydney-Melbourne","Sydney","Melbourne","Qantas","Jul-20",120,81,39,66,73,15,8,2020,7
"Sydney-Perth","Sydney","Perth","Qantas","Jul-20",32,31,1,23,27,8,4,2020,7
"Townsville-Brisbane","Townsville","Brisbane","Qantas","Jul-20",59,59,0,44,46,15,13,2020,7
"Adelaide-Port Lincoln","Adelaide","Port Lincoln","QantasLink","Jul-20",31,30,1,23,25,7,5,2020,7
"Albury-Sydney","Albury","Sydney","QantasLink","Jul-20",19,17,2,10,11,7,6,2020,7
"Armidale-Sydney","Armidale","Sydney","QantasLink","Jul-20",13,13,0,12,12,1,1,2020,7
"Brisbane-Bundaberg","Brisbane","Bundaberg","QantasLink","Jul-20",13,13,0,12,13,1,0,2020,7
"Brisbane-Cairns","Brisbane","Cairns","QantasLink","Jul-20",7,7,0,7,4,0,3,2020,7
"Brisbane-Canberra","Brisbane","Canberra","QantasLink","Jul-20",43,42,1,38,39,4,3,2020,7
"Brisbane-Gladstone","Brisbane","Gladstone","QantasLink","Jul-20",33,33,0,32,33,1,0,2020,7
"Brisbane-Mackay","Brisbane","Mackay","QantasLink","Jul-20",26,25,1,24,24,1,1,2020,7
"Brisbane-Mount Isa","Brisbane","Mount Isa","QantasLink","Jul-20",2,2,0,2,2,0,0,2020,7
"Brisbane-Newcastle","Brisbane","Newcastle","QantasLink","Jul-20",19,19,0,15,17,4,2,2020,7
"Brisbane-Rockhampton","Brisbane","Rockhampton","QantasLink","Jul-20",85,85,0,79,80,6,5,2020,7
"Brisbane-Sydney","Brisbane","Sydney","QantasLink","Jul-20",2,1,1,1,1,0,0,2020,7
"Broome-Perth","Broome","Perth","QantasLink","Jul-20",71,71,0,47,54,24,17,2020,7
"Bundaberg-Brisbane","Bundaberg","Brisbane","QantasLink","Jul-20",13,13,0,13,13,0,0,2020,7
"Cairns-Brisbane","Cairns","Brisbane","QantasLink","Jul-20",7,7,0,3,3,4,4,2020,7
"Cairns-Townsville","Cairns","Townsville","QantasLink","Jul-20",42,42,0,40,40,2,2,2020,7
"Canberra-Brisbane","Canberra","Brisbane","QantasLink","Jul-20",42,42,0,33,32,9,10,2020,7
"Canberra-Melbourne","Canberra","Melbourne","QantasLink","Jul-20",37,29,8,26,28,3,1,2020,7
"Coffs Harbour-Sydney","Coffs Harbour","Sydney","QantasLink","Jul-20",50,50,0,48,48,2,2,2020,7
"Dubbo-Sydney","Dubbo","Sydney","QantasLink","Jul-20",22,21,1,17,17,4,4,2020,7
"Gladstone-Brisbane","Gladstone","Brisbane","QantasLink","Jul-20",33,33,0,30,32,3,1,2020,7
"Kalgoorlie-Perth","Kalgoorlie","Perth","QantasLink","Jul-20",41,39,2,33,35,6,4,2020,7
"Karratha-Perth","Karratha","Perth","QantasLink","Jul-20",73,70,3,47,57,23,13,2020,7
"Mackay-Brisbane","Mackay","Brisbane","QantasLink","Jul-20",31,30,1,26,27,4,3,2020,7
"Melbourne-Canberra","Melbourne","Canberra","QantasLink","Jul-20",37,29,8,28,28,1,1,2020,7
"Melbourne-Mildura","Melbourne","Mildura","QantasLink","Jul-20",15,13,2,13,13,0,0,2020,7
"Mildura-Melbourne","Mildura","Melbourne","QantasLink","Jul-20",15,13,2,13,13,0,0,2020,7
"Mount Isa-Brisbane","Mount Isa","Brisbane","QantasLink","Jul-20",2,2,0,2,2,0,0,2020,7
"Newcastle-Brisbane","Newcastle","Brisbane","QantasLink","Jul-20",19,19,0,17,18,2,1,2020,7
"Newman-Perth","Newman","Perth","QantasLink","Jul-20",39,38,1,31,31,7,7,2020,7
"Perth-Broome","Perth","Broome","QantasLink","Jul-20",71,71,0,58,61,13,10,2020,7
"Perth-Kalgoorlie","Perth","Kalgoorlie","QantasLink","Jul-20",41,39,2,35,34,4,5,2020,7
"Perth-Karratha","Perth","Karratha","QantasLink","Jul-20",73,70,3,62,62,8,8,2020,7
"Perth-Newman","Perth","Newman","QantasLink","Jul-20",39,38,1,32,33,6,5,2020,7
"Perth-Port Hedland","Perth","Port Hedland","QantasLink","Jul-20",37,37,0,34,34,3,3,2020,7
"Port Hedland-Perth","Port Hedland","Perth","QantasLink","Jul-20",37,37,0,28,30,9,7,2020,7
"Port Lincoln-Adelaide","Port Lincoln","Adelaide","QantasLink","Jul-20",31,30,1,22,22,8,8,2020,7
"Rockhampton-Brisbane","Rockhampton","Brisbane","QantasLink","Jul-20",80,80,0,74,76,6,4,2020,7
"Sydney-Albury","Sydney","Albury","QantasLink","Jul-20",20,18,2,13,12,5,6,2020,7
"Sydney-Armidale","Sydney","Armidale","QantasLink","Jul-20",13,13,0,12,12,1,1,2020,7
"Sydney-Brisbane","Sydney","Brisbane","QantasLink","Jul-20",2,1,1,1,0,0,1,2020,7
"Sydney-Coffs Harbour","Sydney","Coffs Harbour","QantasLink","Jul-20",50,50,0,48,48,2,2,2020,7
"Sydney-Dubbo","Sydney","Dubbo","QantasLink","Jul-20",22,21,1,17,17,4,4,2020,7
"Sydney-Wagga Wagga","Sydney","Wagga Wagga","QantasLink","Jul-20",22,19,3,17,18,2,1,2020,7
"Townsville-Cairns","Townsville","Cairns","QantasLink","Jul-20",42,41,1,39,40,2,1,2020,7
"Wagga Wagga-Sydney","Wagga Wagga","Sydney","QantasLink","Jul-20",22,19,3,18,18,1,1,2020,7
"Adelaide-Port Lincoln","Adelaide","Port Lincoln","Regional Express","Jul-20",62,62,0,54,53,8,9,2020,7
"Albury-Sydney","Albury","Sydney","Regional Express","Jul-20",30,30,0,24,23,6,7,2020,7
"Armidale-Sydney","Armidale","Sydney","Regional Express","Jul-20",4,4,0,3,4,1,0,2020,7
"Ballina-Sydney","Ballina","Sydney","Regional Express","Jul-20",9,9,0,9,9,0,0,2020,7
"Cairns-Townsville","Cairns","Townsville","Regional Express","Jul-20",12,12,0,10,10,2,2,2020,7
"Dubbo-Sydney","Dubbo","Sydney","Regional Express","Jul-20",42,42,0,35,37,7,5,2020,7
"Melbourne-Mildura","Melbourne","Mildura","Regional Express","Jul-20",35,33,2,30,30,3,3,2020,7
"Mildura-Melbourne","Mildura","Melbourne","Regional Express","Jul-20",35,33,2,30,30,3,3,2020,7
"Port Lincoln-Adelaide","Port Lincoln","Adelaide","Regional Express","Jul-20",63,63,0,46,47,17,16,2020,7
"Sydney-Albury","Sydney","Albury","Regional Express","Jul-20",32,32,0,21,25,11,7,2020,7
"Sydney-Armidale","Sydney","Armidale","Regional Express","Jul-20",4,4,0,3,3,1,1,2020,7
"Sydney-Ballina","Sydney","Ballina","Regional Express","Jul-20",9,9,0,9,9,0,0,2020,7
"Sydney-Dubbo","Sydney","Dubbo","Regional Express","Jul-20",41,41,0,29,32,12,9,2020,7
"Sydney-Wagga Wagga","Sydney","Wagga Wagga","Regional Express","Jul-20",33,32,1,24,25,8,7,2020,7
"Townsville-Cairns","Townsville","Cairns","Regional Express","Jul-20",12,12,0,11,11,1,1,2020,7
"Wagga Wagga-Sydney","Wagga Wagga","Sydney","Regional Express","Jul-20",35,35,0,25,26,10,9,2020,7
"Adelaide-Alice Springs","Adelaide","Alice Springs","Virgin Australia","Jul-20",6,6,0,6,6,0,0,2020,7
"Adelaide-Brisbane","Adelaide","Brisbane","Virgin Australia","Jul-20",25,25,0,17,23,8,2,2020,7
"Adelaide-Melbourne","Adelaide","Melbourne","Virgin Australia","Jul-20",14,14,0,13,13,1,1,2020,7
"Adelaide-Perth","Adelaide","Perth","Virgin Australia","Jul-20",14,14,0,13,12,1,2,2020,7
"Adelaide-Sydney","Adelaide","Sydney","Virgin Australia","Jul-20",14,14,0,10,11,4,3,2020,7
"Alice Springs-Adelaide","Alice Springs","Adelaide","Virgin Australia","Jul-20",6,6,0,5,5,1,1,2020,7
"Ballina-Sydney","Ballina","Sydney","Virgin Australia","Jul-20",11,11,0,11,11,0,0,2020,7
"Brisbane-Adelaide","Brisbane","Adelaide","Virgin Australia","Jul-20",25,25,0,24,23,1,2,2020,7
"Brisbane-Bundaberg","Brisbane","Bundaberg","Virgin Australia","Jul-20",23,23,0,21,21,2,2,2020,7
"Brisbane-Cairns","Brisbane","Cairns","Virgin Australia","Jul-20",38,38,0,33,33,5,5,2020,7
"Brisbane-Canberra","Brisbane","Canberra","Virgin Australia","Jul-20",14,14,0,9,10,5,4,2020,7
"Brisbane-Darwin","Brisbane","Darwin","Virgin Australia","Jul-20",12,12,0,12,10,0,2,2020,7
"Brisbane-Gladstone","Brisbane","Gladstone","Virgin Australia","Jul-20",23,21,2,19,17,2,4,2020,7
"Brisbane-Mackay","Brisbane","Mackay","Virgin Australia","Jul-20",33,33,0,33,31,0,2,2020,7
"Brisbane-Melbourne","Brisbane","Melbourne","Virgin Australia","Jul-20",34,18,16,16,18,2,0,2020,7
"Brisbane-Mount Isa","Brisbane","Mount Isa","Virgin Australia","Jul-20",6,6,0,6,6,0,0,2020,7
"Brisbane-Newcastle","Brisbane","Newcastle","Virgin Australia","Jul-20",17,17,0,15,15,2,2,2020,7
"Brisbane-Perth","Brisbane","Perth","Virgin Australia","Jul-20",25,25,0,25,23,0,2,2020,7
"Brisbane-Proserpine","Brisbane","Proserpine","Virgin Australia","Jul-20",13,13,0,13,13,0,0,2020,7
"Brisbane-Rockhampton","Brisbane","Rockhampton","Virgin Australia","Jul-20",31,31,0,30,30,1,1,2020,7
"Brisbane-Sydney","Brisbane","Sydney","Virgin Australia","Jul-20",113,104,9,89,97,15,7,2020,7
"Brisbane-Townsville","Brisbane","Townsville","Virgin Australia","Jul-20",31,31,0,29,25,2,6,2020,7
"Broome-Perth","Broome","Perth","Virgin Australia","Jul-20",13,13,0,9,13,4,0,2020,7
"Bundaberg-Brisbane","Bundaberg","Brisbane","Virgin Australia","Jul-20",8,8,0,7,7,1,1,2020,7
"Cairns-Brisbane","Cairns","Brisbane","Virgin Australia","Jul-20",38,38,0,34,36,4,2,2020,7
"Cairns-Sydney","Cairns","Sydney","Virgin Australia","Jul-20",9,9,0,9,9,0,0,2020,7
"Canberra-Brisbane","Canberra","Brisbane","Virgin Australia","Jul-20",14,14,0,7,9,7,5,2020,7
"Canberra-Melbourne","Canberra","Melbourne","Virgin Australia","Jul-20",13,13,0,13,13,0,0,2020,7
"Coffs Harbour-Sydney","Coffs Harbour","Sydney","Virgin Australia","Jul-20",4,4,0,4,4,0,0,2020,7
"Darwin-Brisbane","Darwin","Brisbane","Virgin Australia","Jul-20",12,12,0,10,10,2,2,2020,7
"Darwin-Perth","Darwin","Perth","Virgin Australia","Jul-20",9,9,0,9,9,0,0,2020,7
"Gladstone-Brisbane","Gladstone","Brisbane","Virgin Australia","Jul-20",38,36,2,30,31,6,5,2020,7
"Gold Coast-Sydney","Gold Coast","Sydney","Virgin Australia","Jul-20",29,29,0,20,24,9,5,2020,7
"Hobart-Melbourne","Hobart","Melbourne","Virgin Australia","Jul-20",2,0,2,0,0,0,0,2020,7
"Hobart-Sydney","Hobart","Sydney","Virgin Australia","Jul-20",6,6,0,5,5,1,1,2020,7
"Kalgoorlie-Perth","Kalgoorlie","Perth","Virgin Australia","Jul-20",11,11,0,10,11,1,0,2020,7
"Karratha-Perth","Karratha","Perth","Virgin Australia","Jul-20",14,14,0,10,12,4,2,2020,7
"Launceston-Sydney","Launceston","Sydney","Virgin Australia","Jul-20",3,3,0,3,3,0,0,2020,7
"Mackay-Brisbane","Mackay","Brisbane","Virgin Australia","Jul-20",33,33,0,32,33,1,0,2020,7
"Melbourne-Adelaide","Melbourne","Adelaide","Virgin Australia","Jul-20",14,14,0,13,13,1,1,2020,7
"Melbourne-Brisbane","Melbourne","Brisbane","Virgin Australia","Jul-20",34,18,16,17,17,1,1,2020,7
"Melbourne-Canberra","Melbourne","Canberra","Virgin Australia","Jul-20",13,13,0,13,13,0,0,2020,7
"Melbourne-Hobart","Melbourne","Hobart","Virgin Australia","Jul-20",2,0,2,0,0,0,0,2020,7
"Melbourne-Perth","Melbourne","Perth","Virgin Australia","Jul-20",25,25,0,24,23,1,2,2020,7
"Melbourne-Sydney","Melbourne","Sydney","Virgin Australia","Jul-20",49,32,17,32,32,0,0,2020,7
"Mount Isa-Brisbane","Mount Isa","Brisbane","Virgin Australia","Jul-20",6,6,0,6,6,0,0,2020,7
"Newcastle-Brisbane","Newcastle","Brisbane","Virgin Australia","Jul-20",16,16,0,15,15,1,1,2020,7
"Newman-Perth","Newman","Perth","Virgin Australia","Jul-20",11,11,0,10,11,1,0,2020,7
"Perth-Adelaide","Perth","Adelaide","Virgin Australia","Jul-20",14,14,0,12,12,2,2,2020,7
"Perth-Brisbane","Perth","Brisbane","Virgin Australia","Jul-20",25,25,0,19,20,6,5,2020,7
"Perth-Broome","Perth","Broome","Virgin Australia","Jul-20",13,13,0,12,12,1,1,2020,7
"Perth-Darwin","Perth","Darwin","Virgin Australia","Jul-20",9,9,0,9,9,0,0,2020,7
"Perth-Kalgoorlie","Perth","Kalgoorlie","Virgin Australia","Jul-20",11,11,0,11,11,0,0,2020,7
"Perth-Karratha","Perth","Karratha","Virgin Australia","Jul-20",14,14,0,13,12,1,2,2020,7
"Perth-Melbourne","Perth","Melbourne","Virgin Australia","Jul-20",25,25,0,25,25,0,0,2020,7
"Perth-Newman","Perth","Newman","Virgin Australia","Jul-20",11,11,0,10,10,1,1,2020,7
"Perth-Port Hedland","Perth","Port Hedland","Virgin Australia","Jul-20",10,10,0,10,10,0,0,2020,7
"Perth-Sydney","Perth","Sydney","Virgin Australia","Jul-20",25,25,0,23,24,2,1,2020,7
"Port Hedland-Perth","Port Hedland","Perth","Virgin Australia","Jul-20",10,10,0,8,9,2,1,2020,7
"Proserpine-Brisbane","Proserpine","Brisbane","Virgin Australia","Jul-20",13,13,0,13,13,0,0,2020,7
"Rockhampton-Brisbane","Rockhampton","Brisbane","Virgin Australia","Jul-20",31,31,0,26,26,5,5,2020,7
"Sunshine Coast-Sydney","Sunshine Coast","Sydney","Virgin Australia","Jul-20",15,15,0,9,10,6,5,2020,7
"Sydney-Adelaide","Sydney","Adelaide","Virgin Australia","Jul-20",14,14,0,12,12,2,2,2020,7
"Sydney-Ballina","Sydney","Ballina","Virgin Australia","Jul-20",11,11,0,11,11,0,0,2020,7
"Sydney-Brisbane","Sydney","Brisbane","Virgin Australia","Jul-20",110,102,8,96,97,6,5,2020,7
"Sydney-Cairns","Sydney","Cairns","Virgin Australia","Jul-20",9,9,0,7,9,2,0,2020,7
"Sydney-Coffs Harbour","Sydney","Coffs Harbour","Virgin Australia","Jul-20",4,4,0,4,4,0,0,2020,7
"Sydney-Gold Coast","Sydney","Gold Coast","Virgin Australia","Jul-20",29,29,0,25,24,4,5,2020,7
"Sydney-Hobart","Sydney","Hobart","Virgin Australia","Jul-20",6,6,0,6,6,0,0,2020,7
"Sydney-Launceston","Sydney","Launceston","Virgin Australia","Jul-20",3,3,0,3,3,0,0,2020,7
"Sydney-Melbourne","Sydney","Melbourne","Virgin Australia","Jul-20",51,32,19,30,32,2,0,2020,7
"Sydney-Perth","Sydney","Perth","Virgin Australia","Jul-20",25,25,0,24,24,1,1,2020,7
"Sydney-Sunshine Coast","Sydney","Sunshine Coast","Virgin Australia","Jul-20",16,15,1,12,11,3,4,2020,7
"Townsville-Brisbane","Townsville","Brisbane","Virgin Australia","Jul-20",31,31,0,25,26,6,5,2020,7
"Broome-Perth","Broome","Perth","Virgin Australia Regional Airlines","Jul-20",1,1,0,1,1,0,0,2020,7
"Kalgoorlie-Perth","Kalgoorlie","Perth","Virgin Australia Regional Airlines","Jul-20",3,3,0,2,2,1,1,2020,7
"Perth-Broome","Perth","Broome","Virgin Australia Regional Airlines","Jul-20",1,1,0,1,1,0,0,2020,7
"Perth-Kalgoorlie","Perth","Kalgoorlie","Virgin Australia Regional Airlines","Jul-20",3,3,0,2,2,1,1,2020,7
"Adelaide-Alice Springs","Adelaide","Alice Springs","All Airlines","Jul-20",20,20,0,16,17,4,3,2020,7
"Adelaide-Brisbane","Adelaide","Brisbane","All Airlines","Jul-20",61,61,0,38,46,23,15,2020,7
"Adelaide-Melbourne","Adelaide","Melbourne","All Airlines","Jul-20",61,51,10,46,46,5,5,2020,7
"Adelaide-Perth","Adelaide","Perth","All Airlines","Jul-20",26,26,0,25,23,1,3,2020,7
"Adelaide-Port Lincoln","Adelaide","Port Lincoln","All Airlines","Jul-20",93,92,1,77,78,15,14,2020,7
"Adelaide-Sydney","Adelaide","Sydney","All Airlines","Jul-20",47,40,7,31,35,9,5,2020,7
"Albury-Sydney","Albury","Sydney","All Airlines","Jul-20",49,47,2,34,34,13,13,2020,7
"Alice Springs-Adelaide","Alice Springs","Adelaide","All Airlines","Jul-20",19,19,0,15,16,4,3,2020,7
"Armidale-Sydney","Armidale","Sydney","All Airlines","Jul-20",17,17,0,15,16,2,1,2020,7
"Ballina-Sydney","Ballina","Sydney","All Airlines","Jul-20",81,81,0,74,75,7,6,2020,7
"Brisbane-Adelaide","Brisbane","Adelaide","All Airlines","Jul-20",62,61,1,49,51,12,10,2020,7
"Brisbane-Bundaberg","Brisbane","Bundaberg","All Airlines","Jul-20",36,36,0,33,34,3,2,2020,7
"Brisbane-Cairns","Brisbane","Cairns","All Airlines","Jul-20",195,194,1,167,161,27,33,2020,7
"Brisbane-Canberra","Brisbane","Canberra","All Airlines","Jul-20",62,61,1,52,54,9,7,2020,7
"Brisbane-Darwin","Brisbane","Darwin","All Airlines","Jul-20",35,35,0,30,28,5,7,2020,7
"Brisbane-Gladstone","Brisbane","Gladstone","All Airlines","Jul-20",56,54,2,51,50,3,4,2020,7
"Brisbane-Mackay","Brisbane","Mackay","All Airlines","Jul-20",120,119,1,114,108,5,11,2020,7
"Brisbane-Melbourne","Brisbane","Melbourne","All Airlines","Jul-20",75,49,26,36,44,13,5,2020,7
"Brisbane-Mount Isa","Brisbane","Mount Isa","All Airlines","Jul-20",35,35,0,34,33,1,2,2020,7
"Brisbane-Newcastle","Brisbane","Newcastle","All Airlines","Jul-20",54,53,1,44,47,9,6,2020,7
"Brisbane-Perth","Brisbane","Perth","All Airlines","Jul-20",46,46,0,46,42,0,4,2020,7
"Brisbane-Proserpine","Brisbane","Proserpine","All Airlines","Jul-20",44,44,0,40,38,4,6,2020,7
"Brisbane-Rockhampton","Brisbane","Rockhampton","All Airlines","Jul-20",116,116,0,109,110,7,6,2020,7
"Brisbane-Sydney","Brisbane","Sydney","All Airlines","Jul-20",375,359,16,316,342,43,17,2020,7
"Brisbane-Townsville","Brisbane","Townsville","All Airlines","Jul-20",139,139,0,121,115,18,24,2020,7
"Broome-Perth","Broome","Perth","All Airlines","Jul-20",101,100,1,64,77,36,23,2020,7
"Bundaberg-Brisbane","Bundaberg","Brisbane","All Airlines","Jul-20",21,21,0,20,20,1,1,2020,7
"Cairns-Brisbane","Cairns","Brisbane","All Airlines","Jul-20",195,193,2,125,143,68,50,2020,7
"Cairns-Sydney","Cairns","Sydney","All Airlines","Jul-20",94,94,0,81,88,13,6,2020,7
"Cairns-Townsville","Cairns","Townsville","All Airlines","Jul-20",54,54,0,50,50,4,4,2020,7
"Canberra-Brisbane","Canberra","Brisbane","All Airlines","Jul-20",61,61,0,44,45,17,16,2020,7
"Canberra-Melbourne","Canberra","Melbourne","All Airlines","Jul-20",54,45,9,42,44,3,1,2020,7
"Coffs Harbour-Sydney","Coffs Harbour","Sydney","All Airlines","Jul-20",54,54,0,52,52,2,2,2020,7
"Darwin-Brisbane","Darwin","Brisbane","All Airlines","Jul-20",35,35,0,24,28,11,7,2020,7
"Darwin-Perth","Darwin","Perth","All Airlines","Jul-20",16,14,2,14,13,0,1,2020,7
"Dubbo-Sydney","Dubbo","Sydney","All Airlines","Jul-20",64,63,1,52,54,11,9,2020,7
"Gladstone-Brisbane","Gladstone","Brisbane","All Airlines","Jul-20",71,69,2,60,63,9,6,2020,7
"Gold Coast-Sydney","Gold Coast","Sydney","All Airlines","Jul-20",122,122,0,100,109,22,13,2020,7
"Hobart-Melbourne","Hobart","Melbourne","All Airlines","Jul-20",27,25,2,24,25,1,0,2020,7
"Hobart-Sydney","Hobart","Sydney","All Airlines","Jul-20",10,10,0,7,7,3,3,2020,7
"Kalgoorlie-Perth","Kalgoorlie","Perth","All Airlines","Jul-20",56,54,2,46,49,8,5,2020,7
"Karratha-Perth","Karratha","Perth","All Airlines","Jul-20",97,94,3,65,78,29,16,2020,7
"Launceston-Sydney","Launceston","Sydney","All Airlines","Jul-20",7,7,0,6,6,1,1,2020,7
"Mackay-Brisbane","Mackay","Brisbane","All Airlines","Jul-20",125,124,1,113,115,11,9,2020,7
"Melbourne-Adelaide","Melbourne","Adelaide","All Airlines","Jul-20",61,51,10,46,46,5,5,2020,7
"Melbourne-Brisbane","Melbourne","Brisbane","All Airlines","Jul-20",75,49,26,44,45,5,4,2020,7
"Melbourne-Canberra","Melbourne","Canberra","All Airlines","Jul-20",54,45,9,44,44,1,1,2020,7
"Melbourne-Hobart","Melbourne","Hobart","All Airlines","Jul-20",28,26,2,25,26,1,0,2020,7
"Melbourne-Mildura","Melbourne","Mildura","All Airlines","Jul-20",50,46,4,43,43,3,3,2020,7
"Melbourne-Perth","Melbourne","Perth","All Airlines","Jul-20",49,49,0,41,40,8,9,2020,7
"Melbourne-Sydney","Melbourne","Sydney","All Airlines","Jul-20",257,181,76,158,161,23,20,2020,7
"Mildura-Melbourne","Mildura","Melbourne","All Airlines","Jul-20",50,46,4,43,43,3,3,2020,7
"Mount Isa-Brisbane","Mount Isa","Brisbane","All Airlines","Jul-20",35,35,0,21,26,14,9,2020,7
"Newcastle-Brisbane","Newcastle","Brisbane","All Airlines","Jul-20",53,52,1,46,46,6,6,2020,7
"Newman-Perth","Newman","Perth","All Airlines","Jul-20",52,50,2,42,43,8,7,2020,7
"Perth-Adelaide","Perth","Adelaide","All Airlines","Jul-20",26,26,0,23,24,3,2,2020,7
"Perth-Brisbane","Perth","Brisbane","All Airlines","Jul-20",46,46,0,31,35,15,11,2020,7
"Perth-Broome","Perth","Broome","All Airlines","Jul-20",101,100,1,84,89,16,11,2020,7
"Perth-Darwin","Perth","Darwin","All Airlines","Jul-20",16,14,2,14,14,0,0,2020,7
"Perth-Kalgoorlie","Perth","Kalgoorlie","All Airlines","Jul-20",56,54,2,49,48,5,6,2020,7
"Perth-Karratha","Perth","Karratha","All Airlines","Jul-20",97,94,3,83,84,11,10,2020,7
"Perth-Melbourne","Perth","Melbourne","All Airlines","Jul-20",50,50,0,37,40,13,10,2020,7
"Perth-Newman","Perth","Newman","All Airlines","Jul-20",52,50,2,43,44,7,6,2020,7
"Perth-Port Hedland","Perth","Port Hedland","All Airlines","Jul-20",61,61,0,56,57,5,4,2020,7
"Perth-Sydney","Perth","Sydney","All Airlines","Jul-20",56,56,0,40,43,16,13,2020,7
"Port Hedland-Perth","Port Hedland","Perth","All Airlines","Jul-20",61,61,0,46,50,15,11,2020,7
"Port Lincoln-Adelaide","Port Lincoln","Adelaide","All Airlines","Jul-20",94,93,1,68,69,25,24,2020,7
"Proserpine-Brisbane","Proserpine","Brisbane","All Airlines","Jul-20",44,44,0,34,39,10,5,2020,7
"Rockhampton-Brisbane","Rockhampton","Brisbane","All Airlines","Jul-20",111,111,0,100,102,11,9,2020,7
"Sunshine Coast-Sydney","Sunshine Coast","Sydney","All Airlines","Jul-20",33,33,0,21,23,12,10,2020,7
"Sydney-Adelaide","Sydney","Adelaide","All Airlines","Jul-20",48,41,7,36,37,5,4,2020,7
"Sydney-Albury","Sydney","Albury","All Airlines","Jul-20",52,50,2,34,37,16,13,2020,7
"Sydney-Armidale","Sydney","Armidale","All Airlines","Jul-20",17,17,0,15,15,2,2,2020,7
"Sydney-Ballina","Sydney","Ballina","All Airlines","Jul-20",81,81,0,73,73,8,8,2020,7
"Sydney-Brisbane","Sydney","Brisbane","All Airlines","Jul-20",368,353,15,320,330,33,23,2020,7
"Sydney-Cairns","Sydney","Cairns","All Airlines","Jul-20",95,94,1,73,80,21,14,2020,7
"Sydney-Coffs Harbour","Sydney","Coffs Harbour","All Airlines","Jul-20",54,54,0,52,52,2,2,2020,7
"Sydney-Dubbo","Sydney","Dubbo","All Airlines","Jul-20",63,62,1,46,49,16,13,2020,7
"Sydney-Gold Coast","Sydney","Gold Coast","All Airlines","Jul-20",122,122,0,104,108,18,14,2020,7
"Sydney-Hobart","Sydney","Hobart","All Airlines","Jul-20",10,10,0,9,9,1,1,2020,7
"Sydney-Launceston","Sydney","Launceston","All Airlines","Jul-20",7,7,0,5,6,2,1,2020,7
"Sydney-Melbourne","Sydney","Melbourne","All Airlines","Jul-20",259,181,78,146,161,35,20,2020,7
"Sydney-Perth","Sydney","Perth","All Airlines","Jul-20",57,56,1,47,51,9,5,2020,7
"Sydney-Sunshine Coast","Sydney","Sunshine Coast","All Airlines","Jul-20",34,33,1,27,27,6,6,2020,7
"Sydney-Wagga Wagga","Sydney","Wagga Wagga","All Airlines","Jul-20",55,51,4,41,43,10,8,2020,7
"Townsville-Brisbane","Townsville","Brisbane","All Airlines","Jul-20",138,138,0,105,109,33,29,2020,7
"Townsville-Cairns","Townsville","Cairns","All Airlines","Jul-20",54,53,1,50,51,3,2,2020,7
"Wagga Wagga-Sydney","Wagga Wagga","Sydney","All Airlines","Jul-20",57,54,3,43,44,11,10,2020,7
"Adelaide-Brisbane","Adelaide","Brisbane","Jetstar","Aug-20",28,28,0,24,26,4,2,2020,8
"Adelaide-Gold Coast","Adelaide","Gold Coast","Jetstar","Aug-20",18,17,1,16,16,1,1,2020,8
"Adelaide-Melbourne","Adelaide","Melbourne","Jetstar","Aug-20",23,23,0,23,23,0,0,2020,8
"Adelaide-Sydney","Adelaide","Sydney","Jetstar","Aug-20",24,24,0,16,21,8,3,2020,8
"Ballina-Sydney","Ballina","Sydney","Jetstar","Aug-20",62,61,1,57,59,4,2,2020,8
"Brisbane-Adelaide","Brisbane","Adelaide","Jetstar","Aug-20",27,27,0,20,18,7,9,2020,8
"Brisbane-Cairns","Brisbane","Cairns","Jetstar","Aug-20",104,102,2,94,88,8,14,2020,8
"Brisbane-Darwin","Brisbane","Darwin","Jetstar","Aug-20",11,11,0,9,7,2,4,2020,8
"Brisbane-Hobart","Brisbane","Hobart","Jetstar","Aug-20",11,11,0,10,10,1,1,2020,8
"Brisbane-Mackay","Brisbane","Mackay","Jetstar","Aug-20",31,31,0,27,26,4,5,2020,8
"Brisbane-Melbourne","Brisbane","Melbourne","Jetstar","Aug-20",13,13,0,5,8,8,5,2020,8
"Brisbane-Newcastle","Brisbane","Newcastle","Jetstar","Aug-20",19,12,7,10,10,2,2,2020,8
"Brisbane-Proserpine","Brisbane","Proserpine","Jetstar","Aug-20",33,33,0,28,25,5,8,2020,8
"Brisbane-Sydney","Brisbane","Sydney","Jetstar","Aug-20",37,31,6,20,22,11,9,2020,8
"Brisbane-Townsville","Brisbane","Townsville","Jetstar","Aug-20",62,62,0,56,53,6,9,2020,8
"Cairns-Brisbane","Cairns","Brisbane","Jetstar","Aug-20",104,102,2,82,86,20,16,2020,8
"Darwin-Brisbane","Darwin","Brisbane","Jetstar","Aug-20",11,11,0,3,3,8,8,2020,8
"Gold Coast-Adelaide","Gold Coast","Adelaide","Jetstar","Aug-20",18,17,1,15,13,2,4,2020,8
"Hobart-Brisbane","Hobart","Brisbane","Jetstar","Aug-20",12,12,0,12,12,0,0,2020,8
"Hobart-Sydney","Hobart","Sydney","Jetstar","Aug-20",13,13,0,13,13,0,0,2020,8
"Launceston-Sydney","Launceston","Sydney","Jetstar","Aug-20",13,13,0,13,13,0,0,2020,8
"Mackay-Brisbane","Mackay","Brisbane","Jetstar","Aug-20",31,31,0,24,26,7,5,2020,8
"Melbourne-Adelaide","Melbourne","Adelaide","Jetstar","Aug-20",23,23,0,22,21,1,2,2020,8
"Melbourne-Brisbane","Melbourne","Brisbane","Jetstar","Aug-20",13,13,0,7,11,6,2,2020,8
"Melbourne-Sydney","Melbourne","Sydney","Jetstar","Aug-20",26,20,6,16,17,4,3,2020,8
"Newcastle-Brisbane","Newcastle","Brisbane","Jetstar","Aug-20",19,12,7,10,10,2,2,2020,8
"Proserpine-Brisbane","Proserpine","Brisbane","Jetstar","Aug-20",34,32,2,20,26,12,6,2020,8
"Sydney-Adelaide","Sydney","Adelaide","Jetstar","Aug-20",24,24,0,21,22,3,2,2020,8
"Sydney-Ballina","Sydney","Ballina","Jetstar","Aug-20",61,61,0,59,59,2,2,2020,8
"Sydney-Brisbane","Sydney","Brisbane","Jetstar","Aug-20",31,31,0,20,25,11,6,2020,8
"Sydney-Hobart","Sydney","Hobart","Jetstar","Aug-20",13,13,0,13,13,0,0,2020,8
"Sydney-Launceston","Sydney","Launceston","Jetstar","Aug-20",13,13,0,13,13,0,0,2020,8
"Sydney-Melbourne","Sydney","Melbourne","Jetstar","Aug-20",26,22,4,9,13,13,9,2020,8
"Townsville-Brisbane","Townsville","Brisbane","Jetstar","Aug-20",62,62,0,52,54,10,8,2020,8
"Adelaide-Alice Springs","Adelaide","Alice Springs","Qantas","Aug-20",31,31,0,26,23,5,8,2020,8
"Adelaide-Brisbane","Adelaide","Brisbane","Qantas","Aug-20",70,67,3,51,62,16,5,2020,8
"Adelaide-Perth","Adelaide","Perth","Qantas","Aug-20",17,17,0,16,14,1,3,2020,8
"Alice Springs-Adelaide","Alice Springs","Adelaide","Qantas","Aug-20",31,31,0,17,20,14,11,2020,8
"Brisbane-Adelaide","Brisbane","Adelaide","Qantas","Aug-20",70,67,3,65,57,2,10,2020,8
"Brisbane-Cairns","Brisbane","Cairns","Qantas","Aug-20",34,34,0,34,30,0,4,2020,8
"Brisbane-Darwin","Brisbane","Darwin","Qantas","Aug-20",30,24,6,24,18,0,6,2020,8
"Brisbane-Mackay","Brisbane","Mackay","Qantas","Aug-20",60,54,6,53,49,1,5,2020,8
"Brisbane-Mount Isa","Brisbane","Mount Isa","Qantas","Aug-20",10,10,0,10,9,0,1,2020,8
"Brisbane-Perth","Brisbane","Perth","Qantas","Aug-20",27,26,1,25,15,1,11,2020,8
"Brisbane-Sydney","Brisbane","Sydney","Qantas","Aug-20",54,41,13,34,37,7,4,2020,8
"Brisbane-Townsville","Brisbane","Townsville","Qantas","Aug-20",62,62,0,60,57,2,5,2020,8
"Broome-Perth","Broome","Perth","Qantas","Aug-20",42,40,2,26,28,14,12,2020,8
"Cairns-Brisbane","Cairns","Brisbane","Qantas","Aug-20",34,34,0,24,26,10,8,2020,8
"Cairns-Sydney","Cairns","Sydney","Qantas","Aug-20",8,4,4,2,4,2,0,2020,8
"Darwin-Brisbane","Darwin","Brisbane","Qantas","Aug-20",30,24,6,11,20,13,4,2020,8
"Darwin-Perth","Darwin","Perth","Qantas","Aug-20",9,9,0,9,8,0,1,2020,8
"Gold Coast-Sydney","Gold Coast","Sydney","Qantas","Aug-20",4,2,2,2,2,0,0,2020,8
"Kalgoorlie-Perth","Kalgoorlie","Perth","Qantas","Aug-20",13,13,0,11,12,2,1,2020,8
"Karratha-Perth","Karratha","Perth","Qantas","Aug-20",33,30,3,27,29,3,1,2020,8
"Mackay-Brisbane","Mackay","Brisbane","Qantas","Aug-20",61,54,7,49,50,5,4,2020,8
"Melbourne-Perth","Melbourne","Perth","Qantas","Aug-20",20,19,1,17,18,2,1,2020,8
"Melbourne-Sydney","Melbourne","Sydney","Qantas","Aug-20",29,26,3,18,19,8,7,2020,8
"Mount Isa-Brisbane","Mount Isa","Brisbane","Qantas","Aug-20",10,10,0,8,10,2,0,2020,8
"Newman-Perth","Newman","Perth","Qantas","Aug-20",6,6,0,5,5,1,1,2020,8
"Perth-Adelaide","Perth","Adelaide","Qantas","Aug-20",17,17,0,16,16,1,1,2020,8
"Perth-Brisbane","Perth","Brisbane","Qantas","Aug-20",27,26,1,19,22,7,4,2020,8
"Perth-Broome","Perth","Broome","Qantas","Aug-20",41,39,2,35,37,4,2,2020,8
"Perth-Darwin","Perth","Darwin","Qantas","Aug-20",9,9,0,8,8,1,1,2020,8
"Perth-Kalgoorlie","Perth","Kalgoorlie","Qantas","Aug-20",13,13,0,13,13,0,0,2020,8
"Perth-Karratha","Perth","Karratha","Qantas","Aug-20",33,30,3,29,29,1,1,2020,8
"Perth-Melbourne","Perth","Melbourne","Qantas","Aug-20",20,19,1,15,15,4,4,2020,8
"Perth-Newman","Perth","Newman","Qantas","Aug-20",6,6,0,4,5,2,1,2020,8
"Perth-Port Hedland","Perth","Port Hedland","Qantas","Aug-20",16,16,0,15,15,1,1,2020,8
"Perth-Sydney","Perth","Sydney","Qantas","Aug-20",25,23,2,13,21,10,2,2020,8
"Port Hedland-Perth","Port Hedland","Perth","Qantas","Aug-20",16,16,0,13,14,3,2,2020,8
"Sydney-Brisbane","Sydney","Brisbane","Qantas","Aug-20",50,39,11,36,36,3,3,2020,8
"Sydney-Cairns","Sydney","Cairns","Qantas","Aug-20",8,4,4,4,4,0,0,2020,8
"Sydney-Gold Coast","Sydney","Gold Coast","Qantas","Aug-20",4,2,2,2,2,0,0,2020,8
"Sydney-Melbourne","Sydney","Melbourne","Qantas","Aug-20",33,25,8,24,23,1,2,2020,8
"Sydney-Perth","Sydney","Perth","Qantas","Aug-20",25,24,1,20,21,4,3,2020,8
"Townsville-Brisbane","Townsville","Brisbane","Qantas","Aug-20",61,61,0,55,58,6,3,2020,8
"Adelaide-Port Lincoln","Adelaide","Port Lincoln","QantasLink","Aug-20",36,36,0,32,31,4,5,2020,8
"Albury-Sydney","Albury","Sydney","QantasLink","Aug-20",9,9,0,5,7,4,2,2020,8
"Armidale-Sydney","Armidale","Sydney","QantasLink","Aug-20",13,13,0,13,13,0,0,2020,8
"Ballina-Sydney","Ballina","Sydney","QantasLink","Aug-20",53,51,2,43,46,8,5,2020,8
"Brisbane-Bundaberg","Brisbane","Bundaberg","QantasLink","Aug-20",13,13,0,11,13,2,0,2020,8
"Brisbane-Cairns","Brisbane","Cairns","QantasLink","Aug-20",91,91,0,85,84,6,7,2020,8
"Brisbane-Canberra","Brisbane","Canberra","QantasLink","Aug-20",40,36,4,34,34,2,2,2020,8
"Brisbane-Gladstone","Brisbane","Gladstone","QantasLink","Aug-20",68,66,2,62,61,4,5,2020,8
"Brisbane-Hamilton Island","Brisbane","Hamilton Island","QantasLink","Aug-20",50,49,1,45,45,4,4,2020,8
"Brisbane-Mackay","Brisbane","Mackay","QantasLink","Aug-20",31,31,0,28,28,3,3,2020,8
"Brisbane-Mount Isa","Brisbane","Mount Isa","QantasLink","Aug-20",34,34,0,34,30,0,4,2020,8
"Brisbane-Newcastle","Brisbane","Newcastle","QantasLink","Aug-20",13,10,3,8,9,2,1,2020,8
"Brisbane-Rockhampton","Brisbane","Rockhampton","QantasLink","Aug-20",110,110,0,103,102,7,8,2020,8
"Brisbane-Townsville","Brisbane","Townsville","QantasLink","Aug-20",8,8,0,7,7,1,1,2020,8
"Broome-Perth","Broome","Perth","QantasLink","Aug-20",47,45,2,31,36,14,9,2020,8
"Bundaberg-Brisbane","Bundaberg","Brisbane","QantasLink","Aug-20",13,13,0,13,13,0,0,2020,8
"Cairns-Brisbane","Cairns","Brisbane","QantasLink","Aug-20",90,89,1,75,70,14,19,2020,8
"Cairns-Townsville","Cairns","Townsville","QantasLink","Aug-20",40,40,0,39,38,1,2,2020,8
"Canberra-Brisbane","Canberra","Brisbane","QantasLink","Aug-20",40,36,4,31,28,5,8,2020,8
"Canberra-Melbourne","Canberra","Melbourne","QantasLink","Aug-20",18,18,0,17,17,1,1,2020,8
"Coffs Harbour-Sydney","Coffs Harbour","Sydney","QantasLink","Aug-20",39,37,2,35,36,2,1,2020,8
"Dubbo-Sydney","Dubbo","Sydney","QantasLink","Aug-20",21,20,1,15,17,5,3,2020,8
"Gladstone-Brisbane","Gladstone","Brisbane","QantasLink","Aug-20",68,66,2,62,63,4,3,2020,8
"Hamilton Island-Brisbane","Hamilton Island","Brisbane","QantasLink","Aug-20",50,49,1,45,43,4,6,2020,8
"Kalgoorlie-Perth","Kalgoorlie","Perth","QantasLink","Aug-20",37,35,2,31,31,4,4,2020,8
"Karratha-Perth","Karratha","Perth","QantasLink","Aug-20",85,80,5,71,72,9,8,2020,8
"Mackay-Brisbane","Mackay","Brisbane","QantasLink","Aug-20",33,33,0,31,31,2,2,2020,8
"Melbourne-Canberra","Melbourne","Canberra","QantasLink","Aug-20",18,18,0,18,17,0,1,2020,8
"Melbourne-Mildura","Melbourne","Mildura","QantasLink","Aug-20",9,9,0,9,9,0,0,2020,8
"Mildura-Melbourne","Mildura","Melbourne","QantasLink","Aug-20",9,9,0,9,9,0,0,2020,8
"Mount Isa-Brisbane","Mount Isa","Brisbane","QantasLink","Aug-20",34,34,0,31,34,3,0,2020,8
"Newcastle-Brisbane","Newcastle","Brisbane","QantasLink","Aug-20",13,10,3,10,8,0,2,2020,8
"Newman-Perth","Newman","Perth","QantasLink","Aug-20",34,32,2,26,26,6,6,2020,8
"Perth-Broome","Perth","Broome","QantasLink","Aug-20",47,47,0,41,40,6,7,2020,8
"Perth-Kalgoorlie","Perth","Kalgoorlie","QantasLink","Aug-20",37,35,2,31,29,4,6,2020,8
"Perth-Karratha","Perth","Karratha","QantasLink","Aug-20",85,80,5,71,70,9,10,2020,8
"Perth-Newman","Perth","Newman","QantasLink","Aug-20",34,32,2,25,28,7,4,2020,8
"Perth-Port Hedland","Perth","Port Hedland","QantasLink","Aug-20",36,34,2,31,32,3,2,2020,8
"Port Hedland-Perth","Port Hedland","Perth","QantasLink","Aug-20",36,34,2,27,32,7,2,2020,8
"Port Lincoln-Adelaide","Port Lincoln","Adelaide","QantasLink","Aug-20",36,36,0,30,31,6,5,2020,8
"Rockhampton-Brisbane","Rockhampton","Brisbane","QantasLink","Aug-20",107,107,0,95,94,12,13,2020,8
"Sydney-Albury","Sydney","Albury","QantasLink","Aug-20",9,9,0,6,6,3,3,2020,8
"Sydney-Armidale","Sydney","Armidale","QantasLink","Aug-20",13,13,0,13,13,0,0,2020,8
"Sydney-Ballina","Sydney","Ballina","QantasLink","Aug-20",54,51,3,44,44,7,7,2020,8
"Sydney-Coffs Harbour","Sydney","Coffs Harbour","QantasLink","Aug-20",39,37,2,36,36,1,1,2020,8
"Sydney-Dubbo","Sydney","Dubbo","QantasLink","Aug-20",21,20,1,17,17,3,3,2020,8
"Sydney-Wagga Wagga","Sydney","Wagga Wagga","QantasLink","Aug-20",19,19,0,16,17,3,2,2020,8
"Townsville-Brisbane","Townsville","Brisbane","QantasLink","Aug-20",8,8,0,7,7,1,1,2020,8
"Townsville-Cairns","Townsville","Cairns","QantasLink","Aug-20",40,40,0,35,35,5,5,2020,8
"Wagga Wagga-Sydney","Wagga Wagga","Sydney","QantasLink","Aug-20",19,19,0,16,16,3,3,2020,8
"Adelaide-Port Lincoln","Adelaide","Port Lincoln","Regional Express","Aug-20",68,68,0,54,52,14,16,2020,8
"Albury-Sydney","Albury","Sydney","Regional Express","Aug-20",21,21,0,19,20,2,1,2020,8
"Armidale-Sydney","Armidale","Sydney","Regional Express","Aug-20",8,8,0,8,8,0,0,2020,8
"Ballina-Sydney","Ballina","Sydney","Regional Express","Aug-20",9,9,0,9,9,0,0,2020,8
"Cairns-Townsville","Cairns","Townsville","Regional Express","Aug-20",9,9,0,8,7,1,2,2020,8
"Dubbo-Sydney","Dubbo","Sydney","Regional Express","Aug-20",40,40,0,35,35,5,5,2020,8
"Melbourne-Mildura","Melbourne","Mildura","Regional Express","Aug-20",15,13,2,12,11,1,2,2020,8
"Mildura-Melbourne","Mildura","Melbourne","Regional Express","Aug-20",15,13,2,11,11,2,2,2020,8
"Port Lincoln-Adelaide","Port Lincoln","Adelaide","Regional Express","Aug-20",68,68,0,44,46,24,22,2020,8
"Sydney-Albury","Sydney","Albury","Regional Express","Aug-20",21,21,0,19,19,2,2,2020,8
"Sydney-Armidale","Sydney","Armidale","Regional Express","Aug-20",8,8,0,8,8,0,0,2020,8
"Sydney-Ballina","Sydney","Ballina","Regional Express","Aug-20",9,9,0,8,9,1,0,2020,8
"Sydney-Dubbo","Sydney","Dubbo","Regional Express","Aug-20",40,40,0,37,37,3,3,2020,8
"Sydney-Wagga Wagga","Sydney","Wagga Wagga","Regional Express","Aug-20",33,32,1,30,30,2,2,2020,8
"Townsville-Cairns","Townsville","Cairns","Regional Express","Aug-20",9,9,0,8,8,1,1,2020,8
"Wagga Wagga-Sydney","Wagga Wagga","Sydney","Regional Express","Aug-20",32,32,0,28,30,4,2,2020,8
"Adelaide-Alice Springs","Adelaide","Alice Springs","Virgin Australia","Aug-20",13,13,0,13,13,0,0,2020,8
"Adelaide-Brisbane","Adelaide","Brisbane","Virgin Australia","Aug-20",33,32,1,25,31,7,1,2020,8
"Adelaide-Gold Coast","Adelaide","Gold Coast","Virgin Australia","Aug-20",8,7,1,6,7,1,0,2020,8
"Adelaide-Melbourne","Adelaide","Melbourne","Virgin Australia","Aug-20",13,13,0,10,12,3,1,2020,8
"Adelaide-Perth","Adelaide","Perth","Virgin Australia","Aug-20",13,13,0,12,10,1,3,2020,8
"Adelaide-Sydney","Adelaide","Sydney","Virgin Australia","Aug-20",14,13,1,9,10,4,3,2020,8
"Alice Springs-Adelaide","Alice Springs","Adelaide","Virgin Australia","Aug-20",13,13,0,13,13,0,0,2020,8
"Ballina-Sydney","Ballina","Sydney","Virgin Australia","Aug-20",13,13,0,12,13,1,0,2020,8
"Brisbane-Adelaide","Brisbane","Adelaide","Virgin Australia","Aug-20",33,32,1,32,30,0,2,2020,8
"Brisbane-Bundaberg","Brisbane","Bundaberg","Virgin Australia","Aug-20",22,22,0,20,18,2,4,2020,8
"Brisbane-Cairns","Brisbane","Cairns","Virgin Australia","Aug-20",56,56,0,46,50,10,6,2020,8
"Brisbane-Canberra","Brisbane","Canberra","Virgin Australia","Aug-20",15,14,1,10,11,4,3,2020,8
"Brisbane-Darwin","Brisbane","Darwin","Virgin Australia","Aug-20",14,14,0,12,14,2,0,2020,8
"Brisbane-Gladstone","Brisbane","Gladstone","Virgin Australia","Aug-20",21,19,2,17,15,2,4,2020,8
"Brisbane-Hamilton Island","Brisbane","Hamilton Island","Virgin Australia","Aug-20",13,13,0,13,12,0,1,2020,8
"Brisbane-Hobart","Brisbane","Hobart","Virgin Australia","Aug-20",8,7,1,6,6,1,1,2020,8
"Brisbane-Mackay","Brisbane","Mackay","Virgin Australia","Aug-20",47,46,1,42,41,4,5,2020,8
"Brisbane-Melbourne","Brisbane","Melbourne","Virgin Australia","Aug-20",14,14,0,9,9,5,5,2020,8
"Brisbane-Mount Isa","Brisbane","Mount Isa","Virgin Australia","Aug-20",13,13,0,12,10,1,3,2020,8
"Brisbane-Newcastle","Brisbane","Newcastle","Virgin Australia","Aug-20",15,13,2,12,11,1,2,2020,8
"Brisbane-Perth","Brisbane","Perth","Virgin Australia","Aug-20",21,21,0,16,14,5,7,2020,8
"Brisbane-Proserpine","Brisbane","Proserpine","Virgin Australia","Aug-20",13,13,0,12,12,1,1,2020,8
"Brisbane-Rockhampton","Brisbane","Rockhampton","Virgin Australia","Aug-20",40,39,1,35,36,4,3,2020,8
"Brisbane-Sydney","Brisbane","Sydney","Virgin Australia","Aug-20",40,33,7,30,29,3,4,2020,8
"Brisbane-Townsville","Brisbane","Townsville","Virgin Australia","Aug-20",43,43,0,40,42,3,1,2020,8
"Broome-Perth","Broome","Perth","Virgin Australia","Aug-20",29,29,0,23,27,6,2,2020,8
"Bundaberg-Brisbane","Bundaberg","Brisbane","Virgin Australia","Aug-20",9,9,0,8,7,1,2,2020,8
"Cairns-Brisbane","Cairns","Brisbane","Virgin Australia","Aug-20",56,56,0,49,55,7,1,2020,8
"Cairns-Sydney","Cairns","Sydney","Virgin Australia","Aug-20",2,1,1,1,1,0,0,2020,8
"Canberra-Brisbane","Canberra","Brisbane","Virgin Australia","Aug-20",15,14,1,10,11,4,3,2020,8
"Canberra-Melbourne","Canberra","Melbourne","Virgin Australia","Aug-20",11,10,1,8,8,2,2,2020,8
"Coffs Harbour-Sydney","Coffs Harbour","Sydney","Virgin Australia","Aug-20",9,9,0,9,9,0,0,2020,8
"Darwin-Brisbane","Darwin","Brisbane","Virgin Australia","Aug-20",14,14,0,11,11,3,3,2020,8
"Darwin-Perth","Darwin","Perth","Virgin Australia","Aug-20",11,11,0,11,11,0,0,2020,8
"Gladstone-Brisbane","Gladstone","Brisbane","Virgin Australia","Aug-20",34,32,2,25,24,7,8,2020,8
"Gold Coast-Adelaide","Gold Coast","Adelaide","Virgin Australia","Aug-20",7,7,0,7,6,0,1,2020,8
"Gold Coast-Sydney","Gold Coast","Sydney","Virgin Australia","Aug-20",18,16,2,14,14,2,2,2020,8
"Hamilton Island-Brisbane","Hamilton Island","Brisbane","Virgin Australia","Aug-20",13,13,0,13,13,0,0,2020,8
"Hobart-Brisbane","Hobart","Brisbane","Virgin Australia","Aug-20",8,7,1,6,6,1,1,2020,8
"Hobart-Sydney","Hobart","Sydney","Virgin Australia","Aug-20",8,8,0,8,8,0,0,2020,8
"Kalgoorlie-Perth","Kalgoorlie","Perth","Virgin Australia","Aug-20",25,21,4,18,19,3,2,2020,8
"Karratha-Perth","Karratha","Perth","Virgin Australia","Aug-20",23,20,3,14,17,6,3,2020,8
"Launceston-Sydney","Launceston","Sydney","Virgin Australia","Aug-20",9,9,0,9,9,0,0,2020,8
"Mackay-Brisbane","Mackay","Brisbane","Virgin Australia","Aug-20",47,46,1,44,45,2,1,2020,8
"Melbourne-Adelaide","Melbourne","Adelaide","Virgin Australia","Aug-20",13,13,0,11,11,2,2,2020,8
"Melbourne-Brisbane","Melbourne","Brisbane","Virgin Australia","Aug-20",14,14,0,8,9,6,5,2020,8
"Melbourne-Canberra","Melbourne","Canberra","Virgin Australia","Aug-20",11,10,1,7,7,3,3,2020,8
"Melbourne-Perth","Melbourne","Perth","Virgin Australia","Aug-20",17,16,1,10,12,6,4,2020,8
"Melbourne-Sydney","Melbourne","Sydney","Virgin Australia","Aug-20",21,21,0,15,17,6,4,2020,8
"Mount Isa-Brisbane","Mount Isa","Brisbane","Virgin Australia","Aug-20",13,13,0,11,13,2,0,2020,8
"Newcastle-Brisbane","Newcastle","Brisbane","Virgin Australia","Aug-20",15,12,3,11,11,1,1,2020,8
"Newman-Perth","Newman","Perth","Virgin Australia","Aug-20",14,13,1,10,10,3,3,2020,8
"Perth-Adelaide","Perth","Adelaide","Virgin Australia","Aug-20",13,13,0,10,11,3,2,2020,8
"Perth-Brisbane","Perth","Brisbane","Virgin Australia","Aug-20",21,21,0,21,21,0,0,2020,8
"Perth-Broome","Perth","Broome","Virgin Australia","Aug-20",29,29,0,26,27,3,2,2020,8
"Perth-Darwin","Perth","Darwin","Virgin Australia","Aug-20",11,11,0,11,11,0,0,2020,8
"Perth-Kalgoorlie","Perth","Kalgoorlie","Virgin Australia","Aug-20",25,21,4,18,18,3,3,2020,8
"Perth-Karratha","Perth","Karratha","Virgin Australia","Aug-20",23,20,3,16,16,4,4,2020,8
"Perth-Melbourne","Perth","Melbourne","Virgin Australia","Aug-20",17,16,1,15,15,1,1,2020,8
"Perth-Newman","Perth","Newman","Virgin Australia","Aug-20",14,13,1,12,12,1,1,2020,8
"Perth-Port Hedland","Perth","Port Hedland","Virgin Australia","Aug-20",25,24,1,21,22,3,2,2020,8
"Perth-Sydney","Perth","Sydney","Virgin Australia","Aug-20",17,17,0,14,15,3,2,2020,8
"Port Hedland-Perth","Port Hedland","Perth","Virgin Australia","Aug-20",25,24,1,20,22,4,2,2020,8
"Proserpine-Brisbane","Proserpine","Brisbane","Virgin Australia","Aug-20",13,13,0,13,13,0,0,2020,8
"Rockhampton-Brisbane","Rockhampton","Brisbane","Virgin Australia","Aug-20",40,39,1,35,36,4,3,2020,8
"Sydney-Adelaide","Sydney","Adelaide","Virgin Australia","Aug-20",14,13,1,13,13,0,0,2020,8
"Sydney-Ballina","Sydney","Ballina","Virgin Australia","Aug-20",13,13,0,13,13,0,0,2020,8
"Sydney-Brisbane","Sydney","Brisbane","Virgin Australia","Aug-20",37,32,5,31,31,1,1,2020,8
"Sydney-Cairns","Sydney","Cairns","Virgin Australia","Aug-20",2,1,1,1,1,0,0,2020,8
"Sydney-Coffs Harbour","Sydney","Coffs Harbour","Virgin Australia","Aug-20",9,9,0,9,9,0,0,2020,8
"Sydney-Gold Coast","Sydney","Gold Coast","Virgin Australia","Aug-20",18,16,2,14,14,2,2,2020,8
"Sydney-Hobart","Sydney","Hobart","Virgin Australia","Aug-20",8,8,0,8,8,0,0,2020,8
"Sydney-Launceston","Sydney","Launceston","Virgin Australia","Aug-20",9,9,0,9,9,0,0,2020,8
"Sydney-Melbourne","Sydney","Melbourne","Virgin Australia","Aug-20",21,21,0,17,18,4,3,2020,8
"Sydney-Perth","Sydney","Perth","Virgin Australia","Aug-20",18,17,1,16,15,1,2,2020,8
"Townsville-Brisbane","Townsville","Brisbane","Virgin Australia","Aug-20",43,43,0,42,42,1,1,2020,8
"Kalgoorlie-Perth","Kalgoorlie","Perth","Virgin Australia Regional Airlines","Aug-20",1,1,0,0,0,1,1,2020,8
"Karratha-Perth","Karratha","Perth","Virgin Australia Regional Airlines","Aug-20",5,5,0,4,3,1,2,2020,8
"Perth-Kalgoorlie","Perth","Kalgoorlie","Virgin Australia Regional Airlines","Aug-20",1,1,0,0,0,1,1,2020,8
"Perth-Karratha","Perth","Karratha","Virgin Australia Regional Airlines","Aug-20",5,5,0,5,4,0,1,2020,8
"Adelaide-Alice Springs","Adelaide","Alice Springs","All Airlines","Aug-20",44,44,0,39,36,5,8,2020,8
"Adelaide-Brisbane","Adelaide","Brisbane","All Airlines","Aug-20",131,127,4,100,119,27,8,2020,8
"Adelaide-Gold Coast","Adelaide","Gold Coast","All Airlines","Aug-20",26,24,2,22,23,2,1,2020,8
"Adelaide-Melbourne","Adelaide","Melbourne","All Airlines","Aug-20",36,36,0,33,35,3,1,2020,8
"Adelaide-Perth","Adelaide","Perth","All Airlines","Aug-20",30,30,0,28,24,2,6,2020,8
"Adelaide-Port Lincoln","Adelaide","Port Lincoln","All Airlines","Aug-20",104,104,0,86,83,18,21,2020,8
"Adelaide-Sydney","Adelaide","Sydney","All Airlines","Aug-20",38,37,1,25,31,12,6,2020,8
"Albury-Sydney","Albury","Sydney","All Airlines","Aug-20",30,30,0,24,27,6,3,2020,8
"Alice Springs-Adelaide","Alice Springs","Adelaide","All Airlines","Aug-20",44,44,0,30,33,14,11,2020,8
"Armidale-Sydney","Armidale","Sydney","All Airlines","Aug-20",21,21,0,21,21,0,0,2020,8
"Ballina-Sydney","Ballina","Sydney","All Airlines","Aug-20",137,134,3,121,127,13,7,2020,8
"Brisbane-Adelaide","Brisbane","Adelaide","All Airlines","Aug-20",130,126,4,117,105,9,21,2020,8
"Brisbane-Bundaberg","Brisbane","Bundaberg","All Airlines","Aug-20",35,35,0,31,31,4,4,2020,8
"Brisbane-Cairns","Brisbane","Cairns","All Airlines","Aug-20",285,283,2,259,252,24,31,2020,8
"Brisbane-Canberra","Brisbane","Canberra","All Airlines","Aug-20",55,50,5,44,45,6,5,2020,8
"Brisbane-Darwin","Brisbane","Darwin","All Airlines","Aug-20",55,49,6,45,39,4,10,2020,8
"Brisbane-Gladstone","Brisbane","Gladstone","All Airlines","Aug-20",89,85,4,79,76,6,9,2020,8
"Brisbane-Hamilton Island","Brisbane","Hamilton Island","All Airlines","Aug-20",63,62,1,58,57,4,5,2020,8
"Brisbane-Hobart","Brisbane","Hobart","All Airlines","Aug-20",19,18,1,16,16,2,2,2020,8
"Brisbane-Mackay","Brisbane","Mackay","All Airlines","Aug-20",169,162,7,150,144,12,18,2020,8
"Brisbane-Melbourne","Brisbane","Melbourne","All Airlines","Aug-20",27,27,0,14,17,13,10,2020,8
"Brisbane-Mount Isa","Brisbane","Mount Isa","All Airlines","Aug-20",57,57,0,56,49,1,8,2020,8
"Brisbane-Newcastle","Brisbane","Newcastle","All Airlines","Aug-20",47,35,12,30,30,5,5,2020,8
"Brisbane-Perth","Brisbane","Perth","All Airlines","Aug-20",48,47,1,41,29,6,18,2020,8
"Brisbane-Proserpine","Brisbane","Proserpine","All Airlines","Aug-20",46,46,0,40,37,6,9,2020,8
"Brisbane-Rockhampton","Brisbane","Rockhampton","All Airlines","Aug-20",150,149,1,138,138,11,11,2020,8
"Brisbane-Sydney","Brisbane","Sydney","All Airlines","Aug-20",131,105,26,84,88,21,17,2020,8
"Brisbane-Townsville","Brisbane","Townsville","All Airlines","Aug-20",175,175,0,163,159,12,16,2020,8
"Broome-Perth","Broome","Perth","All Airlines","Aug-20",118,114,4,80,91,34,23,2020,8
"Bundaberg-Brisbane","Bundaberg","Brisbane","All Airlines","Aug-20",22,22,0,21,20,1,2,2020,8
"Cairns-Brisbane","Cairns","Brisbane","All Airlines","Aug-20",284,281,3,230,237,51,44,2020,8
"Cairns-Sydney","Cairns","Sydney","All Airlines","Aug-20",10,5,5,3,5,2,0,2020,8
"Cairns-Townsville","Cairns","Townsville","All Airlines","Aug-20",49,49,0,47,45,2,4,2020,8
"Canberra-Brisbane","Canberra","Brisbane","All Airlines","Aug-20",55,50,5,41,39,9,11,2020,8
"Canberra-Melbourne","Canberra","Melbourne","All Airlines","Aug-20",29,28,1,25,25,3,3,2020,8
"Coffs Harbour-Sydney","Coffs Harbour","Sydney","All Airlines","Aug-20",48,46,2,44,45,2,1,2020,8
"Darwin-Brisbane","Darwin","Brisbane","All Airlines","Aug-20",55,49,6,25,34,24,15,2020,8
"Darwin-Perth","Darwin","Perth","All Airlines","Aug-20",20,20,0,20,19,0,1,2020,8
"Dubbo-Sydney","Dubbo","Sydney","All Airlines","Aug-20",61,60,1,50,52,10,8,2020,8
"Gladstone-Brisbane","Gladstone","Brisbane","All Airlines","Aug-20",102,98,4,87,87,11,11,2020,8
"Gold Coast-Adelaide","Gold Coast","Adelaide","All Airlines","Aug-20",25,24,1,22,19,2,5,2020,8
"Gold Coast-Sydney","Gold Coast","Sydney","All Airlines","Aug-20",22,18,4,16,16,2,2,2020,8
"Hamilton Island-Brisbane","Hamilton Island","Brisbane","All Airlines","Aug-20",63,62,1,58,56,4,6,2020,8
"Hobart-Brisbane","Hobart","Brisbane","All Airlines","Aug-20",20,19,1,18,18,1,1,2020,8
"Hobart-Sydney","Hobart","Sydney","All Airlines","Aug-20",21,21,0,21,21,0,0,2020,8
"Kalgoorlie-Perth","Kalgoorlie","Perth","All Airlines","Aug-20",76,70,6,60,62,10,8,2020,8
"Karratha-Perth","Karratha","Perth","All Airlines","Aug-20",146,135,11,116,121,19,14,2020,8
"Launceston-Sydney","Launceston","Sydney","All Airlines","Aug-20",22,22,0,22,22,0,0,2020,8
"Mackay-Brisbane","Mackay","Brisbane","All Airlines","Aug-20",172,164,8,148,152,16,12,2020,8
"Melbourne-Adelaide","Melbourne","Adelaide","All Airlines","Aug-20",36,36,0,33,32,3,4,2020,8
"Melbourne-Brisbane","Melbourne","Brisbane","All Airlines","Aug-20",27,27,0,15,20,12,7,2020,8
"Melbourne-Canberra","Melbourne","Canberra","All Airlines","Aug-20",29,28,1,25,24,3,4,2020,8
"Melbourne-Mildura","Melbourne","Mildura","All Airlines","Aug-20",24,22,2,21,20,1,2,2020,8
"Melbourne-Perth","Melbourne","Perth","All Airlines","Aug-20",37,35,2,27,30,8,5,2020,8
"Melbourne-Sydney","Melbourne","Sydney","All Airlines","Aug-20",76,67,9,49,53,18,14,2020,8
"Mildura-Melbourne","Mildura","Melbourne","All Airlines","Aug-20",24,22,2,20,20,2,2,2020,8
"Mount Isa-Brisbane","Mount Isa","Brisbane","All Airlines","Aug-20",57,57,0,50,57,7,0,2020,8
"Newcastle-Brisbane","Newcastle","Brisbane","All Airlines","Aug-20",47,34,13,31,29,3,5,2020,8
"Newman-Perth","Newman","Perth","All Airlines","Aug-20",54,51,3,41,41,10,10,2020,8
"Perth-Adelaide","Perth","Adelaide","All Airlines","Aug-20",30,30,0,26,27,4,3,2020,8
"Perth-Brisbane","Perth","Brisbane","All Airlines","Aug-20",48,47,1,40,43,7,4,2020,8
"Perth-Broome","Perth","Broome","All Airlines","Aug-20",117,115,2,102,104,13,11,2020,8
"Perth-Darwin","Perth","Darwin","All Airlines","Aug-20",20,20,0,19,19,1,1,2020,8
"Perth-Kalgoorlie","Perth","Kalgoorlie","All Airlines","Aug-20",76,70,6,62,60,8,10,2020,8
"Perth-Karratha","Perth","Karratha","All Airlines","Aug-20",146,135,11,121,119,14,16,2020,8
"Perth-Melbourne","Perth","Melbourne","All Airlines","Aug-20",37,35,2,30,30,5,5,2020,8
"Perth-Newman","Perth","Newman","All Airlines","Aug-20",54,51,3,41,45,10,6,2020,8
"Perth-Port Hedland","Perth","Port Hedland","All Airlines","Aug-20",77,74,3,67,69,7,5,2020,8
"Perth-Sydney","Perth","Sydney","All Airlines","Aug-20",42,40,2,27,36,13,4,2020,8
"Port Hedland-Perth","Port Hedland","Perth","All Airlines","Aug-20",77,74,3,60,68,14,6,2020,8
"Port Lincoln-Adelaide","Port Lincoln","Adelaide","All Airlines","Aug-20",104,104,0,74,77,30,27,2020,8
"Proserpine-Brisbane","Proserpine","Brisbane","All Airlines","Aug-20",47,45,2,33,39,12,6,2020,8
"Rockhampton-Brisbane","Rockhampton","Brisbane","All Airlines","Aug-20",147,146,1,130,130,16,16,2020,8
"Sydney-Adelaide","Sydney","Adelaide","All Airlines","Aug-20",38,37,1,34,35,3,2,2020,8
"Sydney-Albury","Sydney","Albury","All Airlines","Aug-20",30,30,0,25,25,5,5,2020,8
"Sydney-Armidale","Sydney","Armidale","All Airlines","Aug-20",21,21,0,21,21,0,0,2020,8
"Sydney-Ballina","Sydney","Ballina","All Airlines","Aug-20",137,134,3,124,125,10,9,2020,8
"Sydney-Brisbane","Sydney","Brisbane","All Airlines","Aug-20",118,102,16,87,92,15,10,2020,8
"Sydney-Cairns","Sydney","Cairns","All Airlines","Aug-20",10,5,5,5,5,0,0,2020,8
"Sydney-Coffs Harbour","Sydney","Coffs Harbour","All Airlines","Aug-20",48,46,2,45,45,1,1,2020,8
"Sydney-Dubbo","Sydney","Dubbo","All Airlines","Aug-20",61,60,1,54,54,6,6,2020,8
"Sydney-Gold Coast","Sydney","Gold Coast","All Airlines","Aug-20",22,18,4,16,16,2,2,2020,8
"Sydney-Hobart","Sydney","Hobart","All Airlines","Aug-20",21,21,0,21,21,0,0,2020,8
"Sydney-Launceston","Sydney","Launceston","All Airlines","Aug-20",22,22,0,22,22,0,0,2020,8
"Sydney-Melbourne","Sydney","Melbourne","All Airlines","Aug-20",80,68,12,50,54,18,14,2020,8
"Sydney-Perth","Sydney","Perth","All Airlines","Aug-20",43,41,2,36,36,5,5,2020,8
"Sydney-Wagga Wagga","Sydney","Wagga Wagga","All Airlines","Aug-20",52,51,1,46,47,5,4,2020,8
"Townsville-Brisbane","Townsville","Brisbane","All Airlines","Aug-20",174,174,0,156,161,18,13,2020,8
"Townsville-Cairns","Townsville","Cairns","All Airlines","Aug-20",49,49,0,43,43,6,6,2020,8
"Wagga Wagga-Sydney","Wagga Wagga","Sydney","All Airlines","Aug-20",51,51,0,44,46,7,5,2020,8
"Adelaide-Brisbane","Adelaide","Brisbane","Jetstar","Sep-20",30,30,0,23,24,7,6,2020,9
"Adelaide-Gold Coast","Adelaide","Gold Coast","Jetstar","Sep-20",21,21,0,20,21,1,0,2020,9
"Adelaide-Melbourne","Adelaide","Melbourne","Jetstar","Sep-20",21,21,0,17,18,4,3,2020,9
"Adelaide-Sydney","Adelaide","Sydney","Jetstar","Sep-20",23,23,0,16,19,7,4,2020,9
"Ballina-Sydney","Ballina","Sydney","Jetstar","Sep-20",70,69,1,61,63,8,6,2020,9
"Brisbane-Adelaide","Brisbane","Adelaide","Jetstar","Sep-20",30,30,0,22,26,8,4,2020,9
"Brisbane-Cairns","Brisbane","Cairns","Jetstar","Sep-20",106,106,0,99,100,7,6,2020,9
"Brisbane-Darwin","Brisbane","Darwin","Jetstar","Sep-20",25,25,0,19,12,6,13,2020,9
"Brisbane-Hobart","Brisbane","Hobart","Jetstar","Sep-20",13,13,0,10,11,3,2,2020,9
"Brisbane-Mackay","Brisbane","Mackay","Jetstar","Sep-20",28,26,2,25,22,1,4,2020,9
"Brisbane-Melbourne","Brisbane","Melbourne","Jetstar","Sep-20",12,12,0,6,8,6,4,2020,9
"Brisbane-Newcastle","Brisbane","Newcastle","Jetstar","Sep-20",10,8,2,7,7,1,1,2020,9
"Brisbane-Proserpine","Brisbane","Proserpine","Jetstar","Sep-20",37,37,0,29,28,8,9,2020,9
"Brisbane-Sydney","Brisbane","Sydney","Jetstar","Sep-20",24,23,1,20,21,3,2,2020,9
"Brisbane-Townsville","Brisbane","Townsville","Jetstar","Sep-20",60,59,1,57,56,2,3,2020,9
"Cairns-Brisbane","Cairns","Brisbane","Jetstar","Sep-20",106,106,0,90,90,16,16,2020,9
"Darwin-Brisbane","Darwin","Brisbane","Jetstar","Sep-20",25,25,0,5,6,20,19,2020,9
"Gold Coast-Adelaide","Gold Coast","Adelaide","Jetstar","Sep-20",21,21,0,20,19,1,2,2020,9
"Hobart-Brisbane","Hobart","Brisbane","Jetstar","Sep-20",13,13,0,11,11,2,2,2020,9
"Hobart-Sydney","Hobart","Sydney","Jetstar","Sep-20",12,12,0,11,10,1,2,2020,9
"Launceston-Sydney","Launceston","Sydney","Jetstar","Sep-20",13,13,0,12,12,1,1,2020,9
"Mackay-Brisbane","Mackay","Brisbane","Jetstar","Sep-20",28,26,2,22,26,4,0,2020,9
"Melbourne-Adelaide","Melbourne","Adelaide","Jetstar","Sep-20",21,21,0,19,19,2,2,2020,9
"Melbourne-Brisbane","Melbourne","Brisbane","Jetstar","Sep-20",12,12,0,8,8,4,4,2020,9
"Melbourne-Sydney","Melbourne","Sydney","Jetstar","Sep-20",25,25,0,20,23,5,2,2020,9
"Newcastle-Brisbane","Newcastle","Brisbane","Jetstar","Sep-20",10,8,2,6,6,2,2,2020,9
"Proserpine-Brisbane","Proserpine","Brisbane","Jetstar","Sep-20",37,37,0,27,29,10,8,2020,9
"Sydney-Adelaide","Sydney","Adelaide","Jetstar","Sep-20",24,24,0,21,22,3,2,2020,9
"Sydney-Ballina","Sydney","Ballina","Jetstar","Sep-20",69,69,0,67,67,2,2,2020,9
"Sydney-Brisbane","Sydney","Brisbane","Jetstar","Sep-20",24,23,1,22,22,1,1,2020,9
"Sydney-Hobart","Sydney","Hobart","Jetstar","Sep-20",12,12,0,12,12,0,0,2020,9
"Sydney-Launceston","Sydney","Launceston","Jetstar","Sep-20",13,13,0,12,12,1,1,2020,9
"Sydney-Melbourne","Sydney","Melbourne","Jetstar","Sep-20",25,25,0,22,23,3,2,2020,9
"Townsville-Brisbane","Townsville","Brisbane","Jetstar","Sep-20",60,59,1,56,54,3,5,2020,9
"Adelaide-Alice Springs","Adelaide","Alice Springs","Qantas","Sep-20",30,30,0,29,30,1,0,2020,9
"Adelaide-Brisbane","Adelaide","Brisbane","Qantas","Sep-20",48,46,2,44,44,2,2,2020,9
"Adelaide-Perth","Adelaide","Perth","Qantas","Sep-20",17,17,0,16,14,1,3,2020,9
"Adelaide-Sydney","Adelaide","Sydney","Qantas","Sep-20",13,12,1,10,11,2,1,2020,9
"Alice Springs-Adelaide","Alice Springs","Adelaide","Qantas","Sep-20",30,30,0,18,20,12,10,2020,9
"Brisbane-Adelaide","Brisbane","Adelaide","Qantas","Sep-20",48,46,2,43,45,3,1,2020,9
"Brisbane-Cairns","Brisbane","Cairns","Qantas","Sep-20",9,9,0,9,8,0,1,2020,9
"Brisbane-Darwin","Brisbane","Darwin","Qantas","Sep-20",18,18,0,18,18,0,0,2020,9
"Brisbane-Hamilton Island","Brisbane","Hamilton Island","Qantas","Sep-20",26,26,0,26,26,0,0,2020,9
"Brisbane-Mackay","Brisbane","Mackay","Qantas","Sep-20",64,60,4,57,59,3,1,2020,9
"Brisbane-Mount Isa","Brisbane","Mount Isa","Qantas","Sep-20",22,22,0,22,19,0,3,2020,9
"Brisbane-Perth","Brisbane","Perth","Qantas","Sep-20",22,22,0,19,19,3,3,2020,9
"Brisbane-Sydney","Brisbane","Sydney","Qantas","Sep-20",30,30,0,28,29,2,1,2020,9
"Brisbane-Townsville","Brisbane","Townsville","Qantas","Sep-20",32,32,0,31,31,1,1,2020,9
"Broome-Perth","Broome","Perth","Qantas","Sep-20",41,41,0,38,37,3,4,2020,9
"Cairns-Brisbane","Cairns","Brisbane","Qantas","Sep-20",9,9,0,9,9,0,0,2020,9
"Darwin-Brisbane","Darwin","Brisbane","Qantas","Sep-20",18,18,0,14,14,4,4,2020,9
"Darwin-Perth","Darwin","Perth","Qantas","Sep-20",8,8,0,8,8,0,0,2020,9
"Hamilton Island-Brisbane","Hamilton Island","Brisbane","Qantas","Sep-20",26,26,0,25,25,1,1,2020,9
"Kalgoorlie-Perth","Kalgoorlie","Perth","Qantas","Sep-20",13,13,0,12,13,1,0,2020,9
"Karratha-Perth","Karratha","Perth","Qantas","Sep-20",62,60,2,54,55,6,5,2020,9
"Mackay-Brisbane","Mackay","Brisbane","Qantas","Sep-20",64,61,3,55,55,6,6,2020,9
"Melbourne-Perth","Melbourne","Perth","Qantas","Sep-20",18,18,0,15,13,3,5,2020,9
"Melbourne-Sydney","Melbourne","Sydney","Qantas","Sep-20",22,22,0,16,16,6,6,2020,9
"Mount Isa-Brisbane","Mount Isa","Brisbane","Qantas","Sep-20",22,22,0,21,21,1,1,2020,9
"Newman-Perth","Newman","Perth","Qantas","Sep-20",22,19,3,16,15,3,4,2020,9
"Perth-Adelaide","Perth","Adelaide","Qantas","Sep-20",17,17,0,17,17,0,0,2020,9
"Perth-Brisbane","Perth","Brisbane","Qantas","Sep-20",22,22,0,18,18,4,4,2020,9
"Perth-Broome","Perth","Broome","Qantas","Sep-20",41,41,0,38,38,3,3,2020,9
"Perth-Darwin","Perth","Darwin","Qantas","Sep-20",8,8,0,8,8,0,0,2020,9
"Perth-Kalgoorlie","Perth","Kalgoorlie","Qantas","Sep-20",13,13,0,13,13,0,0,2020,9
"Perth-Karratha","Perth","Karratha","Qantas","Sep-20",62,60,2,57,57,3,3,2020,9
"Perth-Melbourne","Perth","Melbourne","Qantas","Sep-20",18,18,0,15,15,3,3,2020,9
"Perth-Newman","Perth","Newman","Qantas","Sep-20",22,19,3,18,18,1,1,2020,9
"Perth-Port Hedland","Perth","Port Hedland","Qantas","Sep-20",11,11,0,11,11,0,0,2020,9
"Perth-Sydney","Perth","Sydney","Qantas","Sep-20",22,21,1,11,14,10,7,2020,9
"Port Hedland-Perth","Port Hedland","Perth","Qantas","Sep-20",11,11,0,10,10,1,1,2020,9
"Sydney-Adelaide","Sydney","Adelaide","Qantas","Sep-20",13,12,1,10,11,2,1,2020,9
"Sydney-Brisbane","Sydney","Brisbane","Qantas","Sep-20",30,30,0,26,26,4,4,2020,9
"Sydney-Melbourne","Sydney","Melbourne","Qantas","Sep-20",22,21,1,17,19,4,2,2020,9
"Sydney-Perth","Sydney","Perth","Qantas","Sep-20",22,22,0,20,21,2,1,2020,9
"Townsville-Brisbane","Townsville","Brisbane","Qantas","Sep-20",32,32,0,27,28,5,4,2020,9
"Adelaide-Port Lincoln","Adelaide","Port Lincoln","QantasLink","Sep-20",32,32,0,29,29,3,3,2020,9
"Albury-Sydney","Albury","Sydney","QantasLink","Sep-20",8,8,0,6,6,2,2,2020,9
"Armidale-Sydney","Armidale","Sydney","QantasLink","Sep-20",13,13,0,12,12,1,1,2020,9
"Ballina-Sydney","Ballina","Sydney","QantasLink","Sep-20",61,60,1,49,51,11,9,2020,9
"Brisbane-Bundaberg","Brisbane","Bundaberg","QantasLink","Sep-20",14,14,0,14,14,0,0,2020,9
"Brisbane-Cairns","Brisbane","Cairns","QantasLink","Sep-20",157,157,0,147,143,10,14,2020,9
"Brisbane-Canberra","Brisbane","Canberra","QantasLink","Sep-20",27,26,1,22,24,4,2,2020,9
"Brisbane-Gladstone","Brisbane","Gladstone","QantasLink","Sep-20",66,66,0,65,64,1,2,2020,9
"Brisbane-Hamilton Island","Brisbane","Hamilton Island","QantasLink","Sep-20",27,27,0,26,26,1,1,2020,9
"Brisbane-Mackay","Brisbane","Mackay","QantasLink","Sep-20",30,30,0,28,29,2,1,2020,9
"Brisbane-Mount Isa","Brisbane","Mount Isa","QantasLink","Sep-20",21,21,0,21,21,0,0,2020,9
"Brisbane-Rockhampton","Brisbane","Rockhampton","QantasLink","Sep-20",113,113,0,107,107,6,6,2020,9
"Brisbane-Townsville","Brisbane","Townsville","QantasLink","Sep-20",48,47,1,46,46,1,1,2020,9
"Broome-Perth","Broome","Perth","QantasLink","Sep-20",65,65,0,54,55,11,10,2020,9
"Bundaberg-Brisbane","Bundaberg","Brisbane","QantasLink","Sep-20",14,14,0,13,13,1,1,2020,9
"Cairns-Brisbane","Cairns","Brisbane","QantasLink","Sep-20",157,155,2,143,134,12,21,2020,9
"Cairns-Townsville","Cairns","Townsville","QantasLink","Sep-20",65,65,0,64,64,1,1,2020,9
"Canberra-Brisbane","Canberra","Brisbane","QantasLink","Sep-20",27,25,2,22,23,3,2,2020,9
"Canberra-Melbourne","Canberra","Melbourne","QantasLink","Sep-20",17,17,0,15,15,2,2,2020,9
"Coffs Harbour-Sydney","Coffs Harbour","Sydney","QantasLink","Sep-20",34,34,0,29,30,5,4,2020,9
"Dubbo-Sydney","Dubbo","Sydney","QantasLink","Sep-20",17,17,0,12,16,5,1,2020,9
"Gladstone-Brisbane","Gladstone","Brisbane","QantasLink","Sep-20",66,66,0,62,64,4,2,2020,9
"Hamilton Island-Brisbane","Hamilton Island","Brisbane","QantasLink","Sep-20",26,26,0,24,21,2,5,2020,9
"Kalgoorlie-Perth","Kalgoorlie","Perth","QantasLink","Sep-20",51,50,1,48,48,2,2,2020,9
"Karratha-Perth","Karratha","Perth","QantasLink","Sep-20",72,71,1,64,64,7,7,2020,9
"Mackay-Brisbane","Mackay","Brisbane","QantasLink","Sep-20",29,29,0,28,28,1,1,2020,9
"Melbourne-Canberra","Melbourne","Canberra","QantasLink","Sep-20",17,17,0,15,15,2,2,2020,9
"Melbourne-Mildura","Melbourne","Mildura","QantasLink","Sep-20",8,8,0,6,6,2,2,2020,9
"Mildura-Melbourne","Mildura","Melbourne","QantasLink","Sep-20",8,8,0,6,7,2,1,2020,9
"Mount Isa-Brisbane","Mount Isa","Brisbane","QantasLink","Sep-20",21,21,0,21,21,0,0,2020,9
"Newman-Perth","Newman","Perth","QantasLink","Sep-20",34,32,2,28,30,4,2,2020,9
"Perth-Broome","Perth","Broome","QantasLink","Sep-20",65,65,0,58,61,7,4,2020,9
"Perth-Kalgoorlie","Perth","Kalgoorlie","QantasLink","Sep-20",51,51,0,48,47,3,4,2020,9
"Perth-Karratha","Perth","Karratha","QantasLink","Sep-20",73,72,1,70,70,2,2,2020,9
"Perth-Newman","Perth","Newman","QantasLink","Sep-20",34,32,2,31,31,1,1,2020,9
"Perth-Port Hedland","Perth","Port Hedland","QantasLink","Sep-20",45,45,0,42,40,3,5,2020,9
"Port Hedland-Perth","Port Hedland","Perth","QantasLink","Sep-20",45,45,0,36,35,9,10,2020,9
"Port Lincoln-Adelaide","Port Lincoln","Adelaide","QantasLink","Sep-20",32,32,0,27,27,5,5,2020,9
"Rockhampton-Brisbane","Rockhampton","Brisbane","QantasLink","Sep-20",108,108,0,101,99,7,9,2020,9
"Sydney-Albury","Sydney","Albury","QantasLink","Sep-20",8,8,0,7,7,1,1,2020,9
"Sydney-Armidale","Sydney","Armidale","QantasLink","Sep-20",13,13,0,12,12,1,1,2020,9
"Sydney-Ballina","Sydney","Ballina","QantasLink","Sep-20",61,61,0,57,51,4,10,2020,9
"Sydney-Coffs Harbour","Sydney","Coffs Harbour","QantasLink","Sep-20",34,34,0,29,31,5,3,2020,9
"Sydney-Dubbo","Sydney","Dubbo","QantasLink","Sep-20",17,17,0,15,15,2,2,2020,9
"Sydney-Wagga Wagga","Sydney","Wagga Wagga","QantasLink","Sep-20",13,13,0,10,10,3,3,2020,9
"Townsville-Brisbane","Townsville","Brisbane","QantasLink","Sep-20",48,47,1,46,45,1,2,2020,9
"Townsville-Cairns","Townsville","Cairns","QantasLink","Sep-20",65,64,1,59,61,5,3,2020,9
"Wagga Wagga-Sydney","Wagga Wagga","Sydney","QantasLink","Sep-20",13,13,0,10,11,3,2,2020,9
"Adelaide-Port Lincoln","Adelaide","Port Lincoln","Regional Express","Sep-20",90,90,0,77,65,13,25,2020,9
"Albury-Sydney","Albury","Sydney","Regional Express","Sep-20",20,20,0,19,19,1,1,2020,9
"Armidale-Sydney","Armidale","Sydney","Regional Express","Sep-20",9,9,0,9,9,0,0,2020,9
"Ballina-Sydney","Ballina","Sydney","Regional Express","Sep-20",8,8,0,8,8,0,0,2020,9
"Cairns-Townsville","Cairns","Townsville","Regional Express","Sep-20",9,9,0,8,8,1,1,2020,9
"Dubbo-Sydney","Dubbo","Sydney","Regional Express","Sep-20",45,44,1,38,39,6,5,2020,9
"Melbourne-Mildura","Melbourne","Mildura","Regional Express","Sep-20",9,9,0,9,8,0,1,2020,9
"Mildura-Melbourne","Mildura","Melbourne","Regional Express","Sep-20",9,9,0,9,9,0,0,2020,9
"Port Lincoln-Adelaide","Port Lincoln","Adelaide","Regional Express","Sep-20",90,90,0,57,62,33,28,2020,9
"Sydney-Albury","Sydney","Albury","Regional Express","Sep-20",20,20,0,18,19,2,1,2020,9
"Sydney-Armidale","Sydney","Armidale","Regional Express","Sep-20",9,9,0,9,9,0,0,2020,9
"Sydney-Ballina","Sydney","Ballina","Regional Express","Sep-20",8,8,0,8,8,0,0,2020,9
"Sydney-Dubbo","Sydney","Dubbo","Regional Express","Sep-20",44,44,0,38,39,6,5,2020,9
"Sydney-Wagga Wagga","Sydney","Wagga Wagga","Regional Express","Sep-20",34,34,0,31,33,3,1,2020,9
"Townsville-Cairns","Townsville","Cairns","Regional Express","Sep-20",9,9,0,9,9,0,0,2020,9
"Wagga Wagga-Sydney","Wagga Wagga","Sydney","Regional Express","Sep-20",34,34,0,31,32,3,2,2020,9
"Adelaide-Alice Springs","Adelaide","Alice Springs","Virgin Australia","Sep-20",13,13,0,13,13,0,0,2020,9
"Adelaide-Brisbane","Adelaide","Brisbane","Virgin Australia","Sep-20",38,38,0,30,36,8,2,2020,9
"Adelaide-Gold Coast","Adelaide","Gold Coast","Virgin Australia","Sep-20",1,1,0,1,1,0,0,2020,9
"Adelaide-Melbourne","Adelaide","Melbourne","Virgin Australia","Sep-20",13,13,0,11,12,2,1,2020,9
"Adelaide-Perth","Adelaide","Perth","Virgin Australia","Sep-20",13,13,0,13,12,0,1,2020,9
"Adelaide-Sydney","Adelaide","Sydney","Virgin Australia","Sep-20",13,13,0,11,11,2,2,2020,9
"Alice Springs-Adelaide","Alice Springs","Adelaide","Virgin Australia","Sep-20",13,13,0,13,13,0,0,2020,9
"Ballina-Sydney","Ballina","Sydney","Virgin Australia","Sep-20",18,18,0,16,16,2,2,2020,9
"Brisbane-Adelaide","Brisbane","Adelaide","Virgin Australia","Sep-20",39,39,0,37,38,2,1,2020,9
"Brisbane-Bundaberg","Brisbane","Bundaberg","Virgin Australia","Sep-20",19,19,0,19,19,0,0,2020,9
"Brisbane-Cairns","Brisbane","Cairns","Virgin Australia","Sep-20",63,63,0,59,62,4,1,2020,9
"Brisbane-Canberra","Brisbane","Canberra","Virgin Australia","Sep-20",13,13,0,11,11,2,2,2020,9
"Brisbane-Darwin","Brisbane","Darwin","Virgin Australia","Sep-20",17,17,0,15,17,2,0,2020,9
"Brisbane-Gladstone","Brisbane","Gladstone","Virgin Australia","Sep-20",25,25,0,25,23,0,2,2020,9
"Brisbane-Hamilton Island","Brisbane","Hamilton Island","Virgin Australia","Sep-20",23,23,0,20,20,3,3,2020,9
"Brisbane-Hobart","Brisbane","Hobart","Virgin Australia","Sep-20",8,8,0,8,8,0,0,2020,9
"Brisbane-Mackay","Brisbane","Mackay","Virgin Australia","Sep-20",50,48,2,43,46,5,2,2020,9
"Brisbane-Melbourne","Brisbane","Melbourne","Virgin Australia","Sep-20",12,12,0,9,10,3,2,2020,9
"Brisbane-Mount Isa","Brisbane","Mount Isa","Virgin Australia","Sep-20",13,13,0,11,11,2,2,2020,9
"Brisbane-Newcastle","Brisbane","Newcastle","Virgin Australia","Sep-20",13,13,0,12,12,1,1,2020,9
"Brisbane-Perth","Brisbane","Perth","Virgin Australia","Sep-20",22,22,0,19,22,3,0,2020,9
"Brisbane-Proserpine","Brisbane","Proserpine","Virgin Australia","Sep-20",21,21,0,20,20,1,1,2020,9
"Brisbane-Rockhampton","Brisbane","Rockhampton","Virgin Australia","Sep-20",49,47,2,39,38,8,9,2020,9
"Brisbane-Sydney","Brisbane","Sydney","Virgin Australia","Sep-20",21,21,0,21,21,0,0,2020,9
"Brisbane-Townsville","Brisbane","Townsville","Virgin Australia","Sep-20",55,55,0,51,54,4,1,2020,9
"Broome-Perth","Broome","Perth","Virgin Australia","Sep-20",33,33,0,28,32,5,1,2020,9
"Bundaberg-Brisbane","Bundaberg","Brisbane","Virgin Australia","Sep-20",6,6,0,5,5,1,1,2020,9
"Cairns-Brisbane","Cairns","Brisbane","Virgin Australia","Sep-20",63,63,0,60,60,3,3,2020,9
"Canberra-Brisbane","Canberra","Brisbane","Virgin Australia","Sep-20",13,13,0,9,10,4,3,2020,9
"Canberra-Melbourne","Canberra","Melbourne","Virgin Australia","Sep-20",8,8,0,8,8,0,0,2020,9
"Coffs Harbour-Sydney","Coffs Harbour","Sydney","Virgin Australia","Sep-20",9,9,0,9,9,0,0,2020,9
"Darwin-Brisbane","Darwin","Brisbane","Virgin Australia","Sep-20",17,17,0,16,17,1,0,2020,9
"Darwin-Perth","Darwin","Perth","Virgin Australia","Sep-20",8,8,0,8,8,0,0,2020,9
"Gladstone-Brisbane","Gladstone","Brisbane","Virgin Australia","Sep-20",38,38,0,37,35,1,3,2020,9
"Gold Coast-Adelaide","Gold Coast","Adelaide","Virgin Australia","Sep-20",1,1,0,1,1,0,0,2020,9
"Hamilton Island-Brisbane","Hamilton Island","Brisbane","Virgin Australia","Sep-20",23,23,0,19,21,4,2,2020,9
"Hobart-Brisbane","Hobart","Brisbane","Virgin Australia","Sep-20",8,8,0,7,7,1,1,2020,9
"Hobart-Sydney","Hobart","Sydney","Virgin Australia","Sep-20",9,9,0,9,9,0,0,2020,9
"Kalgoorlie-Perth","Kalgoorlie","Perth","Virgin Australia","Sep-20",32,30,2,25,26,5,4,2020,9
"Karratha-Perth","Karratha","Perth","Virgin Australia","Sep-20",41,40,1,33,35,7,5,2020,9
"Launceston-Sydney","Launceston","Sydney","Virgin Australia","Sep-20",8,8,0,8,8,0,0,2020,9
"Mackay-Brisbane","Mackay","Brisbane","Virgin Australia","Sep-20",50,48,2,47,47,1,1,2020,9
"Melbourne-Adelaide","Melbourne","Adelaide","Virgin Australia","Sep-20",13,13,0,11,11,2,2,2020,9
"Melbourne-Brisbane","Melbourne","Brisbane","Virgin Australia","Sep-20",12,12,0,7,7,5,5,2020,9
"Melbourne-Canberra","Melbourne","Canberra","Virgin Australia","Sep-20",8,8,0,8,8,0,0,2020,9
"Melbourne-Perth","Melbourne","Perth","Virgin Australia","Sep-20",12,12,0,12,11,0,1,2020,9
"Melbourne-Sydney","Melbourne","Sydney","Virgin Australia","Sep-20",22,22,0,19,22,3,0,2020,9
"Mount Isa-Brisbane","Mount Isa","Brisbane","Virgin Australia","Sep-20",13,13,0,11,12,2,1,2020,9
"Newcastle-Brisbane","Newcastle","Brisbane","Virgin Australia","Sep-20",13,13,0,13,13,0,0,2020,9
"Newman-Perth","Newman","Perth","Virgin Australia","Sep-20",18,10,8,9,9,1,1,2020,9
"Perth-Adelaide","Perth","Adelaide","Virgin Australia","Sep-20",13,13,0,13,13,0,0,2020,9
"Perth-Brisbane","Perth","Brisbane","Virgin Australia","Sep-20",22,22,0,19,21,3,1,2020,9
"Perth-Broome","Perth","Broome","Virgin Australia","Sep-20",33,33,0,29,32,4,1,2020,9
"Perth-Darwin","Perth","Darwin","Virgin Australia","Sep-20",8,8,0,8,8,0,0,2020,9
"Perth-Kalgoorlie","Perth","Kalgoorlie","Virgin Australia","Sep-20",32,30,2,27,27,3,3,2020,9
"Perth-Karratha","Perth","Karratha","Virgin Australia","Sep-20",41,40,1,37,38,3,2,2020,9
"Perth-Melbourne","Perth","Melbourne","Virgin Australia","Sep-20",12,12,0,12,12,0,0,2020,9
"Perth-Newman","Perth","Newman","Virgin Australia","Sep-20",18,10,8,10,10,0,0,2020,9
"Perth-Port Hedland","Perth","Port Hedland","Virgin Australia","Sep-20",28,27,1,26,25,1,2,2020,9
"Perth-Sydney","Perth","Sydney","Virgin Australia","Sep-20",17,17,0,12,13,5,4,2020,9
"Port Hedland-Perth","Port Hedland","Perth","Virgin Australia","Sep-20",28,27,1,21,21,6,6,2020,9
"Proserpine-Brisbane","Proserpine","Brisbane","Virgin Australia","Sep-20",21,21,0,20,21,1,0,2020,9
"Rockhampton-Brisbane","Rockhampton","Brisbane","Virgin Australia","Sep-20",48,47,1,38,41,9,6,2020,9
"Sydney-Adelaide","Sydney","Adelaide","Virgin Australia","Sep-20",13,13,0,10,11,3,2,2020,9
"Sydney-Ballina","Sydney","Ballina","Virgin Australia","Sep-20",18,18,0,18,18,0,0,2020,9
"Sydney-Brisbane","Sydney","Brisbane","Virgin Australia","Sep-20",21,21,0,19,20,2,1,2020,9
"Sydney-Coffs Harbour","Sydney","Coffs Harbour","Virgin Australia","Sep-20",9,9,0,9,9,0,0,2020,9
"Sydney-Hobart","Sydney","Hobart","Virgin Australia","Sep-20",9,9,0,9,9,0,0,2020,9
"Sydney-Launceston","Sydney","Launceston","Virgin Australia","Sep-20",8,8,0,7,8,1,0,2020,9
"Sydney-Melbourne","Sydney","Melbourne","Virgin Australia","Sep-20",22,22,0,22,22,0,0,2020,9
"Sydney-Perth","Sydney","Perth","Virgin Australia","Sep-20",17,17,0,15,16,2,1,2020,9
"Townsville-Brisbane","Townsville","Brisbane","Virgin Australia","Sep-20",55,55,0,53,54,2,1,2020,9
"Newman-Perth","Newman","Perth","Virgin Australia Regional Airlines","Sep-20",3,3,0,1,1,2,2,2020,9
"Perth-Newman","Perth","Newman","Virgin Australia Regional Airlines","Sep-20",3,3,0,2,2,1,1,2020,9
"Perth-Port Hedland","Perth","Port Hedland","Virgin Australia Regional Airlines","Sep-20",3,3,0,3,2,0,1,2020,9
"Port Hedland-Perth","Port Hedland","Perth","Virgin Australia Regional Airlines","Sep-20",3,3,0,2,1,1,2,2020,9
"Adelaide-Alice Springs","Adelaide","Alice Springs","All Airlines","Sep-20",43,43,0,42,43,1,0,2020,9
"Adelaide-Brisbane","Adelaide","Brisbane","All Airlines","Sep-20",116,114,2,97,104,17,10,2020,9
"Adelaide-Gold Coast","Adelaide","Gold Coast","All Airlines","Sep-20",22,22,0,21,22,1,0,2020,9
"Adelaide-Melbourne","Adelaide","Melbourne","All Airlines","Sep-20",34,34,0,28,30,6,4,2020,9
"Adelaide-Perth","Adelaide","Perth","All Airlines","Sep-20",30,30,0,29,26,1,4,2020,9
"Adelaide-Port Lincoln","Adelaide","Port Lincoln","All Airlines","Sep-20",122,122,0,106,94,16,28,2020,9
"Adelaide-Sydney","Adelaide","Sydney","All Airlines","Sep-20",49,48,1,37,41,11,7,2020,9
"Albury-Sydney","Albury","Sydney","All Airlines","Sep-20",28,28,0,25,25,3,3,2020,9
"Alice Springs-Adelaide","Alice Springs","Adelaide","All Airlines","Sep-20",43,43,0,31,33,12,10,2020,9
"Armidale-Sydney","Armidale","Sydney","All Airlines","Sep-20",22,22,0,21,21,1,1,2020,9
"Ballina-Sydney","Ballina","Sydney","All Airlines","Sep-20",157,155,2,134,138,21,17,2020,9
"Brisbane-Adelaide","Brisbane","Adelaide","All Airlines","Sep-20",117,115,2,102,109,13,6,2020,9
"Brisbane-Bundaberg","Brisbane","Bundaberg","All Airlines","Sep-20",33,33,0,33,33,0,0,2020,9
"Brisbane-Cairns","Brisbane","Cairns","All Airlines","Sep-20",335,335,0,314,313,21,22,2020,9
"Brisbane-Canberra","Brisbane","Canberra","All Airlines","Sep-20",40,39,1,33,35,6,4,2020,9
"Brisbane-Darwin","Brisbane","Darwin","All Airlines","Sep-20",60,60,0,52,47,8,13,2020,9
"Brisbane-Gladstone","Brisbane","Gladstone","All Airlines","Sep-20",91,91,0,90,87,1,4,2020,9
"Brisbane-Hamilton Island","Brisbane","Hamilton Island","All Airlines","Sep-20",76,76,0,72,72,4,4,2020,9
"Brisbane-Hobart","Brisbane","Hobart","All Airlines","Sep-20",21,21,0,18,19,3,2,2020,9
"Brisbane-Mackay","Brisbane","Mackay","All Airlines","Sep-20",172,164,8,153,156,11,8,2020,9
"Brisbane-Melbourne","Brisbane","Melbourne","All Airlines","Sep-20",24,24,0,15,18,9,6,2020,9
"Brisbane-Mount Isa","Brisbane","Mount Isa","All Airlines","Sep-20",56,56,0,54,51,2,5,2020,9
"Brisbane-Newcastle","Brisbane","Newcastle","All Airlines","Sep-20",23,21,2,19,19,2,2,2020,9
"Brisbane-Perth","Brisbane","Perth","All Airlines","Sep-20",44,44,0,38,41,6,3,2020,9
"Brisbane-Proserpine","Brisbane","Proserpine","All Airlines","Sep-20",58,58,0,49,48,9,10,2020,9
"Brisbane-Rockhampton","Brisbane","Rockhampton","All Airlines","Sep-20",162,160,2,146,145,14,15,2020,9
"Brisbane-Sydney","Brisbane","Sydney","All Airlines","Sep-20",75,74,1,69,71,5,3,2020,9
"Brisbane-Townsville","Brisbane","Townsville","All Airlines","Sep-20",195,193,2,185,187,8,6,2020,9
"Broome-Perth","Broome","Perth","All Airlines","Sep-20",139,139,0,120,124,19,15,2020,9
"Bundaberg-Brisbane","Bundaberg","Brisbane","All Airlines","Sep-20",20,20,0,18,18,2,2,2020,9
"Cairns-Brisbane","Cairns","Brisbane","All Airlines","Sep-20",335,333,2,302,293,31,40,2020,9
"Cairns-Townsville","Cairns","Townsville","All Airlines","Sep-20",74,74,0,72,72,2,2,2020,9
"Canberra-Brisbane","Canberra","Brisbane","All Airlines","Sep-20",40,38,2,31,33,7,5,2020,9
"Canberra-Melbourne","Canberra","Melbourne","All Airlines","Sep-20",25,25,0,23,23,2,2,2020,9
"Coffs Harbour-Sydney","Coffs Harbour","Sydney","All Airlines","Sep-20",43,43,0,38,39,5,4,2020,9
"Darwin-Brisbane","Darwin","Brisbane","All Airlines","Sep-20",60,60,0,35,37,25,23,2020,9
"Darwin-Perth","Darwin","Perth","All Airlines","Sep-20",16,16,0,16,16,0,0,2020,9
"Dubbo-Sydney","Dubbo","Sydney","All Airlines","Sep-20",62,61,1,50,55,11,6,2020,9
"Gladstone-Brisbane","Gladstone","Brisbane","All Airlines","Sep-20",104,104,0,99,99,5,5,2020,9
"Gold Coast-Adelaide","Gold Coast","Adelaide","All Airlines","Sep-20",22,22,0,21,20,1,2,2020,9
"Hamilton Island-Brisbane","Hamilton Island","Brisbane","All Airlines","Sep-20",75,75,0,68,67,7,8,2020,9
"Hobart-Brisbane","Hobart","Brisbane","All Airlines","Sep-20",21,21,0,18,18,3,3,2020,9
"Hobart-Sydney","Hobart","Sydney","All Airlines","Sep-20",21,21,0,20,19,1,2,2020,9
"Kalgoorlie-Perth","Kalgoorlie","Perth","All Airlines","Sep-20",96,93,3,85,87,8,6,2020,9
"Karratha-Perth","Karratha","Perth","All Airlines","Sep-20",175,171,4,151,154,20,17,2020,9
"Launceston-Sydney","Launceston","Sydney","All Airlines","Sep-20",21,21,0,20,20,1,1,2020,9
"Mackay-Brisbane","Mackay","Brisbane","All Airlines","Sep-20",171,164,7,152,156,12,8,2020,9
"Melbourne-Adelaide","Melbourne","Adelaide","All Airlines","Sep-20",34,34,0,30,30,4,4,2020,9
"Melbourne-Brisbane","Melbourne","Brisbane","All Airlines","Sep-20",24,24,0,15,15,9,9,2020,9
"Melbourne-Canberra","Melbourne","Canberra","All Airlines","Sep-20",25,25,0,23,23,2,2,2020,9
"Melbourne-Mildura","Melbourne","Mildura","All Airlines","Sep-20",17,17,0,15,14,2,3,2020,9
"Melbourne-Perth","Melbourne","Perth","All Airlines","Sep-20",30,30,0,27,24,3,6,2020,9
"Melbourne-Sydney","Melbourne","Sydney","All Airlines","Sep-20",69,69,0,55,61,14,8,2020,9
"Mildura-Melbourne","Mildura","Melbourne","All Airlines","Sep-20",17,17,0,15,16,2,1,2020,9
"Mount Isa-Brisbane","Mount Isa","Brisbane","All Airlines","Sep-20",56,56,0,53,54,3,2,2020,9
"Newcastle-Brisbane","Newcastle","Brisbane","All Airlines","Sep-20",23,21,2,19,19,2,2,2020,9
"Newman-Perth","Newman","Perth","All Airlines","Sep-20",77,64,13,54,55,10,9,2020,9
"Perth-Adelaide","Perth","Adelaide","All Airlines","Sep-20",30,30,0,30,30,0,0,2020,9
"Perth-Brisbane","Perth","Brisbane","All Airlines","Sep-20",44,44,0,37,39,7,5,2020,9
"Perth-Broome","Perth","Broome","All Airlines","Sep-20",139,139,0,125,131,14,8,2020,9
"Perth-Darwin","Perth","Darwin","All Airlines","Sep-20",16,16,0,16,16,0,0,2020,9
"Perth-Kalgoorlie","Perth","Kalgoorlie","All Airlines","Sep-20",96,94,2,88,87,6,7,2020,9
"Perth-Karratha","Perth","Karratha","All Airlines","Sep-20",176,172,4,164,165,8,7,2020,9
"Perth-Melbourne","Perth","Melbourne","All Airlines","Sep-20",30,30,0,27,27,3,3,2020,9
"Perth-Newman","Perth","Newman","All Airlines","Sep-20",77,64,13,61,61,3,3,2020,9
"Perth-Port Hedland","Perth","Port Hedland","All Airlines","Sep-20",87,86,1,82,78,4,8,2020,9
"Perth-Sydney","Perth","Sydney","All Airlines","Sep-20",39,38,1,23,27,15,11,2020,9
"Port Hedland-Perth","Port Hedland","Perth","All Airlines","Sep-20",87,86,1,69,67,17,19,2020,9
"Port Lincoln-Adelaide","Port Lincoln","Adelaide","All Airlines","Sep-20",122,122,0,84,89,38,33,2020,9
"Proserpine-Brisbane","Proserpine","Brisbane","All Airlines","Sep-20",58,58,0,47,50,11,8,2020,9
"Rockhampton-Brisbane","Rockhampton","Brisbane","All Airlines","Sep-20",156,155,1,139,140,16,15,2020,9
"Sydney-Adelaide","Sydney","Adelaide","All Airlines","Sep-20",50,49,1,41,44,8,5,2020,9
"Sydney-Albury","Sydney","Albury","All Airlines","Sep-20",28,28,0,25,26,3,2,2020,9
"Sydney-Armidale","Sydney","Armidale","All Airlines","Sep-20",22,22,0,21,21,1,1,2020,9
"Sydney-Ballina","Sydney","Ballina","All Airlines","Sep-20",156,156,0,150,144,6,12,2020,9
"Sydney-Brisbane","Sydney","Brisbane","All Airlines","Sep-20",75,74,1,67,68,7,6,2020,9
"Sydney-Coffs Harbour","Sydney","Coffs Harbour","All Airlines","Sep-20",43,43,0,38,40,5,3,2020,9
"Sydney-Dubbo","Sydney","Dubbo","All Airlines","Sep-20",61,61,0,53,54,8,7,2020,9
"Sydney-Hobart","Sydney","Hobart","All Airlines","Sep-20",21,21,0,21,21,0,0,2020,9
"Sydney-Launceston","Sydney","Launceston","All Airlines","Sep-20",21,21,0,19,20,2,1,2020,9
"Sydney-Melbourne","Sydney","Melbourne","All Airlines","Sep-20",69,68,1,61,64,7,4,2020,9
"Sydney-Perth","Sydney","Perth","All Airlines","Sep-20",39,39,0,35,37,4,2,2020,9
"Sydney-Wagga Wagga","Sydney","Wagga Wagga","All Airlines","Sep-20",47,47,0,41,43,6,4,2020,9
"Townsville-Brisbane","Townsville","Brisbane","All Airlines","Sep-20",195,193,2,182,181,11,12,2020,9
"Townsville-Cairns","Townsville","Cairns","All Airlines","Sep-20",74,73,1,68,70,5,3,2020,9
"Wagga Wagga-Sydney","Wagga Wagga","Sydney","All Airlines","Sep-20",47,47,0,41,43,6,4,2020,9
"Adelaide-Brisbane","Adelaide","Brisbane","Jetstar","Oct-20",31,31,0,30,26,1,5,2020,10
"Adelaide-Gold Coast","Adelaide","Gold Coast","Jetstar","Oct-20",17,17,0,15,14,2,3,2020,10
"Adelaide-Melbourne","Adelaide","Melbourne","Jetstar","Oct-20",22,21,1,20,21,1,0,2020,10
"Adelaide-Sydney","Adelaide","Sydney","Jetstar","Oct-20",65,65,0,56,58,9,7,2020,10
"Ballina-Sydney","Ballina","Sydney","Jetstar","Oct-20",87,87,0,75,80,12,7,2020,10
"Brisbane-Adelaide","Brisbane","Adelaide","Jetstar","Oct-20",31,31,0,21,24,10,7,2020,10
"Brisbane-Cairns","Brisbane","Cairns","Jetstar","Oct-20",112,108,4,94,93,14,15,2020,10
"Brisbane-Darwin","Brisbane","Darwin","Jetstar","Oct-20",30,30,0,19,20,11,10,2020,10
"Brisbane-Hobart","Brisbane","Hobart","Jetstar","Oct-20",15,15,0,13,15,2,0,2020,10
"Brisbane-Mackay","Brisbane","Mackay","Jetstar","Oct-20",26,26,0,18,21,8,5,2020,10
"Brisbane-Melbourne","Brisbane","Melbourne","Jetstar","Oct-20",16,16,0,1,10,15,6,2020,10
"Brisbane-Newcastle","Brisbane","Newcastle","Jetstar","Oct-20",11,10,1,7,7,3,3,2020,10
"Brisbane-Proserpine","Brisbane","Proserpine","Jetstar","Oct-20",36,36,0,34,33,2,3,2020,10
"Brisbane-Sydney","Brisbane","Sydney","Jetstar","Oct-20",20,19,1,14,15,5,4,2020,10
"Brisbane-Townsville","Brisbane","Townsville","Jetstar","Oct-20",60,60,0,54,52,6,8,2020,10
"Cairns-Brisbane","Cairns","Brisbane","Jetstar","Oct-20",111,107,4,86,85,21,22,2020,10
"Darwin-Brisbane","Darwin","Brisbane","Jetstar","Oct-20",30,30,0,14,16,16,14,2020,10
"Gold Coast-Adelaide","Gold Coast","Adelaide","Jetstar","Oct-20",17,17,0,15,16,2,1,2020,10
"Hobart-Brisbane","Hobart","Brisbane","Jetstar","Oct-20",14,14,0,14,13,0,1,2020,10
"Hobart-Sydney","Hobart","Sydney","Jetstar","Oct-20",14,14,0,12,12,2,2,2020,10
"Launceston-Sydney","Launceston","Sydney","Jetstar","Oct-20",13,13,0,11,12,2,1,2020,10
"Mackay-Brisbane","Mackay","Brisbane","Jetstar","Oct-20",26,26,0,20,21,6,5,2020,10
"Melbourne-Adelaide","Melbourne","Adelaide","Jetstar","Oct-20",22,21,1,20,19,1,2,2020,10
"Melbourne-Brisbane","Melbourne","Brisbane","Jetstar","Oct-20",16,16,0,12,15,4,1,2020,10
"Melbourne-Sydney","Melbourne","Sydney","Jetstar","Oct-20",22,22,0,19,17,3,5,2020,10
"Newcastle-Brisbane","Newcastle","Brisbane","Jetstar","Oct-20",11,10,1,9,9,1,1,2020,10
"Proserpine-Brisbane","Proserpine","Brisbane","Jetstar","Oct-20",36,36,0,31,30,5,6,2020,10
"Sydney-Adelaide","Sydney","Adelaide","Jetstar","Oct-20",65,65,0,58,58,7,7,2020,10
"Sydney-Ballina","Sydney","Ballina","Jetstar","Oct-20",87,87,0,83,82,4,5,2020,10
"Sydney-Brisbane","Sydney","Brisbane","Jetstar","Oct-20",20,19,1,18,18,1,1,2020,10
"Sydney-Hobart","Sydney","Hobart","Jetstar","Oct-20",14,14,0,12,12,2,2,2020,10
"Sydney-Launceston","Sydney","Launceston","Jetstar","Oct-20",13,13,0,12,13,1,0,2020,10
"Sydney-Melbourne","Sydney","Melbourne","Jetstar","Oct-20",22,22,0,14,18,8,4,2020,10
"Townsville-Brisbane","Townsville","Brisbane","Jetstar","Oct-20",60,60,0,55,55,5,5,2020,10
"Adelaide-Alice Springs","Adelaide","Alice Springs","Qantas","Oct-20",31,31,0,29,28,2,3,2020,10
"Adelaide-Brisbane","Adelaide","Brisbane","Qantas","Oct-20",73,73,0,69,70,4,3,2020,10
"Adelaide-Canberra","Adelaide","Canberra","Qantas","Oct-20",33,33,0,32,32,1,1,2020,10
"Adelaide-Perth","Adelaide","Perth","Qantas","Oct-20",18,18,0,15,17,3,1,2020,10
"Adelaide-Sydney","Adelaide","Sydney","Qantas","Oct-20",84,84,0,74,77,10,7,2020,10
"Alice Springs-Adelaide","Alice Springs","Adelaide","Qantas","Oct-20",30,30,0,14,18,16,12,2020,10
"Brisbane-Adelaide","Brisbane","Adelaide","Qantas","Oct-20",73,73,0,72,71,1,2,2020,10
"Brisbane-Cairns","Brisbane","Cairns","Qantas","Oct-20",18,18,0,16,15,2,3,2020,10
"Brisbane-Canberra","Brisbane","Canberra","Qantas","Oct-20",12,11,1,10,11,1,0,2020,10
"Brisbane-Darwin","Brisbane","Darwin","Qantas","Oct-20",23,23,0,22,16,1,7,2020,10
"Brisbane-Hamilton Island","Brisbane","Hamilton Island","Qantas","Oct-20",34,34,0,33,32,1,2,2020,10
"Brisbane-Mackay","Brisbane","Mackay","Qantas","Oct-20",63,63,0,58,57,5,6,2020,10
"Brisbane-Mount Isa","Brisbane","Mount Isa","Qantas","Oct-20",22,22,0,22,22,0,0,2020,10
"Brisbane-Perth","Brisbane","Perth","Qantas","Oct-20",20,20,0,17,18,3,2,2020,10
"Brisbane-Sydney","Brisbane","Sydney","Qantas","Oct-20",27,27,0,22,27,5,0,2020,10
"Brisbane-Townsville","Brisbane","Townsville","Qantas","Oct-20",48,48,0,45,44,3,4,2020,10
"Broome-Perth","Broome","Perth","Qantas","Oct-20",45,45,0,43,44,2,1,2020,10
"Cairns-Brisbane","Cairns","Brisbane","Qantas","Oct-20",18,18,0,12,15,6,3,2020,10
"Canberra-Adelaide","Canberra","Adelaide","Qantas","Oct-20",33,33,0,30,30,3,3,2020,10
"Canberra-Brisbane","Canberra","Brisbane","Qantas","Oct-20",12,11,1,11,11,0,0,2020,10
"Darwin-Brisbane","Darwin","Brisbane","Qantas","Oct-20",23,23,0,15,14,8,9,2020,10
"Darwin-Perth","Darwin","Perth","Qantas","Oct-20",9,9,0,7,8,2,1,2020,10
"Hamilton Island-Brisbane","Hamilton Island","Brisbane","Qantas","Oct-20",34,34,0,33,30,1,4,2020,10
"Kalgoorlie-Perth","Kalgoorlie","Perth","Qantas","Oct-20",21,21,0,17,19,4,2,2020,10
"Karratha-Perth","Karratha","Perth","Qantas","Oct-20",52,50,2,47,47,3,3,2020,10
"Mackay-Brisbane","Mackay","Brisbane","Qantas","Oct-20",63,63,0,59,56,4,7,2020,10
"Melbourne-Perth","Melbourne","Perth","Qantas","Oct-20",17,17,0,14,13,3,4,2020,10
"Melbourne-Sydney","Melbourne","Sydney","Qantas","Oct-20",22,22,0,20,20,2,2,2020,10
"Mount Isa-Brisbane","Mount Isa","Brisbane","Qantas","Oct-20",22,22,0,19,19,3,3,2020,10
"Newman-Perth","Newman","Perth","Qantas","Oct-20",27,25,2,22,23,3,2,2020,10
"Perth-Adelaide","Perth","Adelaide","Qantas","Oct-20",18,18,0,18,18,0,0,2020,10
"Perth-Brisbane","Perth","Brisbane","Qantas","Oct-20",20,20,0,15,14,5,6,2020,10
"Perth-Broome","Perth","Broome","Qantas","Oct-20",45,45,0,42,43,3,2,2020,10
"Perth-Darwin","Perth","Darwin","Qantas","Oct-20",9,9,0,8,8,1,1,2020,10
"Perth-Kalgoorlie","Perth","Kalgoorlie","Qantas","Oct-20",21,21,0,17,16,4,5,2020,10
"Perth-Karratha","Perth","Karratha","Qantas","Oct-20",52,51,1,49,50,2,1,2020,10
"Perth-Melbourne","Perth","Melbourne","Qantas","Oct-20",17,17,0,15,12,2,5,2020,10
"Perth-Newman","Perth","Newman","Qantas","Oct-20",27,25,2,24,24,1,1,2020,10
"Perth-Port Hedland","Perth","Port Hedland","Qantas","Oct-20",47,39,8,38,39,1,0,2020,10
"Perth-Sydney","Perth","Sydney","Qantas","Oct-20",22,22,0,11,13,11,9,2020,10
"Port Hedland-Perth","Port Hedland","Perth","Qantas","Oct-20",47,39,8,38,38,1,1,2020,10
"Sydney-Adelaide","Sydney","Adelaide","Qantas","Oct-20",84,84,0,79,82,5,2,2020,10
"Sydney-Brisbane","Sydney","Brisbane","Qantas","Oct-20",27,27,0,23,23,4,4,2020,10
"Sydney-Melbourne","Sydney","Melbourne","Qantas","Oct-20",22,22,0,18,19,4,3,2020,10
"Sydney-Perth","Sydney","Perth","Qantas","Oct-20",22,22,0,13,17,9,5,2020,10
"Townsville-Brisbane","Townsville","Brisbane","Qantas","Oct-20",48,48,0,43,45,5,3,2020,10
"Adelaide-Canberra","Adelaide","Canberra","QantasLink","Oct-20",8,7,1,5,5,2,2,2020,10
"Adelaide-Port Lincoln","Adelaide","Port Lincoln","QantasLink","Oct-20",38,38,0,37,36,1,2,2020,10
"Albury-Sydney","Albury","Sydney","QantasLink","Oct-20",21,20,1,17,18,3,2,2020,10
"Armidale-Sydney","Armidale","Sydney","QantasLink","Oct-20",24,24,0,22,24,2,0,2020,10
"Ballina-Sydney","Ballina","Sydney","QantasLink","Oct-20",96,95,1,75,79,20,16,2020,10
"Brisbane-Cairns","Brisbane","Cairns","QantasLink","Oct-20",135,135,0,119,120,16,15,2020,10
"Brisbane-Canberra","Brisbane","Canberra","QantasLink","Oct-20",76,72,4,63,63,9,9,2020,10
"Brisbane-Gladstone","Brisbane","Gladstone","QantasLink","Oct-20",69,69,0,64,63,5,6,2020,10
"Brisbane-Hamilton Island","Brisbane","Hamilton Island","QantasLink","Oct-20",15,15,0,15,15,0,0,2020,10
"Brisbane-Mackay","Brisbane","Mackay","QantasLink","Oct-20",30,30,0,27,28,3,2,2020,10
"Brisbane-Mount Isa","Brisbane","Mount Isa","QantasLink","Oct-20",24,24,0,21,21,3,3,2020,10
"Brisbane-Rockhampton","Brisbane","Rockhampton","QantasLink","Oct-20",120,120,0,114,113,6,7,2020,10
"Brisbane-Townsville","Brisbane","Townsville","QantasLink","Oct-20",34,33,1,31,25,2,8,2020,10
"Broome-Perth","Broome","Perth","QantasLink","Oct-20",65,65,0,57,55,8,10,2020,10
"Cairns-Brisbane","Cairns","Brisbane","QantasLink","Oct-20",135,135,0,128,119,7,16,2020,10
"Cairns-Townsville","Cairns","Townsville","QantasLink","Oct-20",74,74,0,71,72,3,2,2020,10
"Canberra-Adelaide","Canberra","Adelaide","QantasLink","Oct-20",8,7,1,4,5,3,2,2020,10
"Canberra-Brisbane","Canberra","Brisbane","QantasLink","Oct-20",75,71,4,61,64,10,7,2020,10
"Canberra-Melbourne","Canberra","Melbourne","QantasLink","Oct-20",17,16,1,13,13,3,3,2020,10
"Coffs Harbour-Sydney","Coffs Harbour","Sydney","QantasLink","Oct-20",50,50,0,48,48,2,2,2020,10
"Dubbo-Sydney","Dubbo","Sydney","QantasLink","Oct-20",37,37,0,30,32,7,5,2020,10
"Gladstone-Brisbane","Gladstone","Brisbane","QantasLink","Oct-20",69,68,1,61,60,7,8,2020,10
"Hamilton Island-Brisbane","Hamilton Island","Brisbane","QantasLink","Oct-20",15,15,0,15,14,0,1,2020,10
"Kalgoorlie-Perth","Kalgoorlie","Perth","QantasLink","Oct-20",59,59,0,58,58,1,1,2020,10
"Karratha-Perth","Karratha","Perth","QantasLink","Oct-20",92,89,3,79,82,10,7,2020,10
"Mackay-Brisbane","Mackay","Brisbane","QantasLink","Oct-20",32,32,0,31,31,1,1,2020,10
"Melbourne-Canberra","Melbourne","Canberra","QantasLink","Oct-20",17,16,1,15,14,1,2,2020,10
"Melbourne-Mildura","Melbourne","Mildura","QantasLink","Oct-20",9,9,0,8,8,1,1,2020,10
"Mildura-Melbourne","Mildura","Melbourne","QantasLink","Oct-20",9,9,0,8,8,1,1,2020,10
"Mount Isa-Brisbane","Mount Isa","Brisbane","QantasLink","Oct-20",24,23,1,19,19,4,4,2020,10
"Newman-Perth","Newman","Perth","QantasLink","Oct-20",46,42,4,36,39,6,3,2020,10
"Perth-Broome","Perth","Broome","QantasLink","Oct-20",65,65,0,57,58,8,7,2020,10
"Perth-Kalgoorlie","Perth","Kalgoorlie","QantasLink","Oct-20",59,59,0,59,59,0,0,2020,10
"Perth-Karratha","Perth","Karratha","QantasLink","Oct-20",92,90,2,85,83,5,7,2020,10
"Perth-Newman","Perth","Newman","QantasLink","Oct-20",46,42,4,40,41,2,1,2020,10
"Perth-Port Hedland","Perth","Port Hedland","QantasLink","Oct-20",48,37,11,36,36,1,1,2020,10
"Port Hedland-Perth","Port Hedland","Perth","QantasLink","Oct-20",48,37,11,33,35,4,2,2020,10
"Port Lincoln-Adelaide","Port Lincoln","Adelaide","QantasLink","Oct-20",38,37,1,34,31,3,6,2020,10
"Rockhampton-Brisbane","Rockhampton","Brisbane","QantasLink","Oct-20",118,118,0,111,107,7,11,2020,10
"Sydney-Albury","Sydney","Albury","QantasLink","Oct-20",21,20,1,16,17,4,3,2020,10
"Sydney-Armidale","Sydney","Armidale","QantasLink","Oct-20",24,24,0,23,24,1,0,2020,10
"Sydney-Ballina","Sydney","Ballina","QantasLink","Oct-20",96,95,1,92,89,3,6,2020,10
"Sydney-Coffs Harbour","Sydney","Coffs Harbour","QantasLink","Oct-20",50,50,0,46,49,4,1,2020,10
"Sydney-Dubbo","Sydney","Dubbo","QantasLink","Oct-20",37,37,0,32,31,5,6,2020,10
"Sydney-Wagga Wagga","Sydney","Wagga Wagga","QantasLink","Oct-20",25,25,0,24,24,1,1,2020,10
"Townsville-Brisbane","Townsville","Brisbane","QantasLink","Oct-20",34,32,2,30,30,2,2,2020,10
"Townsville-Cairns","Townsville","Cairns","QantasLink","Oct-20",74,74,0,67,68,7,6,2020,10
"Wagga Wagga-Sydney","Wagga Wagga","Sydney","QantasLink","Oct-20",25,25,0,23,23,2,2,2020,10
"Adelaide-Port Lincoln","Adelaide","Port Lincoln","Regional Express","Oct-20",108,108,0,87,85,21,23,2020,10
"Albury-Sydney","Albury","Sydney","Regional Express","Oct-20",33,33,0,32,32,1,1,2020,10
"Armidale-Sydney","Armidale","Sydney","Regional Express","Oct-20",9,9,0,9,9,0,0,2020,10
"Ballina-Sydney","Ballina","Sydney","Regional Express","Oct-20",9,9,0,9,9,0,0,2020,10
"Cairns-Townsville","Cairns","Townsville","Regional Express","Oct-20",14,14,0,13,13,1,1,2020,10
"Dubbo-Sydney","Dubbo","Sydney","Regional Express","Oct-20",56,56,0,49,49,7,7,2020,10
"Melbourne-Mildura","Melbourne","Mildura","Regional Express","Oct-20",24,24,0,22,22,2,2,2020,10
"Mildura-Melbourne","Mildura","Melbourne","Regional Express","Oct-20",24,24,0,21,21,3,3,2020,10
"Port Lincoln-Adelaide","Port Lincoln","Adelaide","Regional Express","Oct-20",108,108,0,78,84,30,24,2020,10
"Sydney-Albury","Sydney","Albury","Regional Express","Oct-20",33,33,0,32,32,1,1,2020,10
"Sydney-Armidale","Sydney","Armidale","Regional Express","Oct-20",9,9,0,9,9,0,0,2020,10
"Sydney-Ballina","Sydney","Ballina","Regional Express","Oct-20",9,9,0,9,9,0,0,2020,10
"Sydney-Dubbo","Sydney","Dubbo","Regional Express","Oct-20",55,55,0,52,53,3,2,2020,10
"Sydney-Wagga Wagga","Sydney","Wagga Wagga","Regional Express","Oct-20",36,36,0,35,35,1,1,2020,10
"Townsville-Cairns","Townsville","Cairns","Regional Express","Oct-20",14,14,0,13,13,1,1,2020,10
"Wagga Wagga-Sydney","Wagga Wagga","Sydney","Regional Express","Oct-20",36,36,0,34,34,2,2,2020,10
"Adelaide-Alice Springs","Adelaide","Alice Springs","Virgin Australia","Oct-20",13,13,0,11,11,2,2,2020,10
"Adelaide-Brisbane","Adelaide","Brisbane","Virgin Australia","Oct-20",65,62,3,57,60,5,2,2020,10
"Adelaide-Canberra","Adelaide","Canberra","Virgin Australia","Oct-20",8,8,0,8,8,0,0,2020,10
"Adelaide-Gold Coast","Adelaide","Gold Coast","Virgin Australia","Oct-20",14,14,0,14,14,0,0,2020,10
"Adelaide-Melbourne","Adelaide","Melbourne","Virgin Australia","Oct-20",13,13,0,12,13,1,0,2020,10
"Adelaide-Perth","Adelaide","Perth","Virgin Australia","Oct-20",13,13,0,10,12,3,1,2020,10
"Adelaide-Sydney","Adelaide","Sydney","Virgin Australia","Oct-20",34,34,0,32,32,2,2,2020,10
"Alice Springs-Adelaide","Alice Springs","Adelaide","Virgin Australia","Oct-20",13,13,0,12,12,1,1,2020,10
"Ballina-Sydney","Ballina","Sydney","Virgin Australia","Oct-20",26,26,0,24,25,2,1,2020,10
"Brisbane-Adelaide","Brisbane","Adelaide","Virgin Australia","Oct-20",62,60,2,57,60,3,0,2020,10
"Brisbane-Cairns","Brisbane","Cairns","Virgin Australia","Oct-20",70,68,2,64,60,4,8,2020,10
"Brisbane-Canberra","Brisbane","Canberra","Virgin Australia","Oct-20",25,25,0,23,23,2,2,2020,10
"Brisbane-Darwin","Brisbane","Darwin","Virgin Australia","Oct-20",17,17,0,16,14,1,3,2020,10
"Brisbane-Gladstone","Brisbane","Gladstone","Virgin Australia","Oct-20",53,53,0,48,46,5,7,2020,10
"Brisbane-Hamilton Island","Brisbane","Hamilton Island","Virgin Australia","Oct-20",31,31,0,30,30,1,1,2020,10
"Brisbane-Hobart","Brisbane","Hobart","Virgin Australia","Oct-20",11,11,0,9,11,2,0,2020,10
"Brisbane-Mackay","Brisbane","Mackay","Virgin Australia","Oct-20",57,57,0,51,53,6,4,2020,10
"Brisbane-Melbourne","Brisbane","Melbourne","Virgin Australia","Oct-20",13,13,0,9,12,4,1,2020,10
"Brisbane-Mount Isa","Brisbane","Mount Isa","Virgin Australia","Oct-20",13,13,0,11,12,2,1,2020,10
"Brisbane-Newcastle","Brisbane","Newcastle","Virgin Australia","Oct-20",13,12,1,11,11,1,1,2020,10
"Brisbane-Perth","Brisbane","Perth","Virgin Australia","Oct-20",22,22,0,19,21,3,1,2020,10
"Brisbane-Proserpine","Brisbane","Proserpine","Virgin Australia","Oct-20",31,31,0,30,30,1,1,2020,10
"Brisbane-Rockhampton","Brisbane","Rockhampton","Virgin Australia","Oct-20",57,57,0,47,49,10,8,2020,10
"Brisbane-Sydney","Brisbane","Sydney","Virgin Australia","Oct-20",22,22,0,18,21,4,1,2020,10
"Brisbane-Townsville","Brisbane","Townsville","Virgin Australia","Oct-20",57,57,0,53,53,4,4,2020,10
"Broome-Perth","Broome","Perth","Virgin Australia","Oct-20",37,37,0,34,34,3,3,2020,10
"Cairns-Brisbane","Cairns","Brisbane","Virgin Australia","Oct-20",70,68,2,67,66,1,2,2020,10
"Canberra-Adelaide","Canberra","Adelaide","Virgin Australia","Oct-20",8,8,0,7,8,1,0,2020,10
"Canberra-Brisbane","Canberra","Brisbane","Virgin Australia","Oct-20",25,25,0,20,22,5,3,2020,10
"Canberra-Melbourne","Canberra","Melbourne","Virgin Australia","Oct-20",9,9,0,9,9,0,0,2020,10
"Coffs Harbour-Sydney","Coffs Harbour","Sydney","Virgin Australia","Oct-20",8,8,0,8,8,0,0,2020,10
"Darwin-Brisbane","Darwin","Brisbane","Virgin Australia","Oct-20",17,17,0,12,13,5,4,2020,10
"Darwin-Perth","Darwin","Perth","Virgin Australia","Oct-20",9,9,0,9,9,0,0,2020,10
"Gladstone-Brisbane","Gladstone","Brisbane","Virgin Australia","Oct-20",53,53,0,46,45,7,8,2020,10
"Gold Coast-Adelaide","Gold Coast","Adelaide","Virgin Australia","Oct-20",14,14,0,14,13,0,1,2020,10
"Hamilton Island-Brisbane","Hamilton Island","Brisbane","Virgin Australia","Oct-20",31,31,0,31,31,0,0,2020,10
"Hobart-Brisbane","Hobart","Brisbane","Virgin Australia","Oct-20",11,11,0,10,10,1,1,2020,10
"Hobart-Sydney","Hobart","Sydney","Virgin Australia","Oct-20",11,11,0,11,11,0,0,2020,10
"Kalgoorlie-Perth","Kalgoorlie","Perth","Virgin Australia","Oct-20",39,39,0,30,33,9,6,2020,10
"Karratha-Perth","Karratha","Perth","Virgin Australia","Oct-20",47,47,0,42,45,5,2,2020,10
"Launceston-Sydney","Launceston","Sydney","Virgin Australia","Oct-20",11,11,0,11,10,0,1,2020,10
"Mackay-Brisbane","Mackay","Brisbane","Virgin Australia","Oct-20",57,57,0,54,56,3,1,2020,10
"Melbourne-Adelaide","Melbourne","Adelaide","Virgin Australia","Oct-20",13,13,0,13,13,0,0,2020,10
"Melbourne-Brisbane","Melbourne","Brisbane","Virgin Australia","Oct-20",13,13,0,9,12,4,1,2020,10
"Melbourne-Canberra","Melbourne","Canberra","Virgin Australia","Oct-20",9,9,0,9,9,0,0,2020,10
"Melbourne-Perth","Melbourne","Perth","Virgin Australia","Oct-20",14,14,0,14,14,0,0,2020,10
"Melbourne-Sydney","Melbourne","Sydney","Virgin Australia","Oct-20",22,22,0,20,19,2,3,2020,10
"Mount Isa-Brisbane","Mount Isa","Brisbane","Virgin Australia","Oct-20",13,13,0,13,12,0,1,2020,10
"Newcastle-Brisbane","Newcastle","Brisbane","Virgin Australia","Oct-20",13,12,1,11,11,1,1,2020,10
"Newman-Perth","Newman","Perth","Virgin Australia","Oct-20",17,14,3,9,12,5,2,2020,10
"Perth-Adelaide","Perth","Adelaide","Virgin Australia","Oct-20",13,13,0,13,11,0,2,2020,10
"Perth-Brisbane","Perth","Brisbane","Virgin Australia","Oct-20",22,22,0,21,20,1,2,2020,10
"Perth-Broome","Perth","Broome","Virgin Australia","Oct-20",37,37,0,35,35,2,2,2020,10
"Perth-Darwin","Perth","Darwin","Virgin Australia","Oct-20",9,9,0,9,9,0,0,2020,10
"Perth-Kalgoorlie","Perth","Kalgoorlie","Virgin Australia","Oct-20",39,39,0,36,35,3,4,2020,10
"Perth-Karratha","Perth","Karratha","Virgin Australia","Oct-20",47,47,0,47,47,0,0,2020,10
"Perth-Melbourne","Perth","Melbourne","Virgin Australia","Oct-20",14,14,0,12,13,2,1,2020,10
"Perth-Newman","Perth","Newman","Virgin Australia","Oct-20",17,14,3,13,13,1,1,2020,10
"Perth-Port Hedland","Perth","Port Hedland","Virgin Australia","Oct-20",22,22,0,21,21,1,1,2020,10
"Perth-Sydney","Perth","Sydney","Virgin Australia","Oct-20",18,18,0,13,14,5,4,2020,10
"Port Hedland-Perth","Port Hedland","Perth","Virgin Australia","Oct-20",22,22,0,19,21,3,1,2020,10
"Proserpine-Brisbane","Proserpine","Brisbane","Virgin Australia","Oct-20",31,31,0,29,29,2,2,2020,10
"Rockhampton-Brisbane","Rockhampton","Brisbane","Virgin Australia","Oct-20",57,56,1,48,49,8,7,2020,10
"Sydney-Adelaide","Sydney","Adelaide","Virgin Australia","Oct-20",34,34,0,32,32,2,2,2020,10
"Sydney-Ballina","Sydney","Ballina","Virgin Australia","Oct-20",26,26,0,24,25,2,1,2020,10
"Sydney-Brisbane","Sydney","Brisbane","Virgin Australia","Oct-20",22,22,0,21,22,1,0,2020,10
"Sydney-Coffs Harbour","Sydney","Coffs Harbour","Virgin Australia","Oct-20",8,8,0,8,8,0,0,2020,10
"Sydney-Hobart","Sydney","Hobart","Virgin Australia","Oct-20",11,11,0,10,10,1,1,2020,10
"Sydney-Launceston","Sydney","Launceston","Virgin Australia","Oct-20",11,11,0,9,9,2,2,2020,10
"Sydney-Melbourne","Sydney","Melbourne","Virgin Australia","Oct-20",21,21,0,21,21,0,0,2020,10
"Sydney-Perth","Sydney","Perth","Virgin Australia","Oct-20",18,18,0,18,17,0,1,2020,10
"Townsville-Brisbane","Townsville","Brisbane","Virgin Australia","Oct-20",57,57,0,54,56,3,1,2020,10
"Perth-Port Hedland","Perth","Port Hedland","Virgin Australia Regional Airlines","Oct-20",13,11,2,11,11,0,0,2020,10
"Port Hedland-Perth","Port Hedland","Perth","Virgin Australia Regional Airlines","Oct-20",13,11,2,9,9,2,2,2020,10
"Adelaide-Alice Springs","Adelaide","Alice Springs","All Airlines","Oct-20",44,44,0,40,39,4,5,2020,10
"Adelaide-Brisbane","Adelaide","Brisbane","All Airlines","Oct-20",169,166,3,156,156,10,10,2020,10
"Adelaide-Canberra","Adelaide","Canberra","All Airlines","Oct-20",49,48,1,45,45,3,3,2020,10
"Adelaide-Gold Coast","Adelaide","Gold Coast","All Airlines","Oct-20",31,31,0,29,28,2,3,2020,10
"Adelaide-Melbourne","Adelaide","Melbourne","All Airlines","Oct-20",35,34,1,32,34,2,0,2020,10
"Adelaide-Perth","Adelaide","Perth","All Airlines","Oct-20",31,31,0,25,29,6,2,2020,10
"Adelaide-Port Lincoln","Adelaide","Port Lincoln","All Airlines","Oct-20",146,146,0,124,121,22,25,2020,10
"Adelaide-Sydney","Adelaide","Sydney","All Airlines","Oct-20",183,183,0,162,167,21,16,2020,10
"Albury-Sydney","Albury","Sydney","All Airlines","Oct-20",54,53,1,49,50,4,3,2020,10
"Alice Springs-Adelaide","Alice Springs","Adelaide","All Airlines","Oct-20",43,43,0,26,30,17,13,2020,10
"Armidale-Sydney","Armidale","Sydney","All Airlines","Oct-20",33,33,0,31,33,2,0,2020,10
"Ballina-Sydney","Ballina","Sydney","All Airlines","Oct-20",218,217,1,183,193,34,24,2020,10
"Brisbane-Adelaide","Brisbane","Adelaide","All Airlines","Oct-20",166,164,2,150,155,14,9,2020,10
"Brisbane-Cairns","Brisbane","Cairns","All Airlines","Oct-20",335,329,6,293,288,36,41,2020,10
"Brisbane-Canberra","Brisbane","Canberra","All Airlines","Oct-20",113,108,5,96,97,12,11,2020,10
"Brisbane-Darwin","Brisbane","Darwin","All Airlines","Oct-20",70,70,0,57,50,13,20,2020,10
"Brisbane-Gladstone","Brisbane","Gladstone","All Airlines","Oct-20",122,122,0,112,109,10,13,2020,10
"Brisbane-Hamilton Island","Brisbane","Hamilton Island","All Airlines","Oct-20",80,80,0,78,77,2,3,2020,10
"Brisbane-Hobart","Brisbane","Hobart","All Airlines","Oct-20",26,26,0,22,26,4,0,2020,10
"Brisbane-Mackay","Brisbane","Mackay","All Airlines","Oct-20",176,176,0,154,159,22,17,2020,10
"Brisbane-Melbourne","Brisbane","Melbourne","All Airlines","Oct-20",29,29,0,10,22,19,7,2020,10
"Brisbane-Mount Isa","Brisbane","Mount Isa","All Airlines","Oct-20",59,59,0,54,55,5,4,2020,10
"Brisbane-Newcastle","Brisbane","Newcastle","All Airlines","Oct-20",24,22,2,18,18,4,4,2020,10
"Brisbane-Perth","Brisbane","Perth","All Airlines","Oct-20",42,42,0,36,39,6,3,2020,10
"Brisbane-Proserpine","Brisbane","Proserpine","All Airlines","Oct-20",67,67,0,64,63,3,4,2020,10
"Brisbane-Rockhampton","Brisbane","Rockhampton","All Airlines","Oct-20",177,177,0,161,162,16,15,2020,10
"Brisbane-Sydney","Brisbane","Sydney","All Airlines","Oct-20",69,68,1,54,63,14,5,2020,10
"Brisbane-Townsville","Brisbane","Townsville","All Airlines","Oct-20",199,198,1,183,174,15,24,2020,10
"Broome-Perth","Broome","Perth","All Airlines","Oct-20",147,147,0,134,133,13,14,2020,10
"Cairns-Brisbane","Cairns","Brisbane","All Airlines","Oct-20",334,328,6,293,285,35,43,2020,10
"Cairns-Townsville","Cairns","Townsville","All Airlines","Oct-20",88,88,0,84,85,4,3,2020,10
"Canberra-Adelaide","Canberra","Adelaide","All Airlines","Oct-20",49,48,1,41,43,7,5,2020,10
"Canberra-Brisbane","Canberra","Brisbane","All Airlines","Oct-20",112,107,5,92,97,15,10,2020,10
"Canberra-Melbourne","Canberra","Melbourne","All Airlines","Oct-20",26,25,1,22,22,3,3,2020,10
"Coffs Harbour-Sydney","Coffs Harbour","Sydney","All Airlines","Oct-20",58,58,0,56,56,2,2,2020,10
"Darwin-Brisbane","Darwin","Brisbane","All Airlines","Oct-20",70,70,0,41,43,29,27,2020,10
"Darwin-Perth","Darwin","Perth","All Airlines","Oct-20",18,18,0,16,17,2,1,2020,10
"Dubbo-Sydney","Dubbo","Sydney","All Airlines","Oct-20",93,93,0,79,81,14,12,2020,10
"Gladstone-Brisbane","Gladstone","Brisbane","All Airlines","Oct-20",122,121,1,107,105,14,16,2020,10
"Gold Coast-Adelaide","Gold Coast","Adelaide","All Airlines","Oct-20",31,31,0,29,29,2,2,2020,10
"Hamilton Island-Brisbane","Hamilton Island","Brisbane","All Airlines","Oct-20",80,80,0,79,75,1,5,2020,10
"Hobart-Brisbane","Hobart","Brisbane","All Airlines","Oct-20",25,25,0,24,23,1,2,2020,10
"Hobart-Sydney","Hobart","Sydney","All Airlines","Oct-20",25,25,0,23,23,2,2,2020,10
"Kalgoorlie-Perth","Kalgoorlie","Perth","All Airlines","Oct-20",119,119,0,105,110,14,9,2020,10
"Karratha-Perth","Karratha","Perth","All Airlines","Oct-20",191,186,5,168,174,18,12,2020,10
"Launceston-Sydney","Launceston","Sydney","All Airlines","Oct-20",24,24,0,22,22,2,2,2020,10
"Mackay-Brisbane","Mackay","Brisbane","All Airlines","Oct-20",178,178,0,164,164,14,14,2020,10
"Melbourne-Adelaide","Melbourne","Adelaide","All Airlines","Oct-20",35,34,1,33,32,1,2,2020,10
"Melbourne-Brisbane","Melbourne","Brisbane","All Airlines","Oct-20",29,29,0,21,27,8,2,2020,10
"Melbourne-Canberra","Melbourne","Canberra","All Airlines","Oct-20",26,25,1,24,23,1,2,2020,10
"Melbourne-Mildura","Melbourne","Mildura","All Airlines","Oct-20",33,33,0,30,30,3,3,2020,10
"Melbourne-Perth","Melbourne","Perth","All Airlines","Oct-20",31,31,0,28,27,3,4,2020,10
"Melbourne-Sydney","Melbourne","Sydney","All Airlines","Oct-20",66,66,0,59,56,7,10,2020,10
"Mildura-Melbourne","Mildura","Melbourne","All Airlines","Oct-20",33,33,0,29,29,4,4,2020,10
"Mount Isa-Brisbane","Mount Isa","Brisbane","All Airlines","Oct-20",59,58,1,51,50,7,8,2020,10
"Newcastle-Brisbane","Newcastle","Brisbane","All Airlines","Oct-20",24,22,2,20,20,2,2,2020,10
"Newman-Perth","Newman","Perth","All Airlines","Oct-20",90,81,9,67,74,14,7,2020,10
"Perth-Adelaide","Perth","Adelaide","All Airlines","Oct-20",31,31,0,31,29,0,2,2020,10
"Perth-Brisbane","Perth","Brisbane","All Airlines","Oct-20",42,42,0,36,34,6,8,2020,10
"Perth-Broome","Perth","Broome","All Airlines","Oct-20",147,147,0,134,136,13,11,2020,10
"Perth-Darwin","Perth","Darwin","All Airlines","Oct-20",18,18,0,17,17,1,1,2020,10
"Perth-Kalgoorlie","Perth","Kalgoorlie","All Airlines","Oct-20",119,119,0,112,110,7,9,2020,10
"Perth-Karratha","Perth","Karratha","All Airlines","Oct-20",191,188,3,181,180,7,8,2020,10
"Perth-Melbourne","Perth","Melbourne","All Airlines","Oct-20",31,31,0,27,25,4,6,2020,10
"Perth-Newman","Perth","Newman","All Airlines","Oct-20",90,81,9,77,78,4,3,2020,10
"Perth-Port Hedland","Perth","Port Hedland","All Airlines","Oct-20",130,109,21,106,107,3,2,2020,10
"Perth-Sydney","Perth","Sydney","All Airlines","Oct-20",40,40,0,24,27,16,13,2020,10
"Port Hedland-Perth","Port Hedland","Perth","All Airlines","Oct-20",130,109,21,99,103,10,6,2020,10
"Port Lincoln-Adelaide","Port Lincoln","Adelaide","All Airlines","Oct-20",146,145,1,112,115,33,30,2020,10
"Proserpine-Brisbane","Proserpine","Brisbane","All Airlines","Oct-20",67,67,0,60,59,7,8,2020,10
"Rockhampton-Brisbane","Rockhampton","Brisbane","All Airlines","Oct-20",175,174,1,159,156,15,18,2020,10
"Sydney-Adelaide","Sydney","Adelaide","All Airlines","Oct-20",183,183,0,169,172,14,11,2020,10
"Sydney-Albury","Sydney","Albury","All Airlines","Oct-20",54,53,1,48,49,5,4,2020,10
"Sydney-Armidale","Sydney","Armidale","All Airlines","Oct-20",33,33,0,32,33,1,0,2020,10
"Sydney-Ballina","Sydney","Ballina","All Airlines","Oct-20",218,217,1,208,205,9,12,2020,10
"Sydney-Brisbane","Sydney","Brisbane","All Airlines","Oct-20",69,68,1,62,63,6,5,2020,10
"Sydney-Coffs Harbour","Sydney","Coffs Harbour","All Airlines","Oct-20",58,58,0,54,57,4,1,2020,10
"Sydney-Dubbo","Sydney","Dubbo","All Airlines","Oct-20",92,92,0,84,84,8,8,2020,10
"Sydney-Hobart","Sydney","Hobart","All Airlines","Oct-20",25,25,0,22,22,3,3,2020,10
"Sydney-Launceston","Sydney","Launceston","All Airlines","Oct-20",24,24,0,21,22,3,2,2020,10
"Sydney-Melbourne","Sydney","Melbourne","All Airlines","Oct-20",65,65,0,53,58,12,7,2020,10
"Sydney-Perth","Sydney","Perth","All Airlines","Oct-20",40,40,0,31,34,9,6,2020,10
"Sydney-Wagga Wagga","Sydney","Wagga Wagga","All Airlines","Oct-20",61,61,0,59,59,2,2,2020,10
"Townsville-Brisbane","Townsville","Brisbane","All Airlines","Oct-20",199,197,2,182,186,15,11,2020,10
"Townsville-Cairns","Townsville","Cairns","All Airlines","Oct-20",88,88,0,80,81,8,7,2020,10
"Wagga Wagga-Sydney","Wagga Wagga","Sydney","All Airlines","Oct-20",61,61,0,57,57,4,4,2020,10
"Adelaide-Brisbane","Adelaide","Brisbane","Jetstar","Nov-20",17,13,4,7,9,6,4,2020,11
"Adelaide-Gold Coast","Adelaide","Gold Coast","Jetstar","Nov-20",16,16,0,12,13,4,3,2020,11
"Adelaide-Melbourne","Adelaide","Melbourne","Jetstar","Nov-20",22,22,0,16,17,6,5,2020,11
"Adelaide-Perth","Adelaide","Perth","Jetstar","Nov-20",2,1,1,1,1,0,0,2020,11
"Adelaide-Sydney","Adelaide","Sydney","Jetstar","Nov-20",89,73,16,53,63,20,10,2020,11
"Ballina-Sydney","Ballina","Sydney","Jetstar","Nov-20",72,72,0,53,60,19,12,2020,11
"Brisbane-Adelaide","Brisbane","Adelaide","Jetstar","Nov-20",17,13,4,4,5,9,8,2020,11
"Brisbane-Cairns","Brisbane","Cairns","Jetstar","Nov-20",84,84,0,72,73,12,11,2020,11
"Brisbane-Darwin","Brisbane","Darwin","Jetstar","Nov-20",17,17,0,11,11,6,6,2020,11
"Brisbane-Hobart","Brisbane","Hobart","Jetstar","Nov-20",22,22,0,15,16,7,6,2020,11
"Brisbane-Mackay","Brisbane","Mackay","Jetstar","Nov-20",26,26,0,23,23,3,3,2020,11
"Brisbane-Melbourne","Brisbane","Melbourne","Jetstar","Nov-20",19,19,0,9,11,10,8,2020,11
"Brisbane-Newcastle","Brisbane","Newcastle","Jetstar","Nov-20",30,30,0,23,23,7,7,2020,11
"Brisbane-Proserpine","Brisbane","Proserpine","Jetstar","Nov-20",30,30,0,28,25,2,5,2020,11
"Brisbane-Sydney","Brisbane","Sydney","Jetstar","Nov-20",19,17,2,11,14,6,3,2020,11
"Brisbane-Townsville","Brisbane","Townsville","Jetstar","Nov-20",41,41,0,40,39,1,2,2020,11
"Cairns-Brisbane","Cairns","Brisbane","Jetstar","Nov-20",87,87,0,66,68,21,19,2020,11
"Cairns-Sydney","Cairns","Sydney","Jetstar","Nov-20",16,13,3,10,10,3,3,2020,11
"Darwin-Brisbane","Darwin","Brisbane","Jetstar","Nov-20",17,17,0,6,3,11,14,2020,11
"Gold Coast-Adelaide","Gold Coast","Adelaide","Jetstar","Nov-20",16,16,0,12,14,4,2,2020,11
"Gold Coast-Melbourne","Gold Coast","Melbourne","Jetstar","Nov-20",1,1,0,1,1,0,0,2020,11
"Gold Coast-Sydney","Gold Coast","Sydney","Jetstar","Nov-20",12,7,5,5,6,2,1,2020,11
"Hobart-Brisbane","Hobart","Brisbane","Jetstar","Nov-20",23,23,0,14,15,9,8,2020,11
"Hobart-Melbourne","Hobart","Melbourne","Jetstar","Nov-20",25,25,0,20,21,5,4,2020,11
"Hobart-Sydney","Hobart","Sydney","Jetstar","Nov-20",48,45,3,41,40,4,5,2020,11
"Launceston-Melbourne","Launceston","Melbourne","Jetstar","Nov-20",3,3,0,2,2,1,1,2020,11
"Launceston-Sydney","Launceston","Sydney","Jetstar","Nov-20",30,28,2,23,26,5,2,2020,11
"Mackay-Brisbane","Mackay","Brisbane","Jetstar","Nov-20",26,26,0,22,23,4,3,2020,11
"Melbourne-Adelaide","Melbourne","Adelaide","Jetstar","Nov-20",22,22,0,17,19,5,3,2020,11
"Melbourne-Brisbane","Melbourne","Brisbane","Jetstar","Nov-20",17,17,0,12,13,5,4,2020,11
"Melbourne-Gold Coast","Melbourne","Gold Coast","Jetstar","Nov-20",1,1,0,1,1,0,0,2020,11
"Melbourne-Hobart","Melbourne","Hobart","Jetstar","Nov-20",25,25,0,20,20,5,5,2020,11
"Melbourne-Launceston","Melbourne","Launceston","Jetstar","Nov-20",4,4,0,3,3,1,1,2020,11
"Melbourne-Newcastle","Melbourne","Newcastle","Jetstar","Nov-20",12,12,0,9,10,3,2,2020,11
"Melbourne-Sunshine Coast","Melbourne","Sunshine Coast","Jetstar","Nov-20",1,1,0,1,1,0,0,2020,11
"Melbourne-Sydney","Melbourne","Sydney","Jetstar","Nov-20",68,68,0,46,48,22,20,2020,11
"Newcastle-Brisbane","Newcastle","Brisbane","Jetstar","Nov-20",29,28,1,21,21,7,7,2020,11
"Newcastle-Melbourne","Newcastle","Melbourne","Jetstar","Nov-20",12,12,0,9,11,3,1,2020,11
"Perth-Adelaide","Perth","Adelaide","Jetstar","Nov-20",2,1,1,1,1,0,0,2020,11
"Proserpine-Brisbane","Proserpine","Brisbane","Jetstar","Nov-20",30,30,0,24,24,6,6,2020,11
"Sunshine Coast-Melbourne","Sunshine Coast","Melbourne","Jetstar","Nov-20",1,1,0,0,0,1,1,2020,11
"Sydney-Adelaide","Sydney","Adelaide","Jetstar","Nov-20",89,74,15,64,67,10,7,2020,11
"Sydney-Ballina","Sydney","Ballina","Jetstar","Nov-20",72,72,0,61,60,11,12,2020,11
"Sydney-Brisbane","Sydney","Brisbane","Jetstar","Nov-20",23,18,5,9,9,9,9,2020,11
"Sydney-Cairns","Sydney","Cairns","Jetstar","Nov-20",15,12,3,11,12,1,0,2020,11
"Sydney-Gold Coast","Sydney","Gold Coast","Jetstar","Nov-20",12,7,5,5,6,2,1,2020,11
"Sydney-Hobart","Sydney","Hobart","Jetstar","Nov-20",48,45,3,42,41,3,4,2020,11
"Sydney-Launceston","Sydney","Launceston","Jetstar","Nov-20",30,28,2,22,25,6,3,2020,11
"Sydney-Melbourne","Sydney","Melbourne","Jetstar","Nov-20",69,69,0,39,46,30,23,2020,11
"Townsville-Brisbane","Townsville","Brisbane","Jetstar","Nov-20",42,42,0,40,40,2,2,2020,11
"Adelaide-Alice Springs","Adelaide","Alice Springs","Qantas","Nov-20",29,27,2,21,20,6,7,2020,11
"Adelaide-Brisbane","Adelaide","Brisbane","Qantas","Nov-20",76,56,20,47,50,9,6,2020,11
"Adelaide-Canberra","Adelaide","Canberra","Qantas","Nov-20",36,30,6,30,30,0,0,2020,11
"Adelaide-Perth","Adelaide","Perth","Qantas","Nov-20",35,21,14,15,14,6,7,2020,11
"Adelaide-Sydney","Adelaide","Sydney","Qantas","Nov-20",122,103,19,90,92,13,11,2020,11
"Alice Springs-Adelaide","Alice Springs","Adelaide","Qantas","Nov-20",28,27,1,23,22,4,5,2020,11
"Ballina-Sydney","Ballina","Sydney","Qantas","Nov-20",34,34,0,29,29,5,5,2020,11
"Brisbane-Adelaide","Brisbane","Adelaide","Qantas","Nov-20",77,58,19,54,51,4,7,2020,11
"Brisbane-Cairns","Brisbane","Cairns","Qantas","Nov-20",61,61,0,57,58,4,3,2020,11
"Brisbane-Canberra","Brisbane","Canberra","Qantas","Nov-20",23,23,0,22,23,1,0,2020,11
"Brisbane-Darwin","Brisbane","Darwin","Qantas","Nov-20",29,29,0,26,20,3,9,2020,11
"Brisbane-Hamilton Island","Brisbane","Hamilton Island","Qantas","Nov-20",30,30,0,29,28,1,2,2020,11
"Brisbane-Mackay","Brisbane","Mackay","Qantas","Nov-20",67,67,0,63,61,4,6,2020,11
"Brisbane-Melbourne","Brisbane","Melbourne","Qantas","Nov-20",2,2,0,2,2,0,0,2020,11
"Brisbane-Mount Isa","Brisbane","Mount Isa","Qantas","Nov-20",34,34,0,29,31,5,3,2020,11
"Brisbane-Perth","Brisbane","Perth","Qantas","Nov-20",60,60,0,54,43,6,17,2020,11
"Brisbane-Sydney","Brisbane","Sydney","Qantas","Nov-20",96,91,5,79,73,12,18,2020,11
"Brisbane-Townsville","Brisbane","Townsville","Qantas","Nov-20",61,61,0,57,55,4,6,2020,11
"Broome-Perth","Broome","Perth","Qantas","Nov-20",26,25,1,21,23,4,2,2020,11
"Cairns-Brisbane","Cairns","Brisbane","Qantas","Nov-20",61,61,0,53,45,8,16,2020,11
"Cairns-Sydney","Cairns","Sydney","Qantas","Nov-20",3,0,3,0,0,0,0,2020,11
"Canberra-Adelaide","Canberra","Adelaide","Qantas","Nov-20",36,30,6,30,29,0,1,2020,11
"Canberra-Brisbane","Canberra","Brisbane","Qantas","Nov-20",23,23,0,21,22,2,1,2020,11
"Darwin-Brisbane","Darwin","Brisbane","Qantas","Nov-20",30,30,0,24,15,6,15,2020,11
"Darwin-Perth","Darwin","Perth","Qantas","Nov-20",12,12,0,8,8,4,4,2020,11
"Gold Coast-Sydney","Gold Coast","Sydney","Qantas","Nov-20",3,0,3,0,0,0,0,2020,11
"Hamilton Island-Brisbane","Hamilton Island","Brisbane","Qantas","Nov-20",30,30,0,30,30,0,0,2020,11
"Hobart-Melbourne","Hobart","Melbourne","Qantas","Nov-20",7,7,0,7,7,0,0,2020,11
"Hobart-Sydney","Hobart","Sydney","Qantas","Nov-20",18,17,1,13,14,4,3,2020,11
"Kalgoorlie-Perth","Kalgoorlie","Perth","Qantas","Nov-20",28,24,4,24,24,0,0,2020,11
"Karratha-Perth","Karratha","Perth","Qantas","Nov-20",38,35,3,33,33,2,2,2020,11
"Mackay-Brisbane","Mackay","Brisbane","Qantas","Nov-20",67,67,0,63,63,4,4,2020,11
"Melbourne-Hobart","Melbourne","Hobart","Qantas","Nov-20",8,7,1,7,7,0,0,2020,11
"Melbourne-Perth","Melbourne","Perth","Qantas","Nov-20",17,17,0,13,10,4,7,2020,11
"Melbourne-Sydney","Melbourne","Sydney","Qantas","Nov-20",130,125,5,113,116,12,9,2020,11
"Mount Isa-Brisbane","Mount Isa","Brisbane","Qantas","Nov-20",34,32,2,30,30,2,2,2020,11
"Newman-Perth","Newman","Perth","Qantas","Nov-20",28,27,1,26,26,1,1,2020,11
"Perth-Adelaide","Perth","Adelaide","Qantas","Nov-20",38,19,19,19,19,0,0,2020,11
"Perth-Brisbane","Perth","Brisbane","Qantas","Nov-20",60,60,0,57,48,3,12,2020,11
"Perth-Broome","Perth","Broome","Qantas","Nov-20",27,26,1,25,25,1,1,2020,11
"Perth-Darwin","Perth","Darwin","Qantas","Nov-20",11,11,0,10,9,1,2,2020,11
"Perth-Kalgoorlie","Perth","Kalgoorlie","Qantas","Nov-20",28,24,4,24,24,0,0,2020,11
"Perth-Karratha","Perth","Karratha","Qantas","Nov-20",38,36,2,34,34,2,2,2020,11
"Perth-Melbourne","Perth","Melbourne","Qantas","Nov-20",17,17,0,12,11,5,6,2020,11
"Perth-Newman","Perth","Newman","Qantas","Nov-20",28,27,1,27,27,0,0,2020,11
"Perth-Port Hedland","Perth","Port Hedland","Qantas","Nov-20",47,47,0,43,44,4,3,2020,11
"Perth-Sydney","Perth","Sydney","Qantas","Nov-20",22,22,0,11,9,11,13,2020,11
"Port Hedland-Perth","Port Hedland","Perth","Qantas","Nov-20",47,47,0,33,30,14,17,2020,11
"Sydney-Adelaide","Sydney","Adelaide","Qantas","Nov-20",121,103,18,100,94,3,9,2020,11
"Sydney-Ballina","Sydney","Ballina","Qantas","Nov-20",34,34,0,33,31,1,3,2020,11
"Sydney-Brisbane","Sydney","Brisbane","Qantas","Nov-20",97,92,5,81,82,11,10,2020,11
"Sydney-Cairns","Sydney","Cairns","Qantas","Nov-20",3,0,3,0,0,0,0,2020,11
"Sydney-Gold Coast","Sydney","Gold Coast","Qantas","Nov-20",3,0,3,0,0,0,0,2020,11
"Sydney-Hobart","Sydney","Hobart","Qantas","Nov-20",17,16,1,12,13,4,3,2020,11
"Sydney-Melbourne","Sydney","Melbourne","Qantas","Nov-20",131,126,5,107,99,19,27,2020,11
"Sydney-Perth","Sydney","Perth","Qantas","Nov-20",21,21,0,11,9,10,12,2020,11
"Townsville-Brisbane","Townsville","Brisbane","Qantas","Nov-20",61,61,0,59,55,2,6,2020,11
"Adelaide-Canberra","Adelaide","Canberra","QantasLink","Nov-20",13,9,4,7,8,2,1,2020,11
"Adelaide-Port Lincoln","Adelaide","Port Lincoln","QantasLink","Nov-20",62,53,9,44,44,9,9,2020,11
"Albury-Sydney","Albury","Sydney","QantasLink","Nov-20",53,53,0,47,47,6,6,2020,11
"Armidale-Sydney","Armidale","Sydney","QantasLink","Nov-20",43,43,0,40,38,3,5,2020,11
"Ballina-Sydney","Ballina","Sydney","QantasLink","Nov-20",67,67,0,51,47,16,20,2020,11
"Brisbane-Cairns","Brisbane","Cairns","QantasLink","Nov-20",64,64,0,59,57,5,7,2020,11
"Brisbane-Canberra","Brisbane","Canberra","QantasLink","Nov-20",85,85,0,81,82,4,3,2020,11
"Brisbane-Emerald","Brisbane","Emerald","QantasLink","Nov-20",99,99,0,92,95,7,4,2020,11
"Brisbane-Gladstone","Brisbane","Gladstone","QantasLink","Nov-20",78,78,0,70,73,8,5,2020,11
"Brisbane-Hamilton Island","Brisbane","Hamilton Island","QantasLink","Nov-20",1,1,0,1,1,0,0,2020,11
"Brisbane-Mackay","Brisbane","Mackay","QantasLink","Nov-20",32,32,0,31,31,1,1,2020,11
"Brisbane-Mount Isa","Brisbane","Mount Isa","QantasLink","Nov-20",16,16,0,14,14,2,2,2020,11
"Brisbane-Newcastle","Brisbane","Newcastle","QantasLink","Nov-20",47,46,1,45,46,1,0,2020,11
"Brisbane-Rockhampton","Brisbane","Rockhampton","QantasLink","Nov-20",136,136,0,126,127,10,9,2020,11
"Brisbane-Townsville","Brisbane","Townsville","QantasLink","Nov-20",24,24,0,22,19,2,5,2020,11
"Broome-Perth","Broome","Perth","QantasLink","Nov-20",77,73,4,65,62,8,11,2020,11
"Cairns-Brisbane","Cairns","Brisbane","QantasLink","Nov-20",65,64,1,61,59,3,5,2020,11
"Cairns-Townsville","Cairns","Townsville","QantasLink","Nov-20",88,87,1,82,81,5,6,2020,11
"Canberra-Adelaide","Canberra","Adelaide","QantasLink","Nov-20",13,9,4,7,8,2,1,2020,11
"Canberra-Brisbane","Canberra","Brisbane","QantasLink","Nov-20",84,84,0,77,78,7,6,2020,11
"Canberra-Melbourne","Canberra","Melbourne","QantasLink","Nov-20",42,42,0,38,36,4,6,2020,11
"Coffs Harbour-Sydney","Coffs Harbour","Sydney","QantasLink","Nov-20",71,71,0,67,68,4,3,2020,11
"Dubbo-Sydney","Dubbo","Sydney","QantasLink","Nov-20",59,59,0,52,54,7,5,2020,11
"Emerald-Brisbane","Emerald","Brisbane","QantasLink","Nov-20",99,99,0,94,96,5,3,2020,11
"Gladstone-Brisbane","Gladstone","Brisbane","QantasLink","Nov-20",78,78,0,74,72,4,6,2020,11
"Hamilton Island-Brisbane","Hamilton Island","Brisbane","QantasLink","Nov-20",1,1,0,1,1,0,0,2020,11
"Hobart-Sydney","Hobart","Sydney","QantasLink","Nov-20",25,23,2,23,23,0,0,2020,11
"Kalgoorlie-Perth","Kalgoorlie","Perth","QantasLink","Nov-20",54,52,2,49,49,3,3,2020,11
"Karratha-Perth","Karratha","Perth","QantasLink","Nov-20",98,96,2,77,78,19,18,2020,11
"Launceston-Melbourne","Launceston","Melbourne","QantasLink","Nov-20",18,18,0,18,18,0,0,2020,11
"Mackay-Brisbane","Mackay","Brisbane","QantasLink","Nov-20",31,31,0,28,29,3,2,2020,11
"Melbourne-Canberra","Melbourne","Canberra","QantasLink","Nov-20",41,41,0,32,36,9,5,2020,11
"Melbourne-Launceston","Melbourne","Launceston","QantasLink","Nov-20",18,18,0,18,18,0,0,2020,11
"Melbourne-Mildura","Melbourne","Mildura","QantasLink","Nov-20",15,15,0,14,14,1,1,2020,11
"Mildura-Melbourne","Mildura","Melbourne","QantasLink","Nov-20",15,15,0,14,15,1,0,2020,11
"Mount Isa-Brisbane","Mount Isa","Brisbane","QantasLink","Nov-20",16,16,0,16,16,0,0,2020,11
"Newcastle-Brisbane","Newcastle","Brisbane","QantasLink","Nov-20",46,45,1,43,45,2,0,2020,11
"Newman-Perth","Newman","Perth","QantasLink","Nov-20",88,86,2,77,77,9,9,2020,11
"Perth-Broome","Perth","Broome","QantasLink","Nov-20",77,74,3,70,57,4,17,2020,11
"Perth-Kalgoorlie","Perth","Kalgoorlie","QantasLink","Nov-20",54,52,2,51,49,1,3,2020,11
"Perth-Karratha","Perth","Karratha","QantasLink","Nov-20",99,98,1,87,78,11,20,2020,11
"Perth-Newman","Perth","Newman","QantasLink","Nov-20",88,86,2,78,76,8,10,2020,11
"Perth-Port Hedland","Perth","Port Hedland","QantasLink","Nov-20",54,51,3,42,38,9,13,2020,11
"Port Hedland-Perth","Port Hedland","Perth","QantasLink","Nov-20",54,50,4,37,30,13,20,2020,11
"Port Lincoln-Adelaide","Port Lincoln","Adelaide","QantasLink","Nov-20",62,53,9,45,43,8,10,2020,11
"Rockhampton-Brisbane","Rockhampton","Brisbane","QantasLink","Nov-20",136,136,0,120,122,16,14,2020,11
"Sydney-Albury","Sydney","Albury","QantasLink","Nov-20",53,53,0,48,49,5,4,2020,11
"Sydney-Armidale","Sydney","Armidale","QantasLink","Nov-20",43,43,0,38,40,5,3,2020,11
"Sydney-Ballina","Sydney","Ballina","QantasLink","Nov-20",67,67,0,59,55,8,12,2020,11
"Sydney-Coffs Harbour","Sydney","Coffs Harbour","QantasLink","Nov-20",73,73,0,63,70,10,3,2020,11
"Sydney-Dubbo","Sydney","Dubbo","QantasLink","Nov-20",60,60,0,54,54,6,6,2020,11
"Sydney-Hobart","Sydney","Hobart","QantasLink","Nov-20",25,23,2,22,23,1,0,2020,11
"Sydney-Wagga Wagga","Sydney","Wagga Wagga","QantasLink","Nov-20",54,54,0,47,49,7,5,2020,11
"Townsville-Brisbane","Townsville","Brisbane","QantasLink","Nov-20",24,24,0,21,20,3,4,2020,11
"Townsville-Cairns","Townsville","Cairns","QantasLink","Nov-20",88,87,1,80,81,7,6,2020,11
"Wagga Wagga-Sydney","Wagga Wagga","Sydney","QantasLink","Nov-20",53,53,0,47,50,6,3,2020,11
"Adelaide-Port Lincoln","Adelaide","Port Lincoln","Regional Express","Nov-20",100,93,7,87,83,6,10,2020,11
"Albury-Sydney","Albury","Sydney","Regional Express","Nov-20",29,29,0,29,28,0,1,2020,11
"Armidale-Sydney","Armidale","Sydney","Regional Express","Nov-20",8,8,0,7,7,1,1,2020,11
"Ballina-Sydney","Ballina","Sydney","Regional Express","Nov-20",9,9,0,8,9,1,0,2020,11
"Cairns-Townsville","Cairns","Townsville","Regional Express","Nov-20",13,13,0,13,13,0,0,2020,11
"Dubbo-Sydney","Dubbo","Sydney","Regional Express","Nov-20",54,54,0,47,48,7,6,2020,11
"Melbourne-Mildura","Melbourne","Mildura","Regional Express","Nov-20",27,27,0,25,24,2,3,2020,11
"Mildura-Melbourne","Mildura","Melbourne","Regional Express","Nov-20",27,27,0,24,26,3,1,2020,11
"Port Lincoln-Adelaide","Port Lincoln","Adelaide","Regional Express","Nov-20",100,93,7,78,79,15,14,2020,11
"Sydney-Albury","Sydney","Albury","Regional Express","Nov-20",29,29,0,28,28,1,1,2020,11
"Sydney-Armidale","Sydney","Armidale","Regional Express","Nov-20",8,8,0,6,7,2,1,2020,11
"Sydney-Ballina","Sydney","Ballina","Regional Express","Nov-20",9,9,0,9,9,0,0,2020,11
"Sydney-Dubbo","Sydney","Dubbo","Regional Express","Nov-20",54,54,0,49,50,5,4,2020,11
"Sydney-Wagga Wagga","Sydney","Wagga Wagga","Regional Express","Nov-20",34,34,0,33,33,1,1,2020,11
"Townsville-Cairns","Townsville","Cairns","Regional Express","Nov-20",13,13,0,13,13,0,0,2020,11
"Wagga Wagga-Sydney","Wagga Wagga","Sydney","Regional Express","Nov-20",34,34,0,29,30,5,4,2020,11
"Adelaide-Alice Springs","Adelaide","Alice Springs","Virgin Australia","Nov-20",13,13,0,8,10,5,3,2020,11
"Adelaide-Brisbane","Adelaide","Brisbane","Virgin Australia","Nov-20",57,43,14,29,35,14,8,2020,11
"Adelaide-Canberra","Adelaide","Canberra","Virgin Australia","Nov-20",16,12,4,11,11,1,1,2020,11
"Adelaide-Gold Coast","Adelaide","Gold Coast","Virgin Australia","Nov-20",16,11,5,11,11,0,0,2020,11
"Adelaide-Melbourne","Adelaide","Melbourne","Virgin Australia","Nov-20",14,14,0,13,14,1,0,2020,11
"Adelaide-Perth","Adelaide","Perth","Virgin Australia","Nov-20",16,13,3,11,9,2,4,2020,11
"Adelaide-Sydney","Adelaide","Sydney","Virgin Australia","Nov-20",64,48,16,42,45,6,3,2020,11
"Alice Springs-Adelaide","Alice Springs","Adelaide","Virgin Australia","Nov-20",13,13,0,11,13,2,0,2020,11
"Ballina-Sydney","Ballina","Sydney","Virgin Australia","Nov-20",34,34,0,23,27,11,7,2020,11
"Brisbane-Adelaide","Brisbane","Adelaide","Virgin Australia","Nov-20",58,44,14,36,37,8,7,2020,11
"Brisbane-Cairns","Brisbane","Cairns","Virgin Australia","Nov-20",62,62,0,59,58,3,4,2020,11
"Brisbane-Canberra","Brisbane","Canberra","Virgin Australia","Nov-20",44,44,0,41,42,3,2,2020,11
"Brisbane-Darwin","Brisbane","Darwin","Virgin Australia","Nov-20",22,22,0,20,19,2,3,2020,11
"Brisbane-Emerald","Brisbane","Emerald","Virgin Australia","Nov-20",6,6,0,6,6,0,0,2020,11
"Brisbane-Gladstone","Brisbane","Gladstone","Virgin Australia","Nov-20",51,51,0,45,45,6,6,2020,11
"Brisbane-Hamilton Island","Brisbane","Hamilton Island","Virgin Australia","Nov-20",41,41,0,39,39,2,2,2020,11
"Brisbane-Hobart","Brisbane","Hobart","Virgin Australia","Nov-20",15,15,0,10,11,5,4,2020,11
"Brisbane-Mackay","Brisbane","Mackay","Virgin Australia","Nov-20",57,57,0,51,53,6,4,2020,11
"Brisbane-Melbourne","Brisbane","Melbourne","Virgin Australia","Nov-20",27,27,0,18,18,9,9,2020,11
"Brisbane-Mount Isa","Brisbane","Mount Isa","Virgin Australia","Nov-20",13,13,0,13,13,0,0,2020,11
"Brisbane-Newcastle","Brisbane","Newcastle","Virgin Australia","Nov-20",23,23,0,20,19,3,4,2020,11
"Brisbane-Perth","Brisbane","Perth","Virgin Australia","Nov-20",23,23,0,20,19,3,4,2020,11
"Brisbane-Proserpine","Brisbane","Proserpine","Virgin Australia","Nov-20",30,30,0,27,27,3,3,2020,11
"Brisbane-Rockhampton","Brisbane","Rockhampton","Virgin Australia","Nov-20",57,57,0,55,55,2,2,2020,11
"Brisbane-Sydney","Brisbane","Sydney","Virgin Australia","Nov-20",28,28,0,26,25,2,3,2020,11
"Brisbane-Townsville","Brisbane","Townsville","Virgin Australia","Nov-20",58,58,0,52,54,6,4,2020,11
"Broome-Perth","Broome","Perth","Virgin Australia","Nov-20",36,36,0,29,33,7,3,2020,11
"Cairns-Brisbane","Cairns","Brisbane","Virgin Australia","Nov-20",61,61,0,57,60,4,1,2020,11
"Cairns-Sydney","Cairns","Sydney","Virgin Australia","Nov-20",1,1,0,1,1,0,0,2020,11
"Canberra-Adelaide","Canberra","Adelaide","Virgin Australia","Nov-20",15,12,3,9,8,3,4,2020,11
"Canberra-Brisbane","Canberra","Brisbane","Virgin Australia","Nov-20",44,44,0,37,43,7,1,2020,11
"Canberra-Melbourne","Canberra","Melbourne","Virgin Australia","Nov-20",18,18,0,17,17,1,1,2020,11
"Coffs Harbour-Sydney","Coffs Harbour","Sydney","Virgin Australia","Nov-20",13,13,0,12,12,1,1,2020,11
"Darwin-Brisbane","Darwin","Brisbane","Virgin Australia","Nov-20",22,22,0,18,18,4,4,2020,11
"Darwin-Perth","Darwin","Perth","Virgin Australia","Nov-20",9,9,0,7,8,2,1,2020,11
"Emerald-Brisbane","Emerald","Brisbane","Virgin Australia","Nov-20",6,6,0,6,6,0,0,2020,11
"Gladstone-Brisbane","Gladstone","Brisbane","Virgin Australia","Nov-20",51,51,0,46,43,5,8,2020,11
"Gold Coast-Adelaide","Gold Coast","Adelaide","Virgin Australia","Nov-20",16,11,5,10,10,1,1,2020,11
"Gold Coast-Melbourne","Gold Coast","Melbourne","Virgin Australia","Nov-20",1,1,0,1,1,0,0,2020,11
"Gold Coast-Sydney","Gold Coast","Sydney","Virgin Australia","Nov-20",18,18,0,15,18,3,0,2020,11
"Hamilton Island-Brisbane","Hamilton Island","Brisbane","Virgin Australia","Nov-20",41,41,0,37,39,4,2,2020,11
"Hobart-Brisbane","Hobart","Brisbane","Virgin Australia","Nov-20",15,15,0,11,11,4,4,2020,11
"Hobart-Melbourne","Hobart","Melbourne","Virgin Australia","Nov-20",3,3,0,3,3,0,0,2020,11
"Hobart-Sydney","Hobart","Sydney","Virgin Australia","Nov-20",15,15,0,14,14,1,1,2020,11
"Kalgoorlie-Perth","Kalgoorlie","Perth","Virgin Australia","Nov-20",35,35,0,30,31,5,4,2020,11
"Karratha-Perth","Karratha","Perth","Virgin Australia","Nov-20",47,47,0,41,41,6,6,2020,11
"Launceston-Melbourne","Launceston","Melbourne","Virgin Australia","Nov-20",3,3,0,3,3,0,0,2020,11
"Launceston-Sydney","Launceston","Sydney","Virgin Australia","Nov-20",15,15,0,15,15,0,0,2020,11
"Mackay-Brisbane","Mackay","Brisbane","Virgin Australia","Nov-20",57,57,0,50,52,7,5,2020,11
"Melbourne-Adelaide","Melbourne","Adelaide","Virgin Australia","Nov-20",13,12,1,11,11,1,1,2020,11
"Melbourne-Brisbane","Melbourne","Brisbane","Virgin Australia","Nov-20",29,27,2,26,26,1,1,2020,11
"Melbourne-Canberra","Melbourne","Canberra","Virgin Australia","Nov-20",18,18,0,17,16,1,2,2020,11
"Melbourne-Gold Coast","Melbourne","Gold Coast","Virgin Australia","Nov-20",1,1,0,0,1,1,0,2020,11
"Melbourne-Hobart","Melbourne","Hobart","Virgin Australia","Nov-20",3,3,0,3,3,0,0,2020,11
"Melbourne-Launceston","Melbourne","Launceston","Virgin Australia","Nov-20",3,3,0,3,3,0,0,2020,11
"Melbourne-Newcastle","Melbourne","Newcastle","Virgin Australia","Nov-20",4,4,0,4,4,0,0,2020,11
"Melbourne-Perth","Melbourne","Perth","Virgin Australia","Nov-20",13,13,0,11,11,2,2,2020,11
"Melbourne-Sunshine Coast","Melbourne","Sunshine Coast","Virgin Australia","Nov-20",1,1,0,1,0,0,1,2020,11
"Melbourne-Sydney","Melbourne","Sydney","Virgin Australia","Nov-20",56,56,0,55,55,1,1,2020,11
"Mount Isa-Brisbane","Mount Isa","Brisbane","Virgin Australia","Nov-20",13,13,0,12,12,1,1,2020,11
"Newcastle-Brisbane","Newcastle","Brisbane","Virgin Australia","Nov-20",22,22,0,22,22,0,0,2020,11
"Newcastle-Melbourne","Newcastle","Melbourne","Virgin Australia","Nov-20",4,4,0,4,4,0,0,2020,11
"Newman-Perth","Newman","Perth","Virgin Australia","Nov-20",12,10,2,10,10,0,0,2020,11
"Perth-Adelaide","Perth","Adelaide","Virgin Australia","Nov-20",14,13,1,11,10,2,3,2020,11
"Perth-Brisbane","Perth","Brisbane","Virgin Australia","Nov-20",23,23,0,10,15,13,8,2020,11
"Perth-Broome","Perth","Broome","Virgin Australia","Nov-20",36,36,0,33,33,3,3,2020,11
"Perth-Darwin","Perth","Darwin","Virgin Australia","Nov-20",9,9,0,8,8,1,1,2020,11
"Perth-Kalgoorlie","Perth","Kalgoorlie","Virgin Australia","Nov-20",35,35,0,31,31,4,4,2020,11
"Perth-Karratha","Perth","Karratha","Virgin Australia","Nov-20",47,47,0,46,45,1,2,2020,11
"Perth-Melbourne","Perth","Melbourne","Virgin Australia","Nov-20",13,13,0,5,10,8,3,2020,11
"Perth-Newman","Perth","Newman","Virgin Australia","Nov-20",12,10,2,10,10,0,0,2020,11
"Perth-Port Hedland","Perth","Port Hedland","Virgin Australia","Nov-20",21,21,0,21,21,0,0,2020,11
"Perth-Sydney","Perth","Sydney","Virgin Australia","Nov-20",17,17,0,12,12,5,5,2020,11
"Port Hedland-Perth","Port Hedland","Perth","Virgin Australia","Nov-20",21,21,0,20,21,1,0,2020,11
"Proserpine-Brisbane","Proserpine","Brisbane","Virgin Australia","Nov-20",30,30,0,26,26,4,4,2020,11
"Rockhampton-Brisbane","Rockhampton","Brisbane","Virgin Australia","Nov-20",57,57,0,55,55,2,2,2020,11
"Sunshine Coast-Melbourne","Sunshine Coast","Melbourne","Virgin Australia","Nov-20",1,1,0,1,0,0,1,2020,11
"Sydney-Adelaide","Sydney","Adelaide","Virgin Australia","Nov-20",63,47,16,39,42,8,5,2020,11
"Sydney-Ballina","Sydney","Ballina","Virgin Australia","Nov-20",34,34,0,30,29,4,5,2020,11
"Sydney-Brisbane","Sydney","Brisbane","Virgin Australia","Nov-20",28,28,0,26,27,2,1,2020,11
"Sydney-Cairns","Sydney","Cairns","Virgin Australia","Nov-20",1,1,0,1,1,0,0,2020,11
"Sydney-Coffs Harbour","Sydney","Coffs Harbour","Virgin Australia","Nov-20",13,13,0,12,13,1,0,2020,11
"Sydney-Gold Coast","Sydney","Gold Coast","Virgin Australia","Nov-20",18,18,0,17,17,1,1,2020,11
"Sydney-Hobart","Sydney","Hobart","Virgin Australia","Nov-20",15,15,0,14,13,1,2,2020,11
"Sydney-Launceston","Sydney","Launceston","Virgin Australia","Nov-20",15,15,0,14,14,1,1,2020,11
"Sydney-Melbourne","Sydney","Melbourne","Virgin Australia","Nov-20",56,55,1,54,54,1,1,2020,11
"Sydney-Perth","Sydney","Perth","Virgin Australia","Nov-20",17,17,0,17,15,0,2,2020,11
"Townsville-Brisbane","Townsville","Brisbane","Virgin Australia","Nov-20",57,57,0,51,54,6,3,2020,11
"Kalgoorlie-Perth","Kalgoorlie","Perth","Virgin Australia Regional Airlines","Nov-20",8,8,0,8,8,0,0,2020,11
"Newman-Perth","Newman","Perth","Virgin Australia Regional Airlines","Nov-20",2,2,0,1,1,1,1,2020,11
"Perth-Kalgoorlie","Perth","Kalgoorlie","Virgin Australia Regional Airlines","Nov-20",8,8,0,8,8,0,0,2020,11
"Perth-Newman","Perth","Newman","Virgin Australia Regional Airlines","Nov-20",2,2,0,2,2,0,0,2020,11
"Perth-Port Hedland","Perth","Port Hedland","Virgin Australia Regional Airlines","Nov-20",18,18,0,15,15,3,3,2020,11
"Port Hedland-Perth","Port Hedland","Perth","Virgin Australia Regional Airlines","Nov-20",18,18,0,15,15,3,3,2020,11
"Adelaide-Alice Springs","Adelaide","Alice Springs","All Airlines","Nov-20",42,40,2,29,30,11,10,2020,11
"Adelaide-Brisbane","Adelaide","Brisbane","All Airlines","Nov-20",150,112,38,83,94,29,18,2020,11
"Adelaide-Canberra","Adelaide","Canberra","All Airlines","Nov-20",65,51,14,48,49,3,2,2020,11
"Adelaide-Gold Coast","Adelaide","Gold Coast","All Airlines","Nov-20",32,27,5,23,24,4,3,2020,11
"Adelaide-Melbourne","Adelaide","Melbourne","All Airlines","Nov-20",36,36,0,29,31,7,5,2020,11
"Adelaide-Perth","Adelaide","Perth","All Airlines","Nov-20",53,35,18,27,24,8,11,2020,11
"Adelaide-Port Lincoln","Adelaide","Port Lincoln","All Airlines","Nov-20",162,146,16,131,127,15,19,2020,11
"Adelaide-Sydney","Adelaide","Sydney","All Airlines","Nov-20",275,224,51,185,200,39,24,2020,11
"Albury-Sydney","Albury","Sydney","All Airlines","Nov-20",82,82,0,76,75,6,7,2020,11
"Alice Springs-Adelaide","Alice Springs","Adelaide","All Airlines","Nov-20",41,40,1,34,35,6,5,2020,11
"Armidale-Sydney","Armidale","Sydney","All Airlines","Nov-20",51,51,0,47,45,4,6,2020,11
"Ballina-Sydney","Ballina","Sydney","All Airlines","Nov-20",216,216,0,164,172,52,44,2020,11
"Brisbane-Adelaide","Brisbane","Adelaide","All Airlines","Nov-20",152,115,37,94,93,21,22,2020,11
"Brisbane-Cairns","Brisbane","Cairns","All Airlines","Nov-20",271,271,0,247,246,24,25,2020,11
"Brisbane-Canberra","Brisbane","Canberra","All Airlines","Nov-20",152,152,0,144,147,8,5,2020,11
"Brisbane-Darwin","Brisbane","Darwin","All Airlines","Nov-20",68,68,0,57,50,11,18,2020,11
"Brisbane-Emerald","Brisbane","Emerald","All Airlines","Nov-20",105,105,0,98,101,7,4,2020,11
"Brisbane-Gladstone","Brisbane","Gladstone","All Airlines","Nov-20",129,129,0,115,118,14,11,2020,11
"Brisbane-Hamilton Island","Brisbane","Hamilton Island","All Airlines","Nov-20",72,72,0,69,68,3,4,2020,11
"Brisbane-Hobart","Brisbane","Hobart","All Airlines","Nov-20",37,37,0,25,27,12,10,2020,11
"Brisbane-Mackay","Brisbane","Mackay","All Airlines","Nov-20",182,182,0,168,168,14,14,2020,11
"Brisbane-Melbourne","Brisbane","Melbourne","All Airlines","Nov-20",48,48,0,29,31,19,17,2020,11
"Brisbane-Mount Isa","Brisbane","Mount Isa","All Airlines","Nov-20",63,63,0,56,58,7,5,2020,11
"Brisbane-Newcastle","Brisbane","Newcastle","All Airlines","Nov-20",100,99,1,88,88,11,11,2020,11
"Brisbane-Perth","Brisbane","Perth","All Airlines","Nov-20",83,83,0,74,62,9,21,2020,11
"Brisbane-Proserpine","Brisbane","Proserpine","All Airlines","Nov-20",60,60,0,55,52,5,8,2020,11
"Brisbane-Rockhampton","Brisbane","Rockhampton","All Airlines","Nov-20",193,193,0,181,182,12,11,2020,11
"Brisbane-Sydney","Brisbane","Sydney","All Airlines","Nov-20",143,136,7,116,112,20,24,2020,11
"Brisbane-Townsville","Brisbane","Townsville","All Airlines","Nov-20",184,184,0,171,167,13,17,2020,11
"Broome-Perth","Broome","Perth","All Airlines","Nov-20",139,134,5,115,118,19,16,2020,11
"Cairns-Brisbane","Cairns","Brisbane","All Airlines","Nov-20",274,273,1,237,232,36,41,2020,11
"Cairns-Sydney","Cairns","Sydney","All Airlines","Nov-20",20,14,6,11,11,3,3,2020,11
"Cairns-Townsville","Cairns","Townsville","All Airlines","Nov-20",101,100,1,95,94,5,6,2020,11
"Canberra-Adelaide","Canberra","Adelaide","All Airlines","Nov-20",64,51,13,46,45,5,6,2020,11
"Canberra-Brisbane","Canberra","Brisbane","All Airlines","Nov-20",151,151,0,135,143,16,8,2020,11
"Canberra-Melbourne","Canberra","Melbourne","All Airlines","Nov-20",60,60,0,55,53,5,7,2020,11
"Coffs Harbour-Sydney","Coffs Harbour","Sydney","All Airlines","Nov-20",84,84,0,79,80,5,4,2020,11
"Darwin-Brisbane","Darwin","Brisbane","All Airlines","Nov-20",69,69,0,48,36,21,33,2020,11
"Darwin-Perth","Darwin","Perth","All Airlines","Nov-20",21,21,0,15,16,6,5,2020,11
"Dubbo-Sydney","Dubbo","Sydney","All Airlines","Nov-20",113,113,0,99,102,14,11,2020,11
"Emerald-Brisbane","Emerald","Brisbane","All Airlines","Nov-20",105,105,0,100,102,5,3,2020,11
"Gladstone-Brisbane","Gladstone","Brisbane","All Airlines","Nov-20",129,129,0,120,115,9,14,2020,11
"Gold Coast-Adelaide","Gold Coast","Adelaide","All Airlines","Nov-20",32,27,5,22,24,5,3,2020,11
"Gold Coast-Melbourne","Gold Coast","Melbourne","All Airlines","Nov-20",2,2,0,2,2,0,0,2020,11
"Gold Coast-Sydney","Gold Coast","Sydney","All Airlines","Nov-20",33,25,8,20,24,5,1,2020,11
"Hamilton Island-Brisbane","Hamilton Island","Brisbane","All Airlines","Nov-20",72,72,0,68,70,4,2,2020,11
"Hobart-Brisbane","Hobart","Brisbane","All Airlines","Nov-20",38,38,0,25,26,13,12,2020,11
"Hobart-Melbourne","Hobart","Melbourne","All Airlines","Nov-20",35,35,0,30,31,5,4,2020,11
"Hobart-Sydney","Hobart","Sydney","All Airlines","Nov-20",106,100,6,91,91,9,9,2020,11
"Kalgoorlie-Perth","Kalgoorlie","Perth","All Airlines","Nov-20",125,119,6,111,112,8,7,2020,11
"Karratha-Perth","Karratha","Perth","All Airlines","Nov-20",183,178,5,151,152,27,26,2020,11
"Launceston-Melbourne","Launceston","Melbourne","All Airlines","Nov-20",24,24,0,23,23,1,1,2020,11
"Launceston-Sydney","Launceston","Sydney","All Airlines","Nov-20",45,43,2,38,41,5,2,2020,11
"Mackay-Brisbane","Mackay","Brisbane","All Airlines","Nov-20",181,181,0,163,167,18,14,2020,11
"Melbourne-Adelaide","Melbourne","Adelaide","All Airlines","Nov-20",35,34,1,28,30,6,4,2020,11
"Melbourne-Brisbane","Melbourne","Brisbane","All Airlines","Nov-20",46,44,2,38,39,6,5,2020,11
"Melbourne-Canberra","Melbourne","Canberra","All Airlines","Nov-20",59,59,0,49,52,10,7,2020,11
"Melbourne-Gold Coast","Melbourne","Gold Coast","All Airlines","Nov-20",2,2,0,1,2,1,0,2020,11
"Melbourne-Hobart","Melbourne","Hobart","All Airlines","Nov-20",36,35,1,30,30,5,5,2020,11
"Melbourne-Launceston","Melbourne","Launceston","All Airlines","Nov-20",25,25,0,24,24,1,1,2020,11
"Melbourne-Mildura","Melbourne","Mildura","All Airlines","Nov-20",42,42,0,39,38,3,4,2020,11
"Melbourne-Newcastle","Melbourne","Newcastle","All Airlines","Nov-20",16,16,0,13,14,3,2,2020,11
"Melbourne-Perth","Melbourne","Perth","All Airlines","Nov-20",30,30,0,24,21,6,9,2020,11
"Melbourne-Sunshine Coast","Melbourne","Sunshine Coast","All Airlines","Nov-20",2,2,0,2,1,0,1,2020,11
"Melbourne-Sydney","Melbourne","Sydney","All Airlines","Nov-20",254,249,5,214,219,35,30,2020,11
"Mildura-Melbourne","Mildura","Melbourne","All Airlines","Nov-20",42,42,0,38,41,4,1,2020,11
"Mount Isa-Brisbane","Mount Isa","Brisbane","All Airlines","Nov-20",63,61,2,58,58,3,3,2020,11
"Newcastle-Brisbane","Newcastle","Brisbane","All Airlines","Nov-20",97,95,2,86,88,9,7,2020,11
"Newcastle-Melbourne","Newcastle","Melbourne","All Airlines","Nov-20",16,16,0,13,15,3,1,2020,11
"Newman-Perth","Newman","Perth","All Airlines","Nov-20",130,125,5,114,114,11,11,2020,11
"Perth-Adelaide","Perth","Adelaide","All Airlines","Nov-20",54,33,21,31,30,2,3,2020,11
"Perth-Brisbane","Perth","Brisbane","All Airlines","Nov-20",83,83,0,67,63,16,20,2020,11
"Perth-Broome","Perth","Broome","All Airlines","Nov-20",140,136,4,128,115,8,21,2020,11
"Perth-Darwin","Perth","Darwin","All Airlines","Nov-20",20,20,0,18,17,2,3,2020,11
"Perth-Kalgoorlie","Perth","Kalgoorlie","All Airlines","Nov-20",125,119,6,114,112,5,7,2020,11
"Perth-Karratha","Perth","Karratha","All Airlines","Nov-20",184,181,3,167,157,14,24,2020,11
"Perth-Melbourne","Perth","Melbourne","All Airlines","Nov-20",30,30,0,17,21,13,9,2020,11
"Perth-Newman","Perth","Newman","All Airlines","Nov-20",130,125,5,117,115,8,10,2020,11
"Perth-Port Hedland","Perth","Port Hedland","All Airlines","Nov-20",140,137,3,121,118,16,19,2020,11
"Perth-Sydney","Perth","Sydney","All Airlines","Nov-20",39,39,0,23,21,16,18,2020,11
"Port Hedland-Perth","Port Hedland","Perth","All Airlines","Nov-20",140,136,4,105,96,31,40,2020,11
"Port Lincoln-Adelaide","Port Lincoln","Adelaide","All Airlines","Nov-20",162,146,16,123,122,23,24,2020,11
"Proserpine-Brisbane","Proserpine","Brisbane","All Airlines","Nov-20",60,60,0,50,50,10,10,2020,11
"Rockhampton-Brisbane","Rockhampton","Brisbane","All Airlines","Nov-20",193,193,0,175,177,18,16,2020,11
"Sunshine Coast-Melbourne","Sunshine Coast","Melbourne","All Airlines","Nov-20",2,2,0,1,0,1,2,2020,11
"Sydney-Adelaide","Sydney","Adelaide","All Airlines","Nov-20",273,224,49,203,203,21,21,2020,11
"Sydney-Albury","Sydney","Albury","All Airlines","Nov-20",82,82,0,76,77,6,5,2020,11
"Sydney-Armidale","Sydney","Armidale","All Airlines","Nov-20",51,51,0,44,47,7,4,2020,11
"Sydney-Ballina","Sydney","Ballina","All Airlines","Nov-20",216,216,0,192,184,24,32,2020,11
"Sydney-Brisbane","Sydney","Brisbane","All Airlines","Nov-20",148,138,10,116,118,22,20,2020,11
"Sydney-Cairns","Sydney","Cairns","All Airlines","Nov-20",19,13,6,12,13,1,0,2020,11
"Sydney-Coffs Harbour","Sydney","Coffs Harbour","All Airlines","Nov-20",86,86,0,75,83,11,3,2020,11
"Sydney-Dubbo","Sydney","Dubbo","All Airlines","Nov-20",114,114,0,103,104,11,10,2020,11
"Sydney-Gold Coast","Sydney","Gold Coast","All Airlines","Nov-20",33,25,8,22,23,3,2,2020,11
"Sydney-Hobart","Sydney","Hobart","All Airlines","Nov-20",105,99,6,90,90,9,9,2020,11
"Sydney-Launceston","Sydney","Launceston","All Airlines","Nov-20",45,43,2,36,39,7,4,2020,11
"Sydney-Melbourne","Sydney","Melbourne","All Airlines","Nov-20",256,250,6,200,199,50,51,2020,11
"Sydney-Perth","Sydney","Perth","All Airlines","Nov-20",38,38,0,28,24,10,14,2020,11
"Sydney-Wagga Wagga","Sydney","Wagga Wagga","All Airlines","Nov-20",88,88,0,80,82,8,6,2020,11
"Townsville-Brisbane","Townsville","Brisbane","All Airlines","Nov-20",184,184,0,171,169,13,15,2020,11
"Townsville-Cairns","Townsville","Cairns","All Airlines","Nov-20",101,100,1,93,94,7,6,2020,11
"Wagga Wagga-Sydney","Wagga Wagga","Sydney","All Airlines","Nov-20",87,87,0,76,80,11,7,2020,11
"Adelaide-Brisbane","Adelaide","Brisbane","Jetstar","Dec-20",22,21,1,18,17,3,4,2020,12
"Adelaide-Gold Coast","Adelaide","Gold Coast","Jetstar","Dec-20",26,25,1,20,18,5,7,2020,12
"Adelaide-Melbourne","Adelaide","Melbourne","Jetstar","Dec-20",76,74,2,58,62,16,12,2020,12
"Adelaide-Perth","Adelaide","Perth","Jetstar","Dec-20",4,4,0,4,4,0,0,2020,12
"Adelaide-Sydney","Adelaide","Sydney","Jetstar","Dec-20",99,75,24,67,67,8,8,2020,12
"Ballina-Sydney","Ballina","Sydney","Jetstar","Dec-20",101,99,2,84,84,15,15,2020,12
"Brisbane-Adelaide","Brisbane","Adelaide","Jetstar","Dec-20",22,21,1,16,17,5,4,2020,12
"Brisbane-Cairns","Brisbane","Cairns","Jetstar","Dec-20",101,101,0,57,61,44,40,2020,12
"Brisbane-Darwin","Brisbane","Darwin","Jetstar","Dec-20",23,23,0,17,19,6,4,2020,12
"Brisbane-Hobart","Brisbane","Hobart","Jetstar","Dec-20",42,42,0,38,39,4,3,2020,12
"Brisbane-Mackay","Brisbane","Mackay","Jetstar","Dec-20",31,31,0,15,21,16,10,2020,12
"Brisbane-Melbourne","Brisbane","Melbourne","Jetstar","Dec-20",102,96,6,68,73,28,23,2020,12
"Brisbane-Newcastle","Brisbane","Newcastle","Jetstar","Dec-20",72,69,3,56,58,13,11,2020,12
"Brisbane-Proserpine","Brisbane","Proserpine","Jetstar","Dec-20",40,40,0,33,30,7,10,2020,12
"Brisbane-Sydney","Brisbane","Sydney","Jetstar","Dec-20",143,107,36,69,80,38,27,2020,12
"Brisbane-Townsville","Brisbane","Townsville","Jetstar","Dec-20",56,56,0,47,45,9,11,2020,12
"Cairns-Brisbane","Cairns","Brisbane","Jetstar","Dec-20",100,100,0,76,74,24,26,2020,12
"Cairns-Melbourne","Cairns","Melbourne","Jetstar","Dec-20",49,49,0,29,30,20,19,2020,12
"Cairns-Sydney","Cairns","Sydney","Jetstar","Dec-20",62,50,12,42,43,8,7,2020,12
"Darwin-Brisbane","Darwin","Brisbane","Jetstar","Dec-20",24,23,1,12,10,11,13,2020,12
"Gold Coast-Adelaide","Gold Coast","Adelaide","Jetstar","Dec-20",25,24,1,18,19,6,5,2020,12
"Gold Coast-Melbourne","Gold Coast","Melbourne","Jetstar","Dec-20",121,121,0,82,93,39,28,2020,12
"Gold Coast-Sydney","Gold Coast","Sydney","Jetstar","Dec-20",143,107,36,78,89,29,18,2020,12
"Hamilton Island-Sydney","Hamilton Island","Sydney","Jetstar","Dec-20",12,7,5,6,6,1,1,2020,12
"Hobart-Brisbane","Hobart","Brisbane","Jetstar","Dec-20",42,42,0,37,35,5,7,2020,12
"Hobart-Melbourne","Hobart","Melbourne","Jetstar","Dec-20",129,124,5,95,103,29,21,2020,12
"Hobart-Sydney","Hobart","Sydney","Jetstar","Dec-20",107,84,23,75,73,9,11,2020,12
"Launceston-Melbourne","Launceston","Melbourne","Jetstar","Dec-20",97,97,0,72,79,25,18,2020,12
"Launceston-Sydney","Launceston","Sydney","Jetstar","Dec-20",73,57,16,44,44,13,13,2020,12
"Mackay-Brisbane","Mackay","Brisbane","Jetstar","Dec-20",31,31,0,23,25,8,6,2020,12
"Melbourne-Adelaide","Melbourne","Adelaide","Jetstar","Dec-20",76,75,1,56,62,19,13,2020,12
"Melbourne-Brisbane","Melbourne","Brisbane","Jetstar","Dec-20",103,98,5,76,83,22,15,2020,12
"Melbourne-Cairns","Melbourne","Cairns","Jetstar","Dec-20",49,49,0,30,34,19,15,2020,12
"Melbourne-Gold Coast","Melbourne","Gold Coast","Jetstar","Dec-20",120,120,0,81,92,39,28,2020,12
"Melbourne-Hobart","Melbourne","Hobart","Jetstar","Dec-20",130,127,3,97,101,30,26,2020,12
"Melbourne-Launceston","Melbourne","Launceston","Jetstar","Dec-20",97,97,0,76,79,21,18,2020,12
"Melbourne-Newcastle","Melbourne","Newcastle","Jetstar","Dec-20",100,86,14,66,67,20,19,2020,12
"Melbourne-Perth","Melbourne","Perth","Jetstar","Dec-20",18,18,0,16,13,2,5,2020,12
"Melbourne-Sunshine Coast","Melbourne","Sunshine Coast","Jetstar","Dec-20",48,48,0,37,37,11,11,2020,12
"Melbourne-Sydney","Melbourne","Sydney","Jetstar","Dec-20",415,265,150,226,244,39,21,2020,12
"Newcastle-Brisbane","Newcastle","Brisbane","Jetstar","Dec-20",73,69,4,48,48,21,21,2020,12
"Newcastle-Melbourne","Newcastle","Melbourne","Jetstar","Dec-20",100,84,16,65,69,19,15,2020,12
"Perth-Adelaide","Perth","Adelaide","Jetstar","Dec-20",4,4,0,3,4,1,0,2020,12
"Perth-Melbourne","Perth","Melbourne","Jetstar","Dec-20",17,17,0,4,13,13,4,2020,12
"Perth-Sydney","Perth","Sydney","Jetstar","Dec-20",15,5,10,0,0,5,5,2020,12
"Proserpine-Brisbane","Proserpine","Brisbane","Jetstar","Dec-20",41,40,1,29,29,11,11,2020,12
"Sunshine Coast-Melbourne","Sunshine Coast","Melbourne","Jetstar","Dec-20",47,47,0,34,34,13,13,2020,12
"Sunshine Coast-Sydney","Sunshine Coast","Sydney","Jetstar","Dec-20",56,40,16,33,33,7,7,2020,12
"Sydney-Adelaide","Sydney","Adelaide","Jetstar","Dec-20",99,77,22,60,61,17,16,2020,12
"Sydney-Ballina","Sydney","Ballina","Jetstar","Dec-20",102,101,1,94,93,7,8,2020,12
"Sydney-Brisbane","Sydney","Brisbane","Jetstar","Dec-20",143,106,37,75,73,31,33,2020,12
"Sydney-Cairns","Sydney","Cairns","Jetstar","Dec-20",62,50,12,35,40,15,10,2020,12
"Sydney-Gold Coast","Sydney","Gold Coast","Jetstar","Dec-20",143,107,36,82,78,25,29,2020,12
"Sydney-Hamilton Island","Sydney","Hamilton Island","Jetstar","Dec-20",12,7,5,3,7,4,0,2020,12
"Sydney-Hobart","Sydney","Hobart","Jetstar","Dec-20",107,84,23,71,76,13,8,2020,12
"Sydney-Launceston","Sydney","Launceston","Jetstar","Dec-20",73,57,16,45,46,12,11,2020,12
"Sydney-Melbourne","Sydney","Melbourne","Jetstar","Dec-20",414,264,150,226,238,38,26,2020,12
"Sydney-Perth","Sydney","Perth","Jetstar","Dec-20",15,5,10,0,0,5,5,2020,12
"Sydney-Sunshine Coast","Sydney","Sunshine Coast","Jetstar","Dec-20",55,39,16,34,32,5,7,2020,12
"Townsville-Brisbane","Townsville","Brisbane","Jetstar","Dec-20",56,55,1,47,43,8,12,2020,12
"Adelaide-Alice Springs","Adelaide","Alice Springs","Qantas","Dec-20",29,27,2,23,20,4,7,2020,12
"Adelaide-Brisbane","Adelaide","Brisbane","Qantas","Dec-20",64,57,7,48,49,9,8,2020,12
"Adelaide-Canberra","Adelaide","Canberra","Qantas","Dec-20",32,30,2,27,28,3,2,2020,12
"Adelaide-Melbourne","Adelaide","Melbourne","Qantas","Dec-20",113,100,13,88,91,12,9,2020,12
"Adelaide-Perth","Adelaide","Perth","Qantas","Dec-20",32,26,6,23,21,3,5,2020,12
"Adelaide-Sydney","Adelaide","Sydney","Qantas","Dec-20",122,89,33,74,79,15,10,2020,12
"Alice Springs-Adelaide","Alice Springs","Adelaide","Qantas","Dec-20",29,27,2,15,17,12,10,2020,12
"Ballina-Sydney","Ballina","Sydney","Qantas","Dec-20",55,51,4,45,45,6,6,2020,12
"Brisbane-Adelaide","Brisbane","Adelaide","Qantas","Dec-20",63,56,7,52,47,4,9,2020,12
"Brisbane-Cairns","Brisbane","Cairns","Qantas","Dec-20",119,119,0,105,107,14,12,2020,12
"Brisbane-Canberra","Brisbane","Canberra","Qantas","Dec-20",24,24,0,23,23,1,1,2020,12
"Brisbane-Darwin","Brisbane","Darwin","Qantas","Dec-20",39,39,0,36,30,3,9,2020,12
"Brisbane-Hamilton Island","Brisbane","Hamilton Island","Qantas","Dec-20",36,36,0,32,32,4,4,2020,12
"Brisbane-Mackay","Brisbane","Mackay","Qantas","Dec-20",79,78,1,70,71,8,7,2020,12
"Brisbane-Melbourne","Brisbane","Melbourne","Qantas","Dec-20",245,236,9,215,191,21,45,2020,12
"Brisbane-Mount Isa","Brisbane","Mount Isa","Qantas","Dec-20",36,36,0,31,34,5,2,2020,12
"Brisbane-Perth","Brisbane","Perth","Qantas","Dec-20",104,104,0,88,62,16,42,2020,12
"Brisbane-Sydney","Brisbane","Sydney","Qantas","Dec-20",377,286,91,258,248,28,38,2020,12
"Brisbane-Townsville","Brisbane","Townsville","Qantas","Dec-20",106,105,1,94,89,11,16,2020,12
"Broome-Perth","Broome","Perth","Qantas","Dec-20",20,20,0,17,17,3,3,2020,12
"Cairns-Brisbane","Cairns","Brisbane","Qantas","Dec-20",118,118,0,102,94,16,24,2020,12
"Cairns-Melbourne","Cairns","Melbourne","Qantas","Dec-20",18,18,0,14,13,4,5,2020,12
"Cairns-Sydney","Cairns","Sydney","Qantas","Dec-20",46,33,13,31,30,2,3,2020,12
"Canberra-Adelaide","Canberra","Adelaide","Qantas","Dec-20",32,30,2,27,24,3,6,2020,12
"Canberra-Brisbane","Canberra","Brisbane","Qantas","Dec-20",23,23,0,20,22,3,1,2020,12
"Canberra-Melbourne","Canberra","Melbourne","Qantas","Dec-20",5,4,1,4,4,0,0,2020,12
"Darwin-Brisbane","Darwin","Brisbane","Qantas","Dec-20",39,39,0,28,21,11,18,2020,12
"Darwin-Perth","Darwin","Perth","Qantas","Dec-20",14,14,0,7,7,7,7,2020,12
"Gold Coast-Melbourne","Gold Coast","Melbourne","Qantas","Dec-20",38,38,0,32,31,6,7,2020,12
"Gold Coast-Sydney","Gold Coast","Sydney","Qantas","Dec-20",48,38,10,35,35,3,3,2020,12
"Hamilton Island-Brisbane","Hamilton Island","Brisbane","Qantas","Dec-20",36,36,0,35,34,1,2,2020,12
"Hamilton Island-Sydney","Hamilton Island","Sydney","Qantas","Dec-20",15,15,0,14,13,1,2,2020,12
"Hobart-Melbourne","Hobart","Melbourne","Qantas","Dec-20",39,39,0,34,34,5,5,2020,12
"Hobart-Sydney","Hobart","Sydney","Qantas","Dec-20",14,14,0,11,13,3,1,2020,12
"Kalgoorlie-Perth","Kalgoorlie","Perth","Qantas","Dec-20",9,9,0,8,8,1,1,2020,12
"Karratha-Perth","Karratha","Perth","Qantas","Dec-20",35,34,1,29,33,5,1,2020,12
"Mackay-Brisbane","Mackay","Brisbane","Qantas","Dec-20",79,77,2,71,68,6,9,2020,12
"Melbourne-Adelaide","Melbourne","Adelaide","Qantas","Dec-20",112,99,13,90,87,9,12,2020,12
"Melbourne-Brisbane","Melbourne","Brisbane","Qantas","Dec-20",244,236,8,175,152,61,84,2020,12
"Melbourne-Cairns","Melbourne","Cairns","Qantas","Dec-20",18,18,0,14,14,4,4,2020,12
"Melbourne-Canberra","Melbourne","Canberra","Qantas","Dec-20",5,4,1,4,4,0,0,2020,12
"Melbourne-Gold Coast","Melbourne","Gold Coast","Qantas","Dec-20",38,38,0,31,32,7,6,2020,12
"Melbourne-Hobart","Melbourne","Hobart","Qantas","Dec-20",38,38,0,35,33,3,5,2020,12
"Melbourne-Perth","Melbourne","Perth","Qantas","Dec-20",87,86,1,59,44,27,42,2020,12
"Melbourne-Sydney","Melbourne","Sydney","Qantas","Dec-20",570,376,194,349,350,27,26,2020,12
"Mount Isa-Brisbane","Mount Isa","Brisbane","Qantas","Dec-20",36,36,0,34,35,2,1,2020,12
"Newman-Perth","Newman","Perth","Qantas","Dec-20",36,35,1,26,26,9,9,2020,12
"Perth-Adelaide","Perth","Adelaide","Qantas","Dec-20",31,26,5,21,20,5,6,2020,12
"Perth-Brisbane","Perth","Brisbane","Qantas","Dec-20",103,103,0,89,75,14,28,2020,12
"Perth-Broome","Perth","Broome","Qantas","Dec-20",20,20,0,19,19,1,1,2020,12
"Perth-Darwin","Perth","Darwin","Qantas","Dec-20",14,14,0,13,12,1,2,2020,12
"Perth-Kalgoorlie","Perth","Kalgoorlie","Qantas","Dec-20",9,9,0,8,8,1,1,2020,12
"Perth-Karratha","Perth","Karratha","Qantas","Dec-20",35,34,1,32,30,2,4,2020,12
"Perth-Melbourne","Perth","Melbourne","Qantas","Dec-20",85,85,0,61,62,24,23,2020,12
"Perth-Newman","Perth","Newman","Qantas","Dec-20",36,36,0,33,31,3,5,2020,12
"Perth-Port Hedland","Perth","Port Hedland","Qantas","Dec-20",49,47,2,46,45,1,2,2020,12
"Perth-Sydney","Perth","Sydney","Qantas","Dec-20",94,67,27,40,42,27,25,2020,12
"Port Hedland-Perth","Port Hedland","Perth","Qantas","Dec-20",49,47,2,34,34,13,13,2020,12
"Sydney-Adelaide","Sydney","Adelaide","Qantas","Dec-20",123,91,32,77,62,14,29,2020,12
"Sydney-Ballina","Sydney","Ballina","Qantas","Dec-20",55,51,4,47,44,4,7,2020,12
"Sydney-Brisbane","Sydney","Brisbane","Qantas","Dec-20",377,289,88,257,254,32,35,2020,12
"Sydney-Cairns","Sydney","Cairns","Qantas","Dec-20",46,33,13,29,29,4,4,2020,12
"Sydney-Gold Coast","Sydney","Gold Coast","Qantas","Dec-20",49,39,10,38,38,1,1,2020,12
"Sydney-Hamilton Island","Sydney","Hamilton Island","Qantas","Dec-20",15,15,0,11,12,4,3,2020,12
"Sydney-Hobart","Sydney","Hobart","Qantas","Dec-20",13,13,0,9,11,4,2,2020,12
"Sydney-Melbourne","Sydney","Melbourne","Qantas","Dec-20",575,380,195,334,318,46,62,2020,12
"Sydney-Perth","Sydney","Perth","Qantas","Dec-20",93,66,27,38,29,28,37,2020,12
"Townsville-Brisbane","Townsville","Brisbane","Qantas","Dec-20",106,104,2,94,88,10,16,2020,12
"Adelaide-Canberra","Adelaide","Canberra","QantasLink","Dec-20",7,7,0,5,6,2,1,2020,12
"Adelaide-Port Lincoln","Adelaide","Port Lincoln","QantasLink","Dec-20",67,67,0,61,60,6,7,2020,12
"Albury-Sydney","Albury","Sydney","QantasLink","Dec-20",79,79,0,67,71,12,8,2020,12
"Armidale-Sydney","Armidale","Sydney","QantasLink","Dec-20",59,54,5,43,47,11,7,2020,12
"Ballina-Sydney","Ballina","Sydney","QantasLink","Dec-20",52,45,7,37,37,8,8,2020,12
"Brisbane-Cairns","Brisbane","Cairns","QantasLink","Dec-20",4,3,1,3,3,0,0,2020,12
"Brisbane-Canberra","Brisbane","Canberra","QantasLink","Dec-20",113,111,2,88,98,23,13,2020,12
"Brisbane-Emerald","Brisbane","Emerald","QantasLink","Dec-20",116,116,0,109,109,7,7,2020,12
"Brisbane-Gladstone","Brisbane","Gladstone","QantasLink","Dec-20",89,89,0,80,80,9,9,2020,12
"Brisbane-Hamilton Island","Brisbane","Hamilton Island","QantasLink","Dec-20",16,16,0,15,16,1,0,2020,12
"Brisbane-Hobart","Brisbane","Hobart","QantasLink","Dec-20",28,28,0,27,28,1,0,2020,12
"Brisbane-Mackay","Brisbane","Mackay","QantasLink","Dec-20",37,36,1,30,29,6,7,2020,12
"Brisbane-Mount Isa","Brisbane","Mount Isa","QantasLink","Dec-20",12,12,0,11,11,1,1,2020,12
"Brisbane-Newcastle","Brisbane","Newcastle","QantasLink","Dec-20",54,50,4,47,47,3,3,2020,12
"Brisbane-Rockhampton","Brisbane","Rockhampton","QantasLink","Dec-20",147,147,0,134,125,13,22,2020,12
"Brisbane-Townsville","Brisbane","Townsville","QantasLink","Dec-20",2,2,0,1,1,1,1,2020,12
"Broome-Perth","Broome","Perth","QantasLink","Dec-20",84,84,0,66,65,18,19,2020,12
"Cairns-Brisbane","Cairns","Brisbane","QantasLink","Dec-20",4,3,1,3,3,0,0,2020,12
"Cairns-Townsville","Cairns","Townsville","QantasLink","Dec-20",89,89,0,80,81,9,8,2020,12
"Canberra-Adelaide","Canberra","Adelaide","QantasLink","Dec-20",7,7,0,7,6,0,1,2020,12
"Canberra-Brisbane","Canberra","Brisbane","QantasLink","Dec-20",113,112,1,93,96,19,16,2020,12
"Canberra-Melbourne","Canberra","Melbourne","QantasLink","Dec-20",110,98,12,85,78,13,20,2020,12
"Coffs Harbour-Sydney","Coffs Harbour","Sydney","QantasLink","Dec-20",85,84,1,75,77,9,7,2020,12
"Dubbo-Sydney","Dubbo","Sydney","QantasLink","Dec-20",76,75,1,64,68,11,7,2020,12
"Emerald-Brisbane","Emerald","Brisbane","QantasLink","Dec-20",116,114,2,111,110,3,4,2020,12
"Gladstone-Brisbane","Gladstone","Brisbane","QantasLink","Dec-20",88,87,1,72,74,15,13,2020,12
"Hamilton Island-Brisbane","Hamilton Island","Brisbane","QantasLink","Dec-20",16,16,0,16,15,0,1,2020,12
"Hobart-Brisbane","Hobart","Brisbane","QantasLink","Dec-20",28,28,0,28,26,0,2,2020,12
"Hobart-Melbourne","Hobart","Melbourne","QantasLink","Dec-20",29,28,1,19,18,9,10,2020,12
"Hobart-Sydney","Hobart","Sydney","QantasLink","Dec-20",48,40,8,33,33,7,7,2020,12
"Kalgoorlie-Perth","Kalgoorlie","Perth","QantasLink","Dec-20",56,52,4,46,48,6,4,2020,12
"Karratha-Perth","Karratha","Perth","QantasLink","Dec-20",106,99,7,77,79,22,20,2020,12
"Launceston-Melbourne","Launceston","Melbourne","QantasLink","Dec-20",58,56,2,54,55,2,1,2020,12
"Launceston-Sydney","Launceston","Sydney","QantasLink","Dec-20",17,14,3,11,10,3,4,2020,12
"Mackay-Brisbane","Mackay","Brisbane","QantasLink","Dec-20",37,35,2,31,32,4,3,2020,12
"Melbourne-Canberra","Melbourne","Canberra","QantasLink","Dec-20",109,98,11,83,80,15,18,2020,12
"Melbourne-Hobart","Melbourne","Hobart","QantasLink","Dec-20",29,28,1,12,12,16,16,2020,12
"Melbourne-Launceston","Melbourne","Launceston","QantasLink","Dec-20",58,56,2,56,55,0,1,2020,12
"Melbourne-Mildura","Melbourne","Mildura","QantasLink","Dec-20",50,50,0,41,43,9,7,2020,12
"Melbourne-Sunshine Coast","Melbourne","Sunshine Coast","QantasLink","Dec-20",14,13,1,6,5,7,8,2020,12
"Mildura-Melbourne","Mildura","Melbourne","QantasLink","Dec-20",50,50,0,32,35,18,15,2020,12
"Mount Isa-Brisbane","Mount Isa","Brisbane","QantasLink","Dec-20",12,11,1,11,11,0,0,2020,12
"Newcastle-Brisbane","Newcastle","Brisbane","QantasLink","Dec-20",54,51,3,47,47,4,4,2020,12
"Newman-Perth","Newman","Perth","QantasLink","Dec-20",85,76,9,65,61,11,15,2020,12
"Perth-Broome","Perth","Broome","QantasLink","Dec-20",84,84,0,71,56,13,28,2020,12
"Perth-Kalgoorlie","Perth","Kalgoorlie","QantasLink","Dec-20",56,53,3,49,48,4,5,2020,12
"Perth-Karratha","Perth","Karratha","QantasLink","Dec-20",106,101,5,87,76,14,25,2020,12
"Perth-Newman","Perth","Newman","QantasLink","Dec-20",86,78,8,71,69,7,9,2020,12
"Perth-Port Hedland","Perth","Port Hedland","QantasLink","Dec-20",68,64,4,56,47,8,17,2020,12
"Port Hedland-Perth","Port Hedland","Perth","QantasLink","Dec-20",69,64,5,48,35,16,29,2020,12
"Port Lincoln-Adelaide","Port Lincoln","Adelaide","QantasLink","Dec-20",67,67,0,58,59,9,8,2020,12
"Rockhampton-Brisbane","Rockhampton","Brisbane","QantasLink","Dec-20",147,144,3,104,99,40,45,2020,12
"Sunshine Coast-Melbourne","Sunshine Coast","Melbourne","QantasLink","Dec-20",15,14,1,8,8,6,6,2020,12
"Sunshine Coast-Sydney","Sunshine Coast","Sydney","QantasLink","Dec-20",25,21,4,16,18,5,3,2020,12
"Sydney-Albury","Sydney","Albury","QantasLink","Dec-20",79,79,0,64,73,15,6,2020,12
"Sydney-Armidale","Sydney","Armidale","QantasLink","Dec-20",58,55,3,42,46,13,9,2020,12
"Sydney-Ballina","Sydney","Ballina","QantasLink","Dec-20",53,46,7,42,37,4,9,2020,12
"Sydney-Coffs Harbour","Sydney","Coffs Harbour","QantasLink","Dec-20",85,84,1,79,81,5,3,2020,12
"Sydney-Dubbo","Sydney","Dubbo","QantasLink","Dec-20",75,74,1,61,64,13,10,2020,12
"Sydney-Hobart","Sydney","Hobart","QantasLink","Dec-20",49,40,9,31,33,9,7,2020,12
"Sydney-Launceston","Sydney","Launceston","QantasLink","Dec-20",17,14,3,10,10,4,4,2020,12
"Sydney-Sunshine Coast","Sydney","Sunshine Coast","QantasLink","Dec-20",25,21,4,17,18,4,3,2020,12
"Sydney-Wagga Wagga","Sydney","Wagga Wagga","QantasLink","Dec-20",81,80,1,67,69,13,11,2020,12
"Townsville-Brisbane","Townsville","Brisbane","QantasLink","Dec-20",2,2,0,2,1,0,1,2020,12
"Townsville-Cairns","Townsville","Cairns","QantasLink","Dec-20",88,88,0,72,74,16,14,2020,12
"Wagga Wagga-Sydney","Wagga Wagga","Sydney","QantasLink","Dec-20",81,80,1,70,70,10,10,2020,12
"Adelaide-Port Lincoln","Adelaide","Port Lincoln","Regional Express","Dec-20",106,106,0,97,96,9,10,2020,12
"Albury-Sydney","Albury","Sydney","Regional Express","Dec-20",40,34,6,33,32,1,2,2020,12
"Armidale-Sydney","Armidale","Sydney","Regional Express","Dec-20",10,10,0,9,9,1,1,2020,12
"Ballina-Sydney","Ballina","Sydney","Regional Express","Dec-20",10,9,1,9,9,0,0,2020,12
"Cairns-Townsville","Cairns","Townsville","Regional Express","Dec-20",15,15,0,14,14,1,1,2020,12
"Dubbo-Sydney","Dubbo","Sydney","Regional Express","Dec-20",48,46,2,41,42,5,4,2020,12
"Melbourne-Mildura","Melbourne","Mildura","Regional Express","Dec-20",32,31,1,28,27,3,4,2020,12
"Mildura-Melbourne","Mildura","Melbourne","Regional Express","Dec-20",32,31,1,28,29,3,2,2020,12
"Port Lincoln-Adelaide","Port Lincoln","Adelaide","Regional Express","Dec-20",106,106,0,92,95,14,11,2020,12
"Sydney-Albury","Sydney","Albury","Regional Express","Dec-20",37,34,3,33,34,1,0,2020,12
"Sydney-Armidale","Sydney","Armidale","Regional Express","Dec-20",10,10,0,9,9,1,1,2020,12
"Sydney-Ballina","Sydney","Ballina","Regional Express","Dec-20",10,9,1,9,9,0,0,2020,12
"Sydney-Dubbo","Sydney","Dubbo","Regional Express","Dec-20",46,44,2,42,42,2,2,2020,12
"Sydney-Wagga Wagga","Sydney","Wagga Wagga","Regional Express","Dec-20",32,31,1,30,30,1,1,2020,12
"Townsville-Cairns","Townsville","Cairns","Regional Express","Dec-20",15,15,0,15,15,0,0,2020,12
"Wagga Wagga-Sydney","Wagga Wagga","Sydney","Regional Express","Dec-20",32,31,1,29,29,2,2,2020,12
"Adelaide-Alice Springs","Adelaide","Alice Springs","Virgin Australia","Dec-20",13,13,0,10,9,3,4,2020,12
"Adelaide-Brisbane","Adelaide","Brisbane","Virgin Australia","Dec-20",70,60,10,46,49,14,11,2020,12
"Adelaide-Canberra","Adelaide","Canberra","Virgin Australia","Dec-20",12,12,0,10,10,2,2,2020,12
"Adelaide-Gold Coast","Adelaide","Gold Coast","Virgin Australia","Dec-20",22,22,0,22,20,0,2,2020,12
"Adelaide-Melbourne","Adelaide","Melbourne","Virgin Australia","Dec-20",78,77,1,62,68,15,9,2020,12
"Adelaide-Perth","Adelaide","Perth","Virgin Australia","Dec-20",24,23,1,19,16,4,7,2020,12
"Adelaide-Sydney","Adelaide","Sydney","Virgin Australia","Dec-20",82,62,20,49,55,13,7,2020,12
"Alice Springs-Adelaide","Alice Springs","Adelaide","Virgin Australia","Dec-20",13,13,0,10,12,3,1,2020,12
"Ballina-Sydney","Ballina","Sydney","Virgin Australia","Dec-20",48,48,0,38,42,10,6,2020,12
"Brisbane-Adelaide","Brisbane","Adelaide","Virgin Australia","Dec-20",72,62,10,51,56,11,6,2020,12
"Brisbane-Cairns","Brisbane","Cairns","Virgin Australia","Dec-20",99,99,0,56,59,43,40,2020,12
"Brisbane-Canberra","Brisbane","Canberra","Virgin Australia","Dec-20",57,57,0,46,50,11,7,2020,12
"Brisbane-Darwin","Brisbane","Darwin","Virgin Australia","Dec-20",27,27,0,20,23,7,4,2020,12
"Brisbane-Emerald","Brisbane","Emerald","Virgin Australia","Dec-20",22,22,0,21,22,1,0,2020,12
"Brisbane-Gladstone","Brisbane","Gladstone","Virgin Australia","Dec-20",48,48,0,42,40,6,8,2020,12
"Brisbane-Hamilton Island","Brisbane","Hamilton Island","Virgin Australia","Dec-20",53,53,0,46,48,7,5,2020,12
"Brisbane-Hobart","Brisbane","Hobart","Virgin Australia","Dec-20",38,38,0,26,32,12,6,2020,12
"Brisbane-Mackay","Brisbane","Mackay","Virgin Australia","Dec-20",76,76,0,54,57,22,19,2020,12
"Brisbane-Melbourne","Brisbane","Melbourne","Virgin Australia","Dec-20",138,138,0,91,99,47,39,2020,12
"Brisbane-Mount Isa","Brisbane","Mount Isa","Virgin Australia","Dec-20",13,12,1,10,10,2,2,2020,12
"Brisbane-Newcastle","Brisbane","Newcastle","Virgin Australia","Dec-20",47,46,1,41,41,5,5,2020,12
"Brisbane-Perth","Brisbane","Perth","Virgin Australia","Dec-20",50,50,0,32,31,18,19,2020,12
"Brisbane-Proserpine","Brisbane","Proserpine","Virgin Australia","Dec-20",32,32,0,23,22,9,10,2020,12
"Brisbane-Rockhampton","Brisbane","Rockhampton","Virgin Australia","Dec-20",76,74,2,52,47,22,27,2020,12
"Brisbane-Sydney","Brisbane","Sydney","Virgin Australia","Dec-20",191,147,44,110,127,37,20,2020,12
"Brisbane-Townsville","Brisbane","Townsville","Virgin Australia","Dec-20",80,80,0,56,58,24,22,2020,12
"Broome-Perth","Broome","Perth","Virgin Australia","Dec-20",39,39,0,37,38,2,1,2020,12
"Cairns-Brisbane","Cairns","Brisbane","Virgin Australia","Dec-20",99,99,0,69,77,30,22,2020,12
"Cairns-Melbourne","Cairns","Melbourne","Virgin Australia","Dec-20",20,19,1,16,16,3,3,2020,12
"Cairns-Sydney","Cairns","Sydney","Virgin Australia","Dec-20",22,17,5,16,16,1,1,2020,12
"Canberra-Adelaide","Canberra","Adelaide","Virgin Australia","Dec-20",12,12,0,5,4,7,8,2020,12
"Canberra-Brisbane","Canberra","Brisbane","Virgin Australia","Dec-20",57,57,0,32,38,25,19,2020,12
"Canberra-Melbourne","Canberra","Melbourne","Virgin Australia","Dec-20",43,43,0,31,32,12,11,2020,12
"Coffs Harbour-Sydney","Coffs Harbour","Sydney","Virgin Australia","Dec-20",15,15,0,11,14,4,1,2020,12
"Darwin-Brisbane","Darwin","Brisbane","Virgin Australia","Dec-20",27,27,0,13,21,14,6,2020,12
"Darwin-Perth","Darwin","Perth","Virgin Australia","Dec-20",9,9,0,2,4,7,5,2020,12
"Emerald-Brisbane","Emerald","Brisbane","Virgin Australia","Dec-20",22,22,0,22,22,0,0,2020,12
"Gladstone-Brisbane","Gladstone","Brisbane","Virgin Australia","Dec-20",48,48,0,41,41,7,7,2020,12
"Gold Coast-Adelaide","Gold Coast","Adelaide","Virgin Australia","Dec-20",22,22,0,19,19,3,3,2020,12
"Gold Coast-Melbourne","Gold Coast","Melbourne","Virgin Australia","Dec-20",93,93,0,56,65,37,28,2020,12
"Gold Coast-Sydney","Gold Coast","Sydney","Virgin Australia","Dec-20",115,82,33,43,58,39,24,2020,12
"Hamilton Island-Brisbane","Hamilton Island","Brisbane","Virgin Australia","Dec-20",53,53,0,45,47,8,6,2020,12
"Hamilton Island-Sydney","Hamilton Island","Sydney","Virgin Australia","Dec-20",18,16,2,16,16,0,0,2020,12
"Hobart-Brisbane","Hobart","Brisbane","Virgin Australia","Dec-20",38,38,0,30,28,8,10,2020,12
"Hobart-Melbourne","Hobart","Melbourne","Virgin Australia","Dec-20",45,44,1,39,39,5,5,2020,12
"Hobart-Sydney","Hobart","Sydney","Virgin Australia","Dec-20",46,34,12,29,29,5,5,2020,12
"Kalgoorlie-Perth","Kalgoorlie","Perth","Virgin Australia","Dec-20",40,40,0,34,33,6,7,2020,12
"Karratha-Perth","Karratha","Perth","Virgin Australia","Dec-20",44,44,0,28,33,16,11,2020,12
"Launceston-Melbourne","Launceston","Melbourne","Virgin Australia","Dec-20",35,34,1,29,29,5,5,2020,12
"Launceston-Sydney","Launceston","Sydney","Virgin Australia","Dec-20",29,21,8,17,17,4,4,2020,12
"Mackay-Brisbane","Mackay","Brisbane","Virgin Australia","Dec-20",75,75,0,55,62,20,13,2020,12
"Melbourne-Adelaide","Melbourne","Adelaide","Virgin Australia","Dec-20",79,78,1,65,64,13,14,2020,12
"Melbourne-Brisbane","Melbourne","Brisbane","Virgin Australia","Dec-20",134,134,0,100,102,34,32,2020,12
"Melbourne-Cairns","Melbourne","Cairns","Virgin Australia","Dec-20",20,19,1,15,17,4,2,2020,12
"Melbourne-Canberra","Melbourne","Canberra","Virgin Australia","Dec-20",44,44,0,30,32,14,12,2020,12
"Melbourne-Gold Coast","Melbourne","Gold Coast","Virgin Australia","Dec-20",93,93,0,78,78,15,15,2020,12
"Melbourne-Hobart","Melbourne","Hobart","Virgin Australia","Dec-20",45,44,1,36,39,8,5,2020,12
"Melbourne-Launceston","Melbourne","Launceston","Virgin Australia","Dec-20",35,34,1,27,27,7,7,2020,12
"Melbourne-Newcastle","Melbourne","Newcastle","Virgin Australia","Dec-20",18,18,0,17,17,1,1,2020,12
"Melbourne-Perth","Melbourne","Perth","Virgin Australia","Dec-20",44,44,0,38,38,6,6,2020,12
"Melbourne-Sunshine Coast","Melbourne","Sunshine Coast","Virgin Australia","Dec-20",27,27,0,24,25,3,2,2020,12
"Melbourne-Sydney","Melbourne","Sydney","Virgin Australia","Dec-20",256,165,91,152,157,13,8,2020,12
"Mount Isa-Brisbane","Mount Isa","Brisbane","Virgin Australia","Dec-20",13,12,1,7,5,5,7,2020,12
"Newcastle-Brisbane","Newcastle","Brisbane","Virgin Australia","Dec-20",47,47,0,45,47,2,0,2020,12
"Newcastle-Melbourne","Newcastle","Melbourne","Virgin Australia","Dec-20",18,18,0,17,17,1,1,2020,12
"Newman-Perth","Newman","Perth","Virgin Australia","Dec-20",47,47,0,36,39,11,8,2020,12
"Perth-Adelaide","Perth","Adelaide","Virgin Australia","Dec-20",24,23,1,19,19,4,4,2020,12
"Perth-Brisbane","Perth","Brisbane","Virgin Australia","Dec-20",51,51,0,29,43,22,8,2020,12
"Perth-Broome","Perth","Broome","Virgin Australia","Dec-20",39,39,0,34,38,5,1,2020,12
"Perth-Darwin","Perth","Darwin","Virgin Australia","Dec-20",9,9,0,5,5,4,4,2020,12
"Perth-Kalgoorlie","Perth","Kalgoorlie","Virgin Australia","Dec-20",40,40,0,33,34,7,6,2020,12
"Perth-Karratha","Perth","Karratha","Virgin Australia","Dec-20",44,44,0,39,39,5,5,2020,12
"Perth-Melbourne","Perth","Melbourne","Virgin Australia","Dec-20",43,43,0,24,32,19,11,2020,12
"Perth-Newman","Perth","Newman","Virgin Australia","Dec-20",46,46,0,46,46,0,0,2020,12
"Perth-Port Hedland","Perth","Port Hedland","Virgin Australia","Dec-20",15,14,1,14,14,0,0,2020,12
"Perth-Sydney","Perth","Sydney","Virgin Australia","Dec-20",40,28,12,10,19,18,9,2020,12
"Port Hedland-Perth","Port Hedland","Perth","Virgin Australia","Dec-20",15,14,1,7,8,7,6,2020,12
"Proserpine-Brisbane","Proserpine","Brisbane","Virgin Australia","Dec-20",32,32,0,20,21,12,11,2020,12
"Rockhampton-Brisbane","Rockhampton","Brisbane","Virgin Australia","Dec-20",75,73,2,49,57,24,16,2020,12
"Sunshine Coast-Melbourne","Sunshine Coast","Melbourne","Virgin Australia","Dec-20",27,27,0,20,20,7,7,2020,12
"Sunshine Coast-Sydney","Sunshine Coast","Sydney","Virgin Australia","Dec-20",35,26,9,23,23,3,3,2020,12
"Sydney-Adelaide","Sydney","Adelaide","Virgin Australia","Dec-20",80,62,18,52,52,10,10,2020,12
"Sydney-Ballina","Sydney","Ballina","Virgin Australia","Dec-20",48,48,0,41,41,7,7,2020,12
"Sydney-Brisbane","Sydney","Brisbane","Virgin Australia","Dec-20",191,148,43,135,130,13,18,2020,12
"Sydney-Cairns","Sydney","Cairns","Virgin Australia","Dec-20",22,18,4,17,17,1,1,2020,12
"Sydney-Coffs Harbour","Sydney","Coffs Harbour","Virgin Australia","Dec-20",15,15,0,12,12,3,3,2020,12
"Sydney-Gold Coast","Sydney","Gold Coast","Virgin Australia","Dec-20",117,82,35,67,60,15,22,2020,12
"Sydney-Hamilton Island","Sydney","Hamilton Island","Virgin Australia","Dec-20",18,16,2,15,15,1,1,2020,12
"Sydney-Hobart","Sydney","Hobart","Virgin Australia","Dec-20",46,34,12,27,28,7,6,2020,12
"Sydney-Launceston","Sydney","Launceston","Virgin Australia","Dec-20",29,21,8,16,17,5,4,2020,12
"Sydney-Melbourne","Sydney","Melbourne","Virgin Australia","Dec-20",254,164,90,145,152,19,12,2020,12
"Sydney-Perth","Sydney","Perth","Virgin Australia","Dec-20",39,28,11,25,20,3,8,2020,12
"Sydney-Sunshine Coast","Sydney","Sunshine Coast","Virgin Australia","Dec-20",35,26,9,25,24,1,2,2020,12
"Townsville-Brisbane","Townsville","Brisbane","Virgin Australia","Dec-20",80,80,0,61,67,19,13,2020,12
"Broome-Perth","Broome","Perth","Virgin Australia Regional Airlines","Dec-20",1,1,0,1,1,0,0,2020,12
"Kalgoorlie-Perth","Kalgoorlie","Perth","Virgin Australia Regional Airlines","Dec-20",16,15,1,11,12,4,3,2020,12
"Karratha-Perth","Karratha","Perth","Virgin Australia Regional Airlines","Dec-20",9,9,0,7,7,2,2,2020,12
"Newman-Perth","Newman","Perth","Virgin Australia Regional Airlines","Dec-20",13,13,0,10,11,3,2,2020,12
"Perth-Broome","Perth","Broome","Virgin Australia Regional Airlines","Dec-20",1,1,0,1,1,0,0,2020,12
"Perth-Kalgoorlie","Perth","Kalgoorlie","Virgin Australia Regional Airlines","Dec-20",16,15,1,12,12,3,3,2020,12
"Perth-Karratha","Perth","Karratha","Virgin Australia Regional Airlines","Dec-20",9,9,0,7,7,2,2,2020,12
"Perth-Newman","Perth","Newman","Virgin Australia Regional Airlines","Dec-20",13,13,0,13,13,0,0,2020,12
"Perth-Port Hedland","Perth","Port Hedland","Virgin Australia Regional Airlines","Dec-20",35,35,0,33,33,2,2,2020,12
"Port Hedland-Perth","Port Hedland","Perth","Virgin Australia Regional Airlines","Dec-20",35,35,0,24,22,11,13,2020,12
"Adelaide-Alice Springs","Adelaide","Alice Springs","All Airlines","Dec-20",42,40,2,33,29,7,11,2020,12
"Adelaide-Brisbane","Adelaide","Brisbane","All Airlines","Dec-20",156,138,18,112,115,26,23,2020,12
"Adelaide-Canberra","Adelaide","Canberra","All Airlines","Dec-20",51,49,2,42,44,7,5,2020,12
"Adelaide-Gold Coast","Adelaide","Gold Coast","All Airlines","Dec-20",48,47,1,42,38,5,9,2020,12
"Adelaide-Melbourne","Adelaide","Melbourne","All Airlines","Dec-20",267,251,16,208,221,43,30,2020,12
"Adelaide-Perth","Adelaide","Perth","All Airlines","Dec-20",60,53,7,46,41,7,12,2020,12
"Adelaide-Port Lincoln","Adelaide","Port Lincoln","All Airlines","Dec-20",173,173,0,158,156,15,17,2020,12
"Adelaide-Sydney","Adelaide","Sydney","All Airlines","Dec-20",303,226,77,190,201,36,25,2020,12
"Albury-Sydney","Albury","Sydney","All Airlines","Dec-20",119,113,6,100,103,13,10,2020,12
"Alice Springs-Adelaide","Alice Springs","Adelaide","All Airlines","Dec-20",42,40,2,25,29,15,11,2020,12
"Armidale-Sydney","Armidale","Sydney","All Airlines","Dec-20",69,64,5,52,56,12,8,2020,12
"Ballina-Sydney","Ballina","Sydney","All Airlines","Dec-20",266,252,14,213,217,39,35,2020,12
"Brisbane-Adelaide","Brisbane","Adelaide","All Airlines","Dec-20",157,139,18,119,120,20,19,2020,12
"Brisbane-Cairns","Brisbane","Cairns","All Airlines","Dec-20",323,322,1,221,230,101,92,2020,12
"Brisbane-Canberra","Brisbane","Canberra","All Airlines","Dec-20",194,192,2,157,171,35,21,2020,12
"Brisbane-Darwin","Brisbane","Darwin","All Airlines","Dec-20",89,89,0,73,72,16,17,2020,12
"Brisbane-Emerald","Brisbane","Emerald","All Airlines","Dec-20",138,138,0,130,131,8,7,2020,12
"Brisbane-Gladstone","Brisbane","Gladstone","All Airlines","Dec-20",137,137,0,122,120,15,17,2020,12
"Brisbane-Hamilton Island","Brisbane","Hamilton Island","All Airlines","Dec-20",105,105,0,93,96,12,9,2020,12
"Brisbane-Hobart","Brisbane","Hobart","All Airlines","Dec-20",108,108,0,91,99,17,9,2020,12
"Brisbane-Mackay","Brisbane","Mackay","All Airlines","Dec-20",223,221,2,169,178,52,43,2020,12
"Brisbane-Melbourne","Brisbane","Melbourne","All Airlines","Dec-20",485,470,15,374,363,96,107,2020,12
"Brisbane-Mount Isa","Brisbane","Mount Isa","All Airlines","Dec-20",61,60,1,52,55,8,5,2020,12
"Brisbane-Newcastle","Brisbane","Newcastle","All Airlines","Dec-20",173,165,8,144,146,21,19,2020,12
"Brisbane-Perth","Brisbane","Perth","All Airlines","Dec-20",154,154,0,120,93,34,61,2020,12
"Brisbane-Proserpine","Brisbane","Proserpine","All Airlines","Dec-20",72,72,0,56,52,16,20,2020,12
"Brisbane-Rockhampton","Brisbane","Rockhampton","All Airlines","Dec-20",223,221,2,186,172,35,49,2020,12
"Brisbane-Sydney","Brisbane","Sydney","All Airlines","Dec-20",711,540,171,437,455,103,85,2020,12
"Brisbane-Townsville","Brisbane","Townsville","All Airlines","Dec-20",244,243,1,198,193,45,50,2020,12
"Broome-Perth","Broome","Perth","All Airlines","Dec-20",144,144,0,121,121,23,23,2020,12
"Cairns-Brisbane","Cairns","Brisbane","All Airlines","Dec-20",321,320,1,250,248,70,72,2020,12
"Cairns-Melbourne","Cairns","Melbourne","All Airlines","Dec-20",87,86,1,59,59,27,27,2020,12
"Cairns-Sydney","Cairns","Sydney","All Airlines","Dec-20",130,100,30,89,89,11,11,2020,12
"Cairns-Townsville","Cairns","Townsville","All Airlines","Dec-20",104,104,0,94,95,10,9,2020,12
"Canberra-Adelaide","Canberra","Adelaide","All Airlines","Dec-20",51,49,2,39,34,10,15,2020,12
"Canberra-Brisbane","Canberra","Brisbane","All Airlines","Dec-20",193,192,1,145,156,47,36,2020,12
"Canberra-Melbourne","Canberra","Melbourne","All Airlines","Dec-20",158,145,13,120,114,25,31,2020,12
"Coffs Harbour-Sydney","Coffs Harbour","Sydney","All Airlines","Dec-20",100,99,1,86,91,13,8,2020,12
"Darwin-Brisbane","Darwin","Brisbane","All Airlines","Dec-20",90,89,1,53,52,36,37,2020,12
"Darwin-Perth","Darwin","Perth","All Airlines","Dec-20",23,23,0,9,11,14,12,2020,12
"Dubbo-Sydney","Dubbo","Sydney","All Airlines","Dec-20",124,121,3,105,110,16,11,2020,12
"Emerald-Brisbane","Emerald","Brisbane","All Airlines","Dec-20",138,136,2,133,132,3,4,2020,12
"Gladstone-Brisbane","Gladstone","Brisbane","All Airlines","Dec-20",136,135,1,113,115,22,20,2020,12
"Gold Coast-Adelaide","Gold Coast","Adelaide","All Airlines","Dec-20",47,46,1,37,38,9,8,2020,12
"Gold Coast-Melbourne","Gold Coast","Melbourne","All Airlines","Dec-20",252,252,0,170,189,82,63,2020,12
"Gold Coast-Sydney","Gold Coast","Sydney","All Airlines","Dec-20",306,227,79,156,182,71,45,2020,12
"Hamilton Island-Brisbane","Hamilton Island","Brisbane","All Airlines","Dec-20",105,105,0,96,96,9,9,2020,12
"Hamilton Island-Sydney","Hamilton Island","Sydney","All Airlines","Dec-20",45,38,7,36,35,2,3,2020,12
"Hobart-Brisbane","Hobart","Brisbane","All Airlines","Dec-20",108,108,0,95,89,13,19,2020,12
"Hobart-Melbourne","Hobart","Melbourne","All Airlines","Dec-20",242,235,7,187,194,48,41,2020,12
"Hobart-Sydney","Hobart","Sydney","All Airlines","Dec-20",215,172,43,148,148,24,24,2020,12
"Kalgoorlie-Perth","Kalgoorlie","Perth","All Airlines","Dec-20",121,116,5,99,101,17,15,2020,12
"Karratha-Perth","Karratha","Perth","All Airlines","Dec-20",194,186,8,141,152,45,34,2020,12
"Launceston-Melbourne","Launceston","Melbourne","All Airlines","Dec-20",190,187,3,155,163,32,24,2020,12
"Launceston-Sydney","Launceston","Sydney","All Airlines","Dec-20",119,92,27,72,71,20,21,2020,12
"Mackay-Brisbane","Mackay","Brisbane","All Airlines","Dec-20",222,218,4,180,187,38,31,2020,12
"Melbourne-Adelaide","Melbourne","Adelaide","All Airlines","Dec-20",267,252,15,211,213,41,39,2020,12
"Melbourne-Brisbane","Melbourne","Brisbane","All Airlines","Dec-20",481,468,13,351,337,117,131,2020,12
"Melbourne-Cairns","Melbourne","Cairns","All Airlines","Dec-20",87,86,1,59,65,27,21,2020,12
"Melbourne-Canberra","Melbourne","Canberra","All Airlines","Dec-20",158,146,12,117,116,29,30,2020,12
"Melbourne-Gold Coast","Melbourne","Gold Coast","All Airlines","Dec-20",251,251,0,190,202,61,49,2020,12
"Melbourne-Hobart","Melbourne","Hobart","All Airlines","Dec-20",242,237,5,180,185,57,52,2020,12
"Melbourne-Launceston","Melbourne","Launceston","All Airlines","Dec-20",190,187,3,159,161,28,26,2020,12
"Melbourne-Mildura","Melbourne","Mildura","All Airlines","Dec-20",82,81,1,69,70,12,11,2020,12
"Melbourne-Newcastle","Melbourne","Newcastle","All Airlines","Dec-20",118,104,14,83,84,21,20,2020,12
"Melbourne-Perth","Melbourne","Perth","All Airlines","Dec-20",149,148,1,113,95,35,53,2020,12
"Melbourne-Sunshine Coast","Melbourne","Sunshine Coast","All Airlines","Dec-20",89,88,1,67,67,21,21,2020,12
"Melbourne-Sydney","Melbourne","Sydney","All Airlines","Dec-20",1241,806,435,727,751,79,55,2020,12
"Mildura-Melbourne","Mildura","Melbourne","All Airlines","Dec-20",82,81,1,60,64,21,17,2020,12
"Mount Isa-Brisbane","Mount Isa","Brisbane","All Airlines","Dec-20",61,59,2,52,51,7,8,2020,12
"Newcastle-Brisbane","Newcastle","Brisbane","All Airlines","Dec-20",174,167,7,140,142,27,25,2020,12
"Newcastle-Melbourne","Newcastle","Melbourne","All Airlines","Dec-20",118,102,16,82,86,20,16,2020,12
"Newman-Perth","Newman","Perth","All Airlines","Dec-20",181,171,10,137,137,34,34,2020,12
"Perth-Adelaide","Perth","Adelaide","All Airlines","Dec-20",59,53,6,43,43,10,10,2020,12
"Perth-Brisbane","Perth","Brisbane","All Airlines","Dec-20",154,154,0,118,118,36,36,2020,12
"Perth-Broome","Perth","Broome","All Airlines","Dec-20",144,144,0,125,114,19,30,2020,12
"Perth-Darwin","Perth","Darwin","All Airlines","Dec-20",23,23,0,18,17,5,6,2020,12
"Perth-Kalgoorlie","Perth","Kalgoorlie","All Airlines","Dec-20",121,117,4,102,102,15,15,2020,12
"Perth-Karratha","Perth","Karratha","All Airlines","Dec-20",194,188,6,165,152,23,36,2020,12
"Perth-Melbourne","Perth","Melbourne","All Airlines","Dec-20",145,145,0,89,107,56,38,2020,12
"Perth-Newman","Perth","Newman","All Airlines","Dec-20",181,173,8,163,159,10,14,2020,12
"Perth-Port Hedland","Perth","Port Hedland","All Airlines","Dec-20",167,160,7,149,139,11,21,2020,12
"Perth-Sydney","Perth","Sydney","All Airlines","Dec-20",149,100,49,50,61,50,39,2020,12
"Port Hedland-Perth","Port Hedland","Perth","All Airlines","Dec-20",168,160,8,113,99,47,61,2020,12
"Port Lincoln-Adelaide","Port Lincoln","Adelaide","All Airlines","Dec-20",173,173,0,150,154,23,19,2020,12
"Proserpine-Brisbane","Proserpine","Brisbane","All Airlines","Dec-20",73,72,1,49,50,23,22,2020,12
"Rockhampton-Brisbane","Rockhampton","Brisbane","All Airlines","Dec-20",222,217,5,153,156,64,61,2020,12
"Sunshine Coast-Melbourne","Sunshine Coast","Melbourne","All Airlines","Dec-20",89,88,1,62,62,26,26,2020,12
"Sunshine Coast-Sydney","Sunshine Coast","Sydney","All Airlines","Dec-20",116,87,29,72,74,15,13,2020,12
"Sydney-Adelaide","Sydney","Adelaide","All Airlines","Dec-20",302,230,72,189,175,41,55,2020,12
"Sydney-Albury","Sydney","Albury","All Airlines","Dec-20",116,113,3,97,107,16,6,2020,12
"Sydney-Armidale","Sydney","Armidale","All Airlines","Dec-20",68,65,3,51,55,14,10,2020,12
"Sydney-Ballina","Sydney","Ballina","All Airlines","Dec-20",268,255,13,233,224,22,31,2020,12
"Sydney-Brisbane","Sydney","Brisbane","All Airlines","Dec-20",711,543,168,467,457,76,86,2020,12
"Sydney-Cairns","Sydney","Cairns","All Airlines","Dec-20",130,101,29,81,86,20,15,2020,12
"Sydney-Coffs Harbour","Sydney","Coffs Harbour","All Airlines","Dec-20",100,99,1,91,93,8,6,2020,12
"Sydney-Dubbo","Sydney","Dubbo","All Airlines","Dec-20",121,118,3,103,106,15,12,2020,12
"Sydney-Gold Coast","Sydney","Gold Coast","All Airlines","Dec-20",309,228,81,187,176,41,52,2020,12
"Sydney-Hamilton Island","Sydney","Hamilton Island","All Airlines","Dec-20",45,38,7,29,34,9,4,2020,12
"Sydney-Hobart","Sydney","Hobart","All Airlines","Dec-20",215,171,44,138,148,33,23,2020,12
"Sydney-Launceston","Sydney","Launceston","All Airlines","Dec-20",119,92,27,71,73,21,19,2020,12
"Sydney-Melbourne","Sydney","Melbourne","All Airlines","Dec-20",1243,808,435,705,708,103,100,2020,12
"Sydney-Perth","Sydney","Perth","All Airlines","Dec-20",147,99,48,63,49,36,50,2020,12
"Sydney-Sunshine Coast","Sydney","Sunshine Coast","All Airlines","Dec-20",115,86,29,76,74,10,12,2020,12
"Sydney-Wagga Wagga","Sydney","Wagga Wagga","All Airlines","Dec-20",113,111,2,97,99,14,12,2020,12
"Townsville-Brisbane","Townsville","Brisbane","All Airlines","Dec-20",244,241,3,204,199,37,42,2020,12
"Townsville-Cairns","Townsville","Cairns","All Airlines","Dec-20",103,103,0,87,89,16,14,2020,12
"Wagga Wagga-Sydney","Wagga Wagga","Sydney","All Airlines","Dec-20",113,111,2,99,99,12,12,2020,12
"Adelaide-Brisbane","Adelaide","Brisbane","Jetstar","Jan-21",30,30,0,28,29,2,1,2021,1
"Adelaide-Gold Coast","Adelaide","Gold Coast","Jetstar","Jan-21",31,31,0,29,28,2,3,2021,1
"Adelaide-Melbourne","Adelaide","Melbourne","Jetstar","Jan-21",84,83,1,72,76,11,7,2021,1
"Adelaide-Perth","Adelaide","Perth","Jetstar","Jan-21",22,22,0,20,21,2,1,2021,1
"Adelaide-Sydney","Adelaide","Sydney","Jetstar","Jan-21",40,21,19,19,20,2,1,2021,1
"Ballina-Sydney","Ballina","Sydney","Jetstar","Jan-21",101,100,1,96,97,4,3,2021,1
"Brisbane-Adelaide","Brisbane","Adelaide","Jetstar","Jan-21",30,30,0,26,27,4,3,2021,1
"Brisbane-Cairns","Brisbane","Cairns","Jetstar","Jan-21",103,94,9,72,73,22,21,2021,1
"Brisbane-Darwin","Brisbane","Darwin","Jetstar","Jan-21",25,25,0,22,22,3,3,2021,1
"Brisbane-Hobart","Brisbane","Hobart","Jetstar","Jan-21",46,46,0,44,44,2,2,2021,1
"Brisbane-Mackay","Brisbane","Mackay","Jetstar","Jan-21",31,31,0,24,26,7,5,2021,1
"Brisbane-Melbourne","Brisbane","Melbourne","Jetstar","Jan-21",146,93,53,70,77,23,16,2021,1
"Brisbane-Newcastle","Brisbane","Newcastle","Jetstar","Jan-21",64,55,9,45,44,10,11,2021,1
"Brisbane-Proserpine","Brisbane","Proserpine","Jetstar","Jan-21",42,41,1,37,33,4,8,2021,1
"Brisbane-Sydney","Brisbane","Sydney","Jetstar","Jan-21",53,21,32,13,18,8,3,2021,1
"Brisbane-Townsville","Brisbane","Townsville","Jetstar","Jan-21",60,60,0,53,51,7,9,2021,1
"Cairns-Brisbane","Cairns","Brisbane","Jetstar","Jan-21",104,95,9,80,77,15,18,2021,1
"Cairns-Melbourne","Cairns","Melbourne","Jetstar","Jan-21",61,61,0,49,50,12,11,2021,1
"Cairns-Sydney","Cairns","Sydney","Jetstar","Jan-21",19,12,7,10,11,2,1,2021,1
"Darwin-Brisbane","Darwin","Brisbane","Jetstar","Jan-21",25,25,0,18,14,7,11,2021,1
"Gold Coast-Adelaide","Gold Coast","Adelaide","Jetstar","Jan-21",31,31,0,29,30,2,1,2021,1
"Gold Coast-Melbourne","Gold Coast","Melbourne","Jetstar","Jan-21",182,182,0,158,163,24,19,2021,1
"Gold Coast-Sydney","Gold Coast","Sydney","Jetstar","Jan-21",23,6,17,6,6,0,0,2021,1
"Hobart-Brisbane","Hobart","Brisbane","Jetstar","Jan-21",45,45,0,42,41,3,4,2021,1
"Hobart-Melbourne","Hobart","Melbourne","Jetstar","Jan-21",196,179,17,156,162,23,17,2021,1
"Hobart-Sydney","Hobart","Sydney","Jetstar","Jan-21",31,13,18,11,13,2,0,2021,1
"Launceston-Melbourne","Launceston","Melbourne","Jetstar","Jan-21",139,122,17,105,109,17,13,2021,1
"Launceston-Sydney","Launceston","Sydney","Jetstar","Jan-21",16,13,3,11,12,2,1,2021,1
"Mackay-Brisbane","Mackay","Brisbane","Jetstar","Jan-21",31,31,0,27,28,4,3,2021,1
"Melbourne-Adelaide","Melbourne","Adelaide","Jetstar","Jan-21",85,84,1,74,77,10,7,2021,1
"Melbourne-Brisbane","Melbourne","Brisbane","Jetstar","Jan-21",144,91,53,74,76,17,15,2021,1
"Melbourne-Cairns","Melbourne","Cairns","Jetstar","Jan-21",61,61,0,53,51,8,10,2021,1
"Melbourne-Gold Coast","Melbourne","Gold Coast","Jetstar","Jan-21",183,183,0,160,161,23,22,2021,1
"Melbourne-Hobart","Melbourne","Hobart","Jetstar","Jan-21",194,177,17,160,161,17,16,2021,1
"Melbourne-Launceston","Melbourne","Launceston","Jetstar","Jan-21",137,121,16,108,108,13,13,2021,1
"Melbourne-Newcastle","Melbourne","Newcastle","Jetstar","Jan-21",44,28,16,25,25,3,3,2021,1
"Melbourne-Perth","Melbourne","Perth","Jetstar","Jan-21",19,4,15,3,4,1,0,2021,1
"Melbourne-Sunshine Coast","Melbourne","Sunshine Coast","Jetstar","Jan-21",83,83,0,72,70,11,13,2021,1
"Melbourne-Sydney","Melbourne","Sydney","Jetstar","Jan-21",61,39,22,32,34,7,5,2021,1
"Newcastle-Brisbane","Newcastle","Brisbane","Jetstar","Jan-21",64,55,9,43,42,12,13,2021,1
"Newcastle-Melbourne","Newcastle","Melbourne","Jetstar","Jan-21",43,26,17,21,22,5,4,2021,1
"Perth-Adelaide","Perth","Adelaide","Jetstar","Jan-21",22,22,0,17,17,5,5,2021,1
"Perth-Melbourne","Perth","Melbourne","Jetstar","Jan-21",20,5,15,2,2,3,3,2021,1
"Proserpine-Brisbane","Proserpine","Brisbane","Jetstar","Jan-21",42,41,1,35,34,6,7,2021,1
"Sunshine Coast-Melbourne","Sunshine Coast","Melbourne","Jetstar","Jan-21",84,82,2,64,67,18,15,2021,1
"Sydney-Adelaide","Sydney","Adelaide","Jetstar","Jan-21",40,21,19,17,19,4,2,2021,1
"Sydney-Ballina","Sydney","Ballina","Jetstar","Jan-21",101,100,1,96,97,4,3,2021,1
"Sydney-Brisbane","Sydney","Brisbane","Jetstar","Jan-21",53,21,32,16,17,5,4,2021,1
"Sydney-Cairns","Sydney","Cairns","Jetstar","Jan-21",19,13,6,10,11,3,2,2021,1
"Sydney-Gold Coast","Sydney","Gold Coast","Jetstar","Jan-21",23,6,17,6,6,0,0,2021,1
"Sydney-Hobart","Sydney","Hobart","Jetstar","Jan-21",31,13,18,12,12,1,1,2021,1
"Sydney-Launceston","Sydney","Launceston","Jetstar","Jan-21",23,13,10,12,11,1,2,2021,1
"Sydney-Melbourne","Sydney","Melbourne","Jetstar","Jan-21",60,39,21,25,30,14,9,2021,1
"Townsville-Brisbane","Townsville","Brisbane","Jetstar","Jan-21",60,60,0,50,49,10,11,2021,1
"Adelaide-Alice Springs","Adelaide","Alice Springs","Qantas","Jan-21",31,31,0,27,26,4,5,2021,1
"Adelaide-Brisbane","Adelaide","Brisbane","Qantas","Jan-21",100,93,7,85,84,8,9,2021,1
"Adelaide-Canberra","Adelaide","Canberra","Qantas","Jan-21",37,37,0,34,33,3,4,2021,1
"Adelaide-Melbourne","Adelaide","Melbourne","Qantas","Jan-21",99,99,0,95,95,4,4,2021,1
"Adelaide-Perth","Adelaide","Perth","Qantas","Jan-21",57,57,0,42,45,15,12,2021,1
"Adelaide-Sydney","Adelaide","Sydney","Qantas","Jan-21",47,42,5,38,39,4,3,2021,1
"Alice Springs-Adelaide","Alice Springs","Adelaide","Qantas","Jan-21",31,31,0,29,29,2,2,2021,1
"Ballina-Sydney","Ballina","Sydney","Qantas","Jan-21",42,42,0,40,41,2,1,2021,1
"Brisbane-Adelaide","Brisbane","Adelaide","Qantas","Jan-21",100,93,7,83,86,10,7,2021,1
"Brisbane-Cairns","Brisbane","Cairns","Qantas","Jan-21",120,117,3,110,107,7,10,2021,1
"Brisbane-Canberra","Brisbane","Canberra","Qantas","Jan-21",18,17,1,17,17,0,0,2021,1
"Brisbane-Darwin","Brisbane","Darwin","Qantas","Jan-21",33,33,0,33,28,0,5,2021,1
"Brisbane-Hamilton Island","Brisbane","Hamilton Island","Qantas","Jan-21",38,37,1,33,29,4,8,2021,1
"Brisbane-Mackay","Brisbane","Mackay","Qantas","Jan-21",68,65,3,64,63,1,2,2021,1
"Brisbane-Melbourne","Brisbane","Melbourne","Qantas","Jan-21",266,215,51,203,196,12,19,2021,1
"Brisbane-Mount Isa","Brisbane","Mount Isa","Qantas","Jan-21",29,29,0,29,29,0,0,2021,1
"Brisbane-Perth","Brisbane","Perth","Qantas","Jan-21",83,74,9,69,61,5,13,2021,1
"Brisbane-Sydney","Brisbane","Sydney","Qantas","Jan-21",106,89,17,79,77,10,12,2021,1
"Brisbane-Townsville","Brisbane","Townsville","Qantas","Jan-21",108,93,15,90,84,3,9,2021,1
"Broome-Perth","Broome","Perth","Qantas","Jan-21",8,7,1,6,6,1,1,2021,1
"Cairns-Brisbane","Cairns","Brisbane","Qantas","Jan-21",120,117,3,106,102,11,15,2021,1
"Cairns-Melbourne","Cairns","Melbourne","Qantas","Jan-21",30,30,0,22,27,8,3,2021,1
"Cairns-Sydney","Cairns","Sydney","Qantas","Jan-21",24,19,5,19,19,0,0,2021,1
"Canberra-Adelaide","Canberra","Adelaide","Qantas","Jan-21",37,37,0,31,31,6,6,2021,1
"Canberra-Brisbane","Canberra","Brisbane","Qantas","Jan-21",18,17,1,17,17,0,0,2021,1
"Canberra-Melbourne","Canberra","Melbourne","Qantas","Jan-21",4,3,1,3,3,0,0,2021,1
"Darwin-Brisbane","Darwin","Brisbane","Qantas","Jan-21",33,33,0,30,29,3,4,2021,1
"Darwin-Perth","Darwin","Perth","Qantas","Jan-21",21,21,0,20,19,1,2,2021,1
"Gold Coast-Melbourne","Gold Coast","Melbourne","Qantas","Jan-21",73,73,0,64,63,9,10,2021,1
"Gold Coast-Sydney","Gold Coast","Sydney","Qantas","Jan-21",29,26,3,24,24,2,2,2021,1
"Hamilton Island-Brisbane","Hamilton Island","Brisbane","Qantas","Jan-21",39,38,1,32,31,6,7,2021,1
"Hamilton Island-Sydney","Hamilton Island","Sydney","Qantas","Jan-21",13,5,8,5,5,0,0,2021,1
"Hobart-Sydney","Hobart","Sydney","Qantas","Jan-21",5,4,1,4,4,0,0,2021,1
"Kalgoorlie-Perth","Kalgoorlie","Perth","Qantas","Jan-21",7,7,0,7,7,0,0,2021,1
"Karratha-Perth","Karratha","Perth","Qantas","Jan-21",30,28,2,26,26,2,2,2021,1
"Mackay-Brisbane","Mackay","Brisbane","Qantas","Jan-21",68,64,4,62,62,2,2,2021,1
"Melbourne-Adelaide","Melbourne","Adelaide","Qantas","Jan-21",101,101,0,91,88,10,13,2021,1
"Melbourne-Brisbane","Melbourne","Brisbane","Qantas","Jan-21",262,209,53,195,181,14,28,2021,1
"Melbourne-Cairns","Melbourne","Cairns","Qantas","Jan-21",30,30,0,29,26,1,4,2021,1
"Melbourne-Canberra","Melbourne","Canberra","Qantas","Jan-21",4,3,1,3,3,0,0,2021,1
"Melbourne-Gold Coast","Melbourne","Gold Coast","Qantas","Jan-21",72,72,0,69,68,3,4,2021,1
"Melbourne-Perth","Melbourne","Perth","Qantas","Jan-21",73,60,13,51,45,9,15,2021,1
"Melbourne-Sydney","Melbourne","Sydney","Qantas","Jan-21",128,104,24,85,87,19,17,2021,1
"Mount Isa-Brisbane","Mount Isa","Brisbane","Qantas","Jan-21",29,29,0,29,29,0,0,2021,1
"Newman-Perth","Newman","Perth","Qantas","Jan-21",41,37,4,32,33,5,4,2021,1
"Perth-Adelaide","Perth","Adelaide","Qantas","Jan-21",57,57,0,51,44,6,13,2021,1
"Perth-Brisbane","Perth","Brisbane","Qantas","Jan-21",82,72,10,64,56,8,16,2021,1
"Perth-Broome","Perth","Broome","Qantas","Jan-21",8,7,1,6,6,1,1,2021,1
"Perth-Darwin","Perth","Darwin","Qantas","Jan-21",21,21,0,19,18,2,3,2021,1
"Perth-Kalgoorlie","Perth","Kalgoorlie","Qantas","Jan-21",7,7,0,7,7,0,0,2021,1
"Perth-Karratha","Perth","Karratha","Qantas","Jan-21",30,28,2,27,27,1,1,2021,1
"Perth-Melbourne","Perth","Melbourne","Qantas","Jan-21",73,61,12,41,29,20,32,2021,1
"Perth-Newman","Perth","Newman","Qantas","Jan-21",41,37,4,36,36,1,1,2021,1
"Perth-Port Hedland","Perth","Port Hedland","Qantas","Jan-21",52,51,1,49,50,2,1,2021,1
"Perth-Sydney","Perth","Sydney","Qantas","Jan-21",25,25,0,17,16,8,9,2021,1
"Port Hedland-Perth","Port Hedland","Perth","Qantas","Jan-21",52,50,2,43,34,7,16,2021,1
"Sydney-Adelaide","Sydney","Adelaide","Qantas","Jan-21",47,42,5,41,41,1,1,2021,1
"Sydney-Ballina","Sydney","Ballina","Qantas","Jan-21",42,42,0,39,40,3,2,2021,1
"Sydney-Brisbane","Sydney","Brisbane","Qantas","Jan-21",106,89,17,84,81,5,8,2021,1
"Sydney-Cairns","Sydney","Cairns","Qantas","Jan-21",24,19,5,18,18,1,1,2021,1
"Sydney-Gold Coast","Sydney","Gold Coast","Qantas","Jan-21",29,26,3,25,25,1,1,2021,1
"Sydney-Hamilton Island","Sydney","Hamilton Island","Qantas","Jan-21",13,5,8,5,5,0,0,2021,1
"Sydney-Hobart","Sydney","Hobart","Qantas","Jan-21",5,4,1,4,4,0,0,2021,1
"Sydney-Melbourne","Sydney","Melbourne","Qantas","Jan-21",130,106,24,93,89,13,17,2021,1
"Sydney-Perth","Sydney","Perth","Qantas","Jan-21",26,26,0,23,19,3,7,2021,1
"Townsville-Brisbane","Townsville","Brisbane","Qantas","Jan-21",107,92,15,83,84,9,8,2021,1
"Adelaide-Canberra","Adelaide","Canberra","QantasLink","Jan-21",6,6,0,6,5,0,1,2021,1
"Adelaide-Port Lincoln","Adelaide","Port Lincoln","QantasLink","Jan-21",72,71,1,63,64,8,7,2021,1
"Albury-Sydney","Albury","Sydney","QantasLink","Jan-21",44,43,1,40,41,3,2,2021,1
"Armidale-Sydney","Armidale","Sydney","QantasLink","Jan-21",21,21,0,21,21,0,0,2021,1
"Ballina-Sydney","Ballina","Sydney","QantasLink","Jan-21",34,32,2,25,26,7,6,2021,1
"Brisbane-Cairns","Brisbane","Cairns","QantasLink","Jan-21",5,5,0,5,4,0,1,2021,1
"Brisbane-Canberra","Brisbane","Canberra","QantasLink","Jan-21",114,110,4,102,106,8,4,2021,1
"Brisbane-Emerald","Brisbane","Emerald","QantasLink","Jan-21",110,101,9,101,101,0,0,2021,1
"Brisbane-Gladstone","Brisbane","Gladstone","QantasLink","Jan-21",86,79,7,75,75,4,4,2021,1
"Brisbane-Hamilton Island","Brisbane","Hamilton Island","QantasLink","Jan-21",15,15,0,14,14,1,1,2021,1
"Brisbane-Hobart","Brisbane","Hobart","QantasLink","Jan-21",30,28,2,24,24,4,4,2021,1
"Brisbane-Mackay","Brisbane","Mackay","QantasLink","Jan-21",34,32,2,30,29,2,3,2021,1
"Brisbane-Mount Isa","Brisbane","Mount Isa","QantasLink","Jan-21",18,18,0,15,16,3,2,2021,1
"Brisbane-Newcastle","Brisbane","Newcastle","QantasLink","Jan-21",42,34,8,31,32,3,2,2021,1
"Brisbane-Rockhampton","Brisbane","Rockhampton","QantasLink","Jan-21",132,121,11,115,113,6,8,2021,1
"Broome-Perth","Broome","Perth","QantasLink","Jan-21",82,81,1,65,61,16,20,2021,1
"Cairns-Brisbane","Cairns","Brisbane","QantasLink","Jan-21",5,5,0,5,5,0,0,2021,1
"Cairns-Townsville","Cairns","Townsville","QantasLink","Jan-21",91,90,1,80,80,10,10,2021,1
"Canberra-Adelaide","Canberra","Adelaide","QantasLink","Jan-21",6,6,0,3,4,3,2,2021,1
"Canberra-Brisbane","Canberra","Brisbane","QantasLink","Jan-21",113,108,5,102,103,6,5,2021,1
"Canberra-Melbourne","Canberra","Melbourne","QantasLink","Jan-21",112,112,0,106,106,6,6,2021,1
"Coffs Harbour-Sydney","Coffs Harbour","Sydney","QantasLink","Jan-21",76,76,0,69,72,7,4,2021,1
"Dubbo-Sydney","Dubbo","Sydney","QantasLink","Jan-21",42,41,1,34,39,7,2,2021,1
"Emerald-Brisbane","Emerald","Brisbane","QantasLink","Jan-21",110,100,10,99,99,1,1,2021,1
"Gladstone-Brisbane","Gladstone","Brisbane","QantasLink","Jan-21",86,79,7,72,75,7,4,2021,1
"Hamilton Island-Brisbane","Hamilton Island","Brisbane","QantasLink","Jan-21",15,15,0,13,14,2,1,2021,1
"Hobart-Brisbane","Hobart","Brisbane","QantasLink","Jan-21",30,28,2,24,23,4,5,2021,1
"Hobart-Melbourne","Hobart","Melbourne","QantasLink","Jan-21",75,74,1,60,61,14,13,2021,1
"Hobart-Sydney","Hobart","Sydney","QantasLink","Jan-21",24,15,9,15,15,0,0,2021,1
"Kalgoorlie-Perth","Kalgoorlie","Perth","QantasLink","Jan-21",64,62,2,51,52,11,10,2021,1
"Karratha-Perth","Karratha","Perth","QantasLink","Jan-21",113,96,17,84,81,12,15,2021,1
"Launceston-Melbourne","Launceston","Melbourne","QantasLink","Jan-21",59,49,10,43,43,6,6,2021,1
"Launceston-Sydney","Launceston","Sydney","QantasLink","Jan-21",7,4,3,4,4,0,0,2021,1
"Mackay-Brisbane","Mackay","Brisbane","QantasLink","Jan-21",33,31,2,30,30,1,1,2021,1
"Melbourne-Canberra","Melbourne","Canberra","QantasLink","Jan-21",112,111,1,97,91,14,20,2021,1
"Melbourne-Hobart","Melbourne","Hobart","QantasLink","Jan-21",77,74,3,59,59,15,15,2021,1
"Melbourne-Launceston","Melbourne","Launceston","QantasLink","Jan-21",59,50,9,47,48,3,2,2021,1
"Melbourne-Mildura","Melbourne","Mildura","QantasLink","Jan-21",56,56,0,49,49,7,7,2021,1
"Melbourne-Sunshine Coast","Melbourne","Sunshine Coast","QantasLink","Jan-21",31,31,0,23,20,8,11,2021,1
"Mildura-Melbourne","Mildura","Melbourne","QantasLink","Jan-21",56,56,0,49,48,7,8,2021,1
"Mount Isa-Brisbane","Mount Isa","Brisbane","QantasLink","Jan-21",18,18,0,17,16,1,2,2021,1
"Newcastle-Brisbane","Newcastle","Brisbane","QantasLink","Jan-21",38,34,4,29,31,5,3,2021,1
"Newman-Perth","Newman","Perth","QantasLink","Jan-21",71,71,0,61,62,10,9,2021,1
"Perth-Broome","Perth","Broome","QantasLink","Jan-21",81,80,1,68,53,12,27,2021,1
"Perth-Kalgoorlie","Perth","Kalgoorlie","QantasLink","Jan-21",64,62,2,51,51,11,11,2021,1
"Perth-Karratha","Perth","Karratha","QantasLink","Jan-21",116,103,13,93,82,10,21,2021,1
"Perth-Newman","Perth","Newman","QantasLink","Jan-21",71,71,0,68,68,3,3,2021,1
"Perth-Port Hedland","Perth","Port Hedland","QantasLink","Jan-21",69,61,8,53,45,8,16,2021,1
"Port Hedland-Perth","Port Hedland","Perth","QantasLink","Jan-21",71,61,10,50,37,11,24,2021,1
"Port Lincoln-Adelaide","Port Lincoln","Adelaide","QantasLink","Jan-21",72,71,1,63,63,8,8,2021,1
"Rockhampton-Brisbane","Rockhampton","Brisbane","QantasLink","Jan-21",133,120,13,105,108,15,12,2021,1
"Sunshine Coast-Melbourne","Sunshine Coast","Melbourne","QantasLink","Jan-21",31,31,0,23,27,8,4,2021,1
"Sunshine Coast-Sydney","Sunshine Coast","Sydney","QantasLink","Jan-21",16,10,6,8,9,2,1,2021,1
"Sydney-Albury","Sydney","Albury","QantasLink","Jan-21",45,44,1,40,41,4,3,2021,1
"Sydney-Armidale","Sydney","Armidale","QantasLink","Jan-21",21,21,0,19,21,2,0,2021,1
"Sydney-Ballina","Sydney","Ballina","QantasLink","Jan-21",34,32,2,28,27,4,5,2021,1
"Sydney-Coffs Harbour","Sydney","Coffs Harbour","QantasLink","Jan-21",76,76,0,71,70,5,6,2021,1
"Sydney-Dubbo","Sydney","Dubbo","QantasLink","Jan-21",42,42,0,37,39,5,3,2021,1
"Sydney-Hobart","Sydney","Hobart","QantasLink","Jan-21",24,15,9,13,14,2,1,2021,1
"Sydney-Launceston","Sydney","Launceston","QantasLink","Jan-21",7,4,3,4,4,0,0,2021,1
"Sydney-Sunshine Coast","Sydney","Sunshine Coast","QantasLink","Jan-21",17,11,6,10,10,1,1,2021,1
"Sydney-Wagga Wagga","Sydney","Wagga Wagga","QantasLink","Jan-21",48,48,0,46,46,2,2,2021,1
"Townsville-Cairns","Townsville","Cairns","QantasLink","Jan-21",91,90,1,79,78,11,12,2021,1
"Wagga Wagga-Sydney","Wagga Wagga","Sydney","QantasLink","Jan-21",48,48,0,47,47,1,1,2021,1
"Adelaide-Port Lincoln","Adelaide","Port Lincoln","Regional Express","Jan-21",94,94,0,92,89,2,5,2021,1
"Albury-Sydney","Albury","Sydney","Regional Express","Jan-21",18,17,1,16,16,1,1,2021,1
"Armidale-Sydney","Armidale","Sydney","Regional Express","Jan-21",8,8,0,6,6,2,2,2021,1
"Ballina-Sydney","Ballina","Sydney","Regional Express","Jan-21",8,8,0,7,7,1,1,2021,1
"Cairns-Townsville","Cairns","Townsville","Regional Express","Jan-21",9,8,1,8,8,0,0,2021,1
"Dubbo-Sydney","Dubbo","Sydney","Regional Express","Jan-21",29,29,0,27,27,2,2,2021,1
"Melbourne-Mildura","Melbourne","Mildura","Regional Express","Jan-21",23,23,0,20,18,3,5,2021,1
"Mildura-Melbourne","Mildura","Melbourne","Regional Express","Jan-21",23,23,0,20,18,3,5,2021,1
"Port Lincoln-Adelaide","Port Lincoln","Adelaide","Regional Express","Jan-21",94,94,0,85,84,9,10,2021,1
"Sydney-Albury","Sydney","Albury","Regional Express","Jan-21",20,19,1,16,17,3,2,2021,1
"Sydney-Armidale","Sydney","Armidale","Regional Express","Jan-21",8,8,0,6,6,2,2,2021,1
"Sydney-Ballina","Sydney","Ballina","Regional Express","Jan-21",8,8,0,8,8,0,0,2021,1
"Sydney-Dubbo","Sydney","Dubbo","Regional Express","Jan-21",32,30,2,27,26,3,4,2021,1
"Sydney-Wagga Wagga","Sydney","Wagga Wagga","Regional Express","Jan-21",28,28,0,28,28,0,0,2021,1
"Townsville-Cairns","Townsville","Cairns","Regional Express","Jan-21",9,8,1,8,8,0,0,2021,1
"Wagga Wagga-Sydney","Wagga Wagga","Sydney","Regional Express","Jan-21",29,29,0,28,28,1,1,2021,1
"Adelaide-Alice Springs","Adelaide","Alice Springs","Virgin Australia","Jan-21",13,13,0,8,9,5,4,2021,1
"Adelaide-Brisbane","Adelaide","Brisbane","Virgin Australia","Jan-21",74,66,8,55,61,11,5,2021,1
"Adelaide-Canberra","Adelaide","Canberra","Virgin Australia","Jan-21",17,16,1,14,15,2,1,2021,1
"Adelaide-Gold Coast","Adelaide","Gold Coast","Virgin Australia","Jan-21",35,35,0,31,32,4,3,2021,1
"Adelaide-Melbourne","Adelaide","Melbourne","Virgin Australia","Jan-21",106,105,1,94,99,11,6,2021,1
"Adelaide-Perth","Adelaide","Perth","Virgin Australia","Jan-21",31,31,0,24,27,7,4,2021,1
"Adelaide-Sydney","Adelaide","Sydney","Virgin Australia","Jan-21",18,15,3,15,15,0,0,2021,1
"Alice Springs-Adelaide","Alice Springs","Adelaide","Virgin Australia","Jan-21",13,13,0,10,10,3,3,2021,1
"Ballina-Sydney","Ballina","Sydney","Virgin Australia","Jan-21",52,52,0,43,52,9,0,2021,1
"Brisbane-Adelaide","Brisbane","Adelaide","Virgin Australia","Jan-21",72,65,7,56,64,9,1,2021,1
"Brisbane-Cairns","Brisbane","Cairns","Virgin Australia","Jan-21",110,105,5,81,80,24,25,2021,1
"Brisbane-Canberra","Brisbane","Canberra","Virgin Australia","Jan-21",71,65,6,58,60,7,5,2021,1
"Brisbane-Darwin","Brisbane","Darwin","Virgin Australia","Jan-21",31,31,0,25,27,6,4,2021,1
"Brisbane-Emerald","Brisbane","Emerald","Virgin Australia","Jan-21",21,21,0,20,20,1,1,2021,1
"Brisbane-Gladstone","Brisbane","Gladstone","Virgin Australia","Jan-21",51,51,0,51,51,0,0,2021,1
"Brisbane-Hamilton Island","Brisbane","Hamilton Island","Virgin Australia","Jan-21",59,57,2,53,50,4,7,2021,1
"Brisbane-Hobart","Brisbane","Hobart","Virgin Australia","Jan-21",40,37,3,26,33,11,4,2021,1
"Brisbane-Mackay","Brisbane","Mackay","Virgin Australia","Jan-21",81,80,1,73,73,7,7,2021,1
"Brisbane-Melbourne","Brisbane","Melbourne","Virgin Australia","Jan-21",159,132,27,98,118,34,14,2021,1
"Brisbane-Mount Isa","Brisbane","Mount Isa","Virgin Australia","Jan-21",13,13,0,13,13,0,0,2021,1
"Brisbane-Newcastle","Brisbane","Newcastle","Virgin Australia","Jan-21",42,36,6,35,36,1,0,2021,1
"Brisbane-Perth","Brisbane","Perth","Virgin Australia","Jan-21",55,49,6,30,40,19,9,2021,1
"Brisbane-Proserpine","Brisbane","Proserpine","Virgin Australia","Jan-21",31,29,2,24,22,5,7,2021,1
"Brisbane-Rockhampton","Brisbane","Rockhampton","Virgin Australia","Jan-21",79,76,3,67,68,9,8,2021,1
"Brisbane-Sydney","Brisbane","Sydney","Virgin Australia","Jan-21",61,60,1,55,57,5,3,2021,1
"Brisbane-Townsville","Brisbane","Townsville","Virgin Australia","Jan-21",80,76,4,66,66,10,10,2021,1
"Broome-Perth","Broome","Perth","Virgin Australia","Jan-21",35,34,1,28,28,6,6,2021,1
"Cairns-Brisbane","Cairns","Brisbane","Virgin Australia","Jan-21",109,104,5,85,93,19,11,2021,1
"Cairns-Melbourne","Cairns","Melbourne","Virgin Australia","Jan-21",43,43,0,36,39,7,4,2021,1
"Cairns-Sydney","Cairns","Sydney","Virgin Australia","Jan-21",13,13,0,13,13,0,0,2021,1
"Canberra-Adelaide","Canberra","Adelaide","Virgin Australia","Jan-21",17,16,1,13,14,3,2,2021,1
"Canberra-Brisbane","Canberra","Brisbane","Virgin Australia","Jan-21",71,65,6,50,53,15,12,2021,1
"Canberra-Melbourne","Canberra","Melbourne","Virgin Australia","Jan-21",57,57,0,44,49,13,8,2021,1
"Coffs Harbour-Sydney","Coffs Harbour","Sydney","Virgin Australia","Jan-21",13,13,0,12,13,1,0,2021,1
"Darwin-Brisbane","Darwin","Brisbane","Virgin Australia","Jan-21",31,31,0,19,26,12,5,2021,1
"Darwin-Perth","Darwin","Perth","Virgin Australia","Jan-21",10,10,0,5,7,5,3,2021,1
"Emerald-Brisbane","Emerald","Brisbane","Virgin Australia","Jan-21",21,21,0,20,20,1,1,2021,1
"Gladstone-Brisbane","Gladstone","Brisbane","Virgin Australia","Jan-21",51,51,0,49,49,2,2,2021,1
"Gold Coast-Adelaide","Gold Coast","Adelaide","Virgin Australia","Jan-21",35,35,0,31,32,4,3,2021,1
"Gold Coast-Melbourne","Gold Coast","Melbourne","Virgin Australia","Jan-21",161,161,0,144,149,17,12,2021,1
"Gold Coast-Sydney","Gold Coast","Sydney","Virgin Australia","Jan-21",31,28,3,26,26,2,2,2021,1
"Hamilton Island-Brisbane","Hamilton Island","Brisbane","Virgin Australia","Jan-21",59,57,2,47,49,10,8,2021,1
"Hamilton Island-Sydney","Hamilton Island","Sydney","Virgin Australia","Jan-21",13,13,0,11,12,2,1,2021,1
"Hobart-Brisbane","Hobart","Brisbane","Virgin Australia","Jan-21",40,37,3,23,24,14,13,2021,1
"Hobart-Melbourne","Hobart","Melbourne","Virgin Australia","Jan-21",75,73,2,66,64,7,9,2021,1
"Hobart-Sydney","Hobart","Sydney","Virgin Australia","Jan-21",18,17,1,16,16,1,1,2021,1
"Kalgoorlie-Perth","Kalgoorlie","Perth","Virgin Australia","Jan-21",21,21,0,19,18,2,3,2021,1
"Karratha-Perth","Karratha","Perth","Virgin Australia","Jan-21",39,39,0,35,35,4,4,2021,1
"Launceston-Melbourne","Launceston","Melbourne","Virgin Australia","Jan-21",72,70,2,69,69,1,1,2021,1
"Launceston-Sydney","Launceston","Sydney","Virgin Australia","Jan-21",16,16,0,15,15,1,1,2021,1
"Mackay-Brisbane","Mackay","Brisbane","Virgin Australia","Jan-21",81,80,1,75,77,5,3,2021,1
"Melbourne-Adelaide","Melbourne","Adelaide","Virgin Australia","Jan-21",106,105,1,97,98,8,7,2021,1
"Melbourne-Brisbane","Melbourne","Brisbane","Virgin Australia","Jan-21",155,133,22,114,117,19,16,2021,1
"Melbourne-Cairns","Melbourne","Cairns","Virgin Australia","Jan-21",43,43,0,39,38,4,5,2021,1
"Melbourne-Canberra","Melbourne","Canberra","Virgin Australia","Jan-21",57,57,0,48,48,9,9,2021,1
"Melbourne-Gold Coast","Melbourne","Gold Coast","Virgin Australia","Jan-21",162,162,0,153,156,9,6,2021,1
"Melbourne-Hobart","Melbourne","Hobart","Virgin Australia","Jan-21",76,74,2,67,67,7,7,2021,1
"Melbourne-Launceston","Melbourne","Launceston","Virgin Australia","Jan-21",72,70,2,65,65,5,5,2021,1
"Melbourne-Newcastle","Melbourne","Newcastle","Virgin Australia","Jan-21",18,18,0,17,17,1,1,2021,1
"Melbourne-Perth","Melbourne","Perth","Virgin Australia","Jan-21",43,33,10,23,23,10,10,2021,1
"Melbourne-Sunshine Coast","Melbourne","Sunshine Coast","Virgin Australia","Jan-21",62,62,0,62,61,0,1,2021,1
"Melbourne-Sydney","Melbourne","Sydney","Virgin Australia","Jan-21",68,61,7,55,55,6,6,2021,1
"Mount Isa-Brisbane","Mount Isa","Brisbane","Virgin Australia","Jan-21",13,13,0,13,13,0,0,2021,1
"Newcastle-Brisbane","Newcastle","Brisbane","Virgin Australia","Jan-21",41,36,5,36,36,0,0,2021,1
"Newcastle-Melbourne","Newcastle","Melbourne","Virgin Australia","Jan-21",18,18,0,17,17,1,1,2021,1
"Newman-Perth","Newman","Perth","Virgin Australia","Jan-21",40,40,0,30,33,10,7,2021,1
"Perth-Adelaide","Perth","Adelaide","Virgin Australia","Jan-21",31,31,0,26,19,5,12,2021,1
"Perth-Brisbane","Perth","Brisbane","Virgin Australia","Jan-21",56,49,7,23,32,26,17,2021,1
"Perth-Broome","Perth","Broome","Virgin Australia","Jan-21",35,34,1,28,31,6,3,2021,1
"Perth-Darwin","Perth","Darwin","Virgin Australia","Jan-21",10,10,0,8,7,2,3,2021,1
"Perth-Kalgoorlie","Perth","Kalgoorlie","Virgin Australia","Jan-21",21,21,0,21,20,0,1,2021,1
"Perth-Karratha","Perth","Karratha","Virgin Australia","Jan-21",39,39,0,37,37,2,2,2021,1
"Perth-Melbourne","Perth","Melbourne","Virgin Australia","Jan-21",44,34,10,11,11,23,23,2021,1
"Perth-Newman","Perth","Newman","Virgin Australia","Jan-21",40,40,0,37,37,3,3,2021,1
"Perth-Port Hedland","Perth","Port Hedland","Virgin Australia","Jan-21",13,13,0,12,12,1,1,2021,1
"Perth-Sydney","Perth","Sydney","Virgin Australia","Jan-21",18,18,0,4,8,14,10,2021,1
"Port Hedland-Perth","Port Hedland","Perth","Virgin Australia","Jan-21",13,12,1,7,9,5,3,2021,1
"Proserpine-Brisbane","Proserpine","Brisbane","Virgin Australia","Jan-21",31,29,2,23,25,6,4,2021,1
"Rockhampton-Brisbane","Rockhampton","Brisbane","Virgin Australia","Jan-21",79,76,3,67,73,9,3,2021,1
"Sunshine Coast-Melbourne","Sunshine Coast","Melbourne","Virgin Australia","Jan-21",62,62,0,54,54,8,8,2021,1
"Sunshine Coast-Sydney","Sunshine Coast","Sydney","Virgin Australia","Jan-21",19,19,0,18,18,1,1,2021,1
"Sydney-Adelaide","Sydney","Adelaide","Virgin Australia","Jan-21",19,15,4,14,15,1,0,2021,1
"Sydney-Ballina","Sydney","Ballina","Virgin Australia","Jan-21",52,52,0,51,50,1,2,2021,1
"Sydney-Brisbane","Sydney","Brisbane","Virgin Australia","Jan-21",64,60,4,59,59,1,1,2021,1
"Sydney-Cairns","Sydney","Cairns","Virgin Australia","Jan-21",13,13,0,12,12,1,1,2021,1
"Sydney-Coffs Harbour","Sydney","Coffs Harbour","Virgin Australia","Jan-21",13,13,0,13,13,0,0,2021,1
"Sydney-Gold Coast","Sydney","Gold Coast","Virgin Australia","Jan-21",31,28,3,27,27,1,1,2021,1
"Sydney-Hamilton Island","Sydney","Hamilton Island","Virgin Australia","Jan-21",13,13,0,13,11,0,2,2021,1
"Sydney-Hobart","Sydney","Hobart","Virgin Australia","Jan-21",18,17,1,16,16,1,1,2021,1
"Sydney-Launceston","Sydney","Launceston","Virgin Australia","Jan-21",16,16,0,15,15,1,1,2021,1
"Sydney-Melbourne","Sydney","Melbourne","Virgin Australia","Jan-21",67,61,6,54,57,7,4,2021,1
"Sydney-Perth","Sydney","Perth","Virgin Australia","Jan-21",18,18,0,17,17,1,1,2021,1
"Sydney-Sunshine Coast","Sydney","Sunshine Coast","Virgin Australia","Jan-21",19,19,0,19,19,0,0,2021,1
"Townsville-Brisbane","Townsville","Brisbane","Virgin Australia","Jan-21",80,75,5,62,72,13,3,2021,1
"Broome-Perth","Broome","Perth","Virgin Australia Regional Airlines","Jan-21",1,1,0,0,0,1,1,2021,1
"Kalgoorlie-Perth","Kalgoorlie","Perth","Virgin Australia Regional Airlines","Jan-21",34,33,1,31,31,2,2,2021,1
"Karratha-Perth","Karratha","Perth","Virgin Australia Regional Airlines","Jan-21",13,13,0,8,9,5,4,2021,1
"Newman-Perth","Newman","Perth","Virgin Australia Regional Airlines","Jan-21",15,15,0,12,13,3,2,2021,1
"Perth-Broome","Perth","Broome","Virgin Australia Regional Airlines","Jan-21",1,1,0,0,0,1,1,2021,1
"Perth-Kalgoorlie","Perth","Kalgoorlie","Virgin Australia Regional Airlines","Jan-21",34,33,1,32,32,1,1,2021,1
"Perth-Karratha","Perth","Karratha","Virgin Australia Regional Airlines","Jan-21",13,13,0,9,9,4,4,2021,1
"Perth-Newman","Perth","Newman","Virgin Australia Regional Airlines","Jan-21",15,15,0,14,14,1,1,2021,1
"Perth-Port Hedland","Perth","Port Hedland","Virgin Australia Regional Airlines","Jan-21",38,37,1,33,34,4,3,2021,1
"Port Hedland-Perth","Port Hedland","Perth","Virgin Australia Regional Airlines","Jan-21",38,37,1,30,29,7,8,2021,1
"Adelaide-Alice Springs","Adelaide","Alice Springs","All Airlines","Jan-21",44,44,0,35,35,9,9,2021,1
"Adelaide-Brisbane","Adelaide","Brisbane","All Airlines","Jan-21",204,189,15,168,174,21,15,2021,1
"Adelaide-Canberra","Adelaide","Canberra","All Airlines","Jan-21",60,59,1,54,53,5,6,2021,1
"Adelaide-Gold Coast","Adelaide","Gold Coast","All Airlines","Jan-21",66,66,0,60,60,6,6,2021,1
"Adelaide-Melbourne","Adelaide","Melbourne","All Airlines","Jan-21",289,287,2,261,270,26,17,2021,1
"Adelaide-Perth","Adelaide","Perth","All Airlines","Jan-21",110,110,0,86,93,24,17,2021,1
"Adelaide-Port Lincoln","Adelaide","Port Lincoln","All Airlines","Jan-21",166,165,1,155,153,10,12,2021,1
"Adelaide-Sydney","Adelaide","Sydney","All Airlines","Jan-21",105,78,27,72,74,6,4,2021,1
"Albury-Sydney","Albury","Sydney","All Airlines","Jan-21",62,60,2,56,57,4,3,2021,1
"Alice Springs-Adelaide","Alice Springs","Adelaide","All Airlines","Jan-21",44,44,0,39,39,5,5,2021,1
"Armidale-Sydney","Armidale","Sydney","All Airlines","Jan-21",29,29,0,27,27,2,2,2021,1
"Ballina-Sydney","Ballina","Sydney","All Airlines","Jan-21",237,234,3,211,223,23,11,2021,1
"Brisbane-Adelaide","Brisbane","Adelaide","All Airlines","Jan-21",202,188,14,165,177,23,11,2021,1
"Brisbane-Cairns","Brisbane","Cairns","All Airlines","Jan-21",338,321,17,268,264,53,57,2021,1
"Brisbane-Canberra","Brisbane","Canberra","All Airlines","Jan-21",203,192,11,177,183,15,9,2021,1
"Brisbane-Darwin","Brisbane","Darwin","All Airlines","Jan-21",89,89,0,80,77,9,12,2021,1
"Brisbane-Emerald","Brisbane","Emerald","All Airlines","Jan-21",131,122,9,121,121,1,1,2021,1
"Brisbane-Gladstone","Brisbane","Gladstone","All Airlines","Jan-21",137,130,7,126,126,4,4,2021,1
"Brisbane-Hamilton Island","Brisbane","Hamilton Island","All Airlines","Jan-21",112,109,3,100,93,9,16,2021,1
"Brisbane-Hobart","Brisbane","Hobart","All Airlines","Jan-21",116,111,5,94,101,17,10,2021,1
"Brisbane-Mackay","Brisbane","Mackay","All Airlines","Jan-21",214,208,6,191,191,17,17,2021,1
"Brisbane-Melbourne","Brisbane","Melbourne","All Airlines","Jan-21",571,440,131,371,391,69,49,2021,1
"Brisbane-Mount Isa","Brisbane","Mount Isa","All Airlines","Jan-21",60,60,0,57,58,3,2,2021,1
"Brisbane-Newcastle","Brisbane","Newcastle","All Airlines","Jan-21",148,125,23,111,112,14,13,2021,1
"Brisbane-Perth","Brisbane","Perth","All Airlines","Jan-21",138,123,15,99,101,24,22,2021,1
"Brisbane-Proserpine","Brisbane","Proserpine","All Airlines","Jan-21",73,70,3,61,55,9,15,2021,1
"Brisbane-Rockhampton","Brisbane","Rockhampton","All Airlines","Jan-21",211,197,14,182,181,15,16,2021,1
"Brisbane-Sydney","Brisbane","Sydney","All Airlines","Jan-21",220,170,50,147,152,23,18,2021,1
"Brisbane-Townsville","Brisbane","Townsville","All Airlines","Jan-21",248,229,19,209,201,20,28,2021,1
"Broome-Perth","Broome","Perth","All Airlines","Jan-21",126,123,3,99,95,24,28,2021,1
"Cairns-Brisbane","Cairns","Brisbane","All Airlines","Jan-21",338,321,17,276,277,45,44,2021,1
"Cairns-Melbourne","Cairns","Melbourne","All Airlines","Jan-21",134,134,0,107,116,27,18,2021,1
"Cairns-Sydney","Cairns","Sydney","All Airlines","Jan-21",56,44,12,42,43,2,1,2021,1
"Cairns-Townsville","Cairns","Townsville","All Airlines","Jan-21",100,98,2,88,88,10,10,2021,1
"Canberra-Adelaide","Canberra","Adelaide","All Airlines","Jan-21",60,59,1,47,49,12,10,2021,1
"Canberra-Brisbane","Canberra","Brisbane","All Airlines","Jan-21",202,190,12,169,173,21,17,2021,1
"Canberra-Melbourne","Canberra","Melbourne","All Airlines","Jan-21",173,172,1,153,158,19,14,2021,1
"Coffs Harbour-Sydney","Coffs Harbour","Sydney","All Airlines","Jan-21",89,89,0,81,85,8,4,2021,1
"Darwin-Brisbane","Darwin","Brisbane","All Airlines","Jan-21",89,89,0,67,69,22,20,2021,1
"Darwin-Perth","Darwin","Perth","All Airlines","Jan-21",31,31,0,25,26,6,5,2021,1
"Dubbo-Sydney","Dubbo","Sydney","All Airlines","Jan-21",71,70,1,61,66,9,4,2021,1
"Emerald-Brisbane","Emerald","Brisbane","All Airlines","Jan-21",131,121,10,119,119,2,2,2021,1
"Gladstone-Brisbane","Gladstone","Brisbane","All Airlines","Jan-21",137,130,7,121,124,9,6,2021,1
"Gold Coast-Adelaide","Gold Coast","Adelaide","All Airlines","Jan-21",66,66,0,60,62,6,4,2021,1
"Gold Coast-Melbourne","Gold Coast","Melbourne","All Airlines","Jan-21",416,416,0,366,375,50,41,2021,1
"Gold Coast-Sydney","Gold Coast","Sydney","All Airlines","Jan-21",83,60,23,56,56,4,4,2021,1
"Hamilton Island-Brisbane","Hamilton Island","Brisbane","All Airlines","Jan-21",113,110,3,92,94,18,16,2021,1
"Hamilton Island-Sydney","Hamilton Island","Sydney","All Airlines","Jan-21",26,18,8,16,17,2,1,2021,1
"Hobart-Brisbane","Hobart","Brisbane","All Airlines","Jan-21",115,110,5,89,88,21,22,2021,1
"Hobart-Melbourne","Hobart","Melbourne","All Airlines","Jan-21",346,326,20,282,287,44,39,2021,1
"Hobart-Sydney","Hobart","Sydney","All Airlines","Jan-21",78,49,29,46,48,3,1,2021,1
"Kalgoorlie-Perth","Kalgoorlie","Perth","All Airlines","Jan-21",126,123,3,108,108,15,15,2021,1
"Karratha-Perth","Karratha","Perth","All Airlines","Jan-21",195,176,19,153,151,23,25,2021,1
"Launceston-Melbourne","Launceston","Melbourne","All Airlines","Jan-21",270,241,29,217,221,24,20,2021,1
"Launceston-Sydney","Launceston","Sydney","All Airlines","Jan-21",39,33,6,30,31,3,2,2021,1
"Mackay-Brisbane","Mackay","Brisbane","All Airlines","Jan-21",213,206,7,194,197,12,9,2021,1
"Melbourne-Adelaide","Melbourne","Adelaide","All Airlines","Jan-21",292,290,2,262,263,28,27,2021,1
"Melbourne-Brisbane","Melbourne","Brisbane","All Airlines","Jan-21",561,433,128,383,374,50,59,2021,1
"Melbourne-Cairns","Melbourne","Cairns","All Airlines","Jan-21",134,134,0,121,115,13,19,2021,1
"Melbourne-Canberra","Melbourne","Canberra","All Airlines","Jan-21",173,171,2,148,142,23,29,2021,1
"Melbourne-Gold Coast","Melbourne","Gold Coast","All Airlines","Jan-21",417,417,0,382,385,35,32,2021,1
"Melbourne-Hobart","Melbourne","Hobart","All Airlines","Jan-21",347,325,22,286,287,39,38,2021,1
"Melbourne-Launceston","Melbourne","Launceston","All Airlines","Jan-21",268,241,27,220,221,21,20,2021,1
"Melbourne-Mildura","Melbourne","Mildura","All Airlines","Jan-21",79,79,0,69,67,10,12,2021,1
"Melbourne-Newcastle","Melbourne","Newcastle","All Airlines","Jan-21",62,46,16,42,42,4,4,2021,1
"Melbourne-Perth","Melbourne","Perth","All Airlines","Jan-21",135,97,38,77,72,20,25,2021,1
"Melbourne-Sunshine Coast","Melbourne","Sunshine Coast","All Airlines","Jan-21",176,176,0,157,151,19,25,2021,1
"Melbourne-Sydney","Melbourne","Sydney","All Airlines","Jan-21",257,204,53,172,176,32,28,2021,1
"Mildura-Melbourne","Mildura","Melbourne","All Airlines","Jan-21",79,79,0,69,66,10,13,2021,1
"Mount Isa-Brisbane","Mount Isa","Brisbane","All Airlines","Jan-21",60,60,0,59,58,1,2,2021,1
"Newcastle-Brisbane","Newcastle","Brisbane","All Airlines","Jan-21",143,125,18,108,109,17,16,2021,1
"Newcastle-Melbourne","Newcastle","Melbourne","All Airlines","Jan-21",61,44,17,38,39,6,5,2021,1
"Newman-Perth","Newman","Perth","All Airlines","Jan-21",167,163,4,135,141,28,22,2021,1
"Perth-Adelaide","Perth","Adelaide","All Airlines","Jan-21",110,110,0,94,80,16,30,2021,1
"Perth-Brisbane","Perth","Brisbane","All Airlines","Jan-21",138,121,17,87,88,34,33,2021,1
"Perth-Broome","Perth","Broome","All Airlines","Jan-21",125,122,3,102,90,20,32,2021,1
"Perth-Darwin","Perth","Darwin","All Airlines","Jan-21",31,31,0,27,25,4,6,2021,1
"Perth-Kalgoorlie","Perth","Kalgoorlie","All Airlines","Jan-21",126,123,3,111,110,12,13,2021,1
"Perth-Karratha","Perth","Karratha","All Airlines","Jan-21",198,183,15,166,155,17,28,2021,1
"Perth-Melbourne","Perth","Melbourne","All Airlines","Jan-21",137,100,37,54,42,46,58,2021,1
"Perth-Newman","Perth","Newman","All Airlines","Jan-21",167,163,4,155,155,8,8,2021,1
"Perth-Port Hedland","Perth","Port Hedland","All Airlines","Jan-21",172,162,10,147,141,15,21,2021,1
"Perth-Sydney","Perth","Sydney","All Airlines","Jan-21",43,43,0,21,24,22,19,2021,1
"Port Hedland-Perth","Port Hedland","Perth","All Airlines","Jan-21",174,160,14,130,109,30,51,2021,1
"Port Lincoln-Adelaide","Port Lincoln","Adelaide","All Airlines","Jan-21",166,165,1,148,147,17,18,2021,1
"Proserpine-Brisbane","Proserpine","Brisbane","All Airlines","Jan-21",73,70,3,58,59,12,11,2021,1
"Rockhampton-Brisbane","Rockhampton","Brisbane","All Airlines","Jan-21",212,196,16,172,181,24,15,2021,1
"Sunshine Coast-Melbourne","Sunshine Coast","Melbourne","All Airlines","Jan-21",177,175,2,141,148,34,27,2021,1
"Sunshine Coast-Sydney","Sunshine Coast","Sydney","All Airlines","Jan-21",35,29,6,26,27,3,2,2021,1
"Sydney-Adelaide","Sydney","Adelaide","All Airlines","Jan-21",106,78,28,72,75,6,3,2021,1
"Sydney-Albury","Sydney","Albury","All Airlines","Jan-21",65,63,2,56,58,7,5,2021,1
"Sydney-Armidale","Sydney","Armidale","All Airlines","Jan-21",29,29,0,25,27,4,2,2021,1
"Sydney-Ballina","Sydney","Ballina","All Airlines","Jan-21",237,234,3,222,222,12,12,2021,1
"Sydney-Brisbane","Sydney","Brisbane","All Airlines","Jan-21",223,170,53,159,157,11,13,2021,1
"Sydney-Cairns","Sydney","Cairns","All Airlines","Jan-21",56,45,11,40,41,5,4,2021,1
"Sydney-Coffs Harbour","Sydney","Coffs Harbour","All Airlines","Jan-21",89,89,0,84,83,5,6,2021,1
"Sydney-Dubbo","Sydney","Dubbo","All Airlines","Jan-21",74,72,2,64,65,8,7,2021,1
"Sydney-Gold Coast","Sydney","Gold Coast","All Airlines","Jan-21",83,60,23,58,58,2,2,2021,1
"Sydney-Hamilton Island","Sydney","Hamilton Island","All Airlines","Jan-21",26,18,8,18,16,0,2,2021,1
"Sydney-Hobart","Sydney","Hobart","All Airlines","Jan-21",78,49,29,45,46,4,3,2021,1
"Sydney-Launceston","Sydney","Launceston","All Airlines","Jan-21",46,33,13,31,30,2,3,2021,1
"Sydney-Melbourne","Sydney","Melbourne","All Airlines","Jan-21",257,206,51,172,176,34,30,2021,1
"Sydney-Perth","Sydney","Perth","All Airlines","Jan-21",44,44,0,40,36,4,8,2021,1
"Sydney-Sunshine Coast","Sydney","Sunshine Coast","All Airlines","Jan-21",36,30,6,29,29,1,1,2021,1
"Sydney-Wagga Wagga","Sydney","Wagga Wagga","All Airlines","Jan-21",76,76,0,74,74,2,2,2021,1
"Townsville-Brisbane","Townsville","Brisbane","All Airlines","Jan-21",247,227,20,195,205,32,22,2021,1
"Townsville-Cairns","Townsville","Cairns","All Airlines","Jan-21",100,98,2,87,86,11,12,2021,1
"Wagga Wagga-Sydney","Wagga Wagga","Sydney","All Airlines","Jan-21",77,77,0,75,75,2,2,2021,1
"Adelaide-Brisbane","Adelaide","Brisbane","Jetstar","Feb-21",24,24,0,22,23,2,1,2021,2
"Adelaide-Gold Coast","Adelaide","Gold Coast","Jetstar","Feb-21",24,24,0,21,21,3,3,2021,2
"Adelaide-Melbourne","Adelaide","Melbourne","Jetstar","Feb-21",96,43,53,40,40,3,3,2021,2
"Adelaide-Perth","Adelaide","Perth","Jetstar","Feb-21",20,15,5,14,15,1,0,2021,2
"Adelaide-Sydney","Adelaide","Sydney","Jetstar","Feb-21",53,51,2,46,46,5,5,2021,2
"Ballina-Sydney","Ballina","Sydney","Jetstar","Feb-21",75,75,0,65,66,10,9,2021,2
"Brisbane-Adelaide","Brisbane","Adelaide","Jetstar","Feb-21",24,24,0,23,22,1,2,2021,2
"Brisbane-Cairns","Brisbane","Cairns","Jetstar","Feb-21",79,77,2,66,65,11,12,2021,2
"Brisbane-Darwin","Brisbane","Darwin","Jetstar","Feb-21",16,16,0,13,15,3,1,2021,2
"Brisbane-Hobart","Brisbane","Hobart","Jetstar","Feb-21",28,28,0,25,26,3,2,2021,2
"Brisbane-Mackay","Brisbane","Mackay","Jetstar","Feb-21",28,28,0,26,28,2,0,2021,2
"Brisbane-Melbourne","Brisbane","Melbourne","Jetstar","Feb-21",92,54,38,41,47,13,7,2021,2
"Brisbane-Newcastle","Brisbane","Newcastle","Jetstar","Feb-21",65,63,2,58,59,5,4,2021,2
"Brisbane-Proserpine","Brisbane","Proserpine","Jetstar","Feb-21",28,28,0,25,23,3,5,2021,2
"Brisbane-Sydney","Brisbane","Sydney","Jetstar","Feb-21",78,71,7,60,64,11,7,2021,2
"Brisbane-Townsville","Brisbane","Townsville","Jetstar","Feb-21",40,40,0,35,36,5,4,2021,2
"Cairns-Brisbane","Cairns","Brisbane","Jetstar","Feb-21",79,77,2,72,71,5,6,2021,2
"Cairns-Melbourne","Cairns","Melbourne","Jetstar","Feb-21",56,40,16,35,34,5,6,2021,2
"Cairns-Sydney","Cairns","Sydney","Jetstar","Feb-21",24,22,2,22,22,0,0,2021,2
"Darwin-Brisbane","Darwin","Brisbane","Jetstar","Feb-21",16,16,0,12,14,4,2,2021,2
"Gold Coast-Adelaide","Gold Coast","Adelaide","Jetstar","Feb-21",24,24,0,20,21,4,3,2021,2
"Gold Coast-Melbourne","Gold Coast","Melbourne","Jetstar","Feb-21",135,99,36,95,98,4,1,2021,2
"Gold Coast-Sydney","Gold Coast","Sydney","Jetstar","Feb-21",116,112,4,104,109,8,3,2021,2
"Hamilton Island-Sydney","Hamilton Island","Sydney","Jetstar","Feb-21",11,11,0,9,10,2,1,2021,2
"Hobart-Brisbane","Hobart","Brisbane","Jetstar","Feb-21",28,28,0,25,24,3,4,2021,2
"Hobart-Melbourne","Hobart","Melbourne","Jetstar","Feb-21",125,95,30,83,87,12,8,2021,2
"Hobart-Sydney","Hobart","Sydney","Jetstar","Feb-21",48,48,0,43,46,5,2,2021,2
"Launceston-Melbourne","Launceston","Melbourne","Jetstar","Feb-21",80,60,20,56,59,4,1,2021,2
"Launceston-Sydney","Launceston","Sydney","Jetstar","Feb-21",34,34,0,27,29,7,5,2021,2
"Mackay-Brisbane","Mackay","Brisbane","Jetstar","Feb-21",28,28,0,28,28,0,0,2021,2
"Melbourne-Adelaide","Melbourne","Adelaide","Jetstar","Feb-21",96,43,53,40,42,3,1,2021,2
"Melbourne-Brisbane","Melbourne","Brisbane","Jetstar","Feb-21",92,54,38,41,45,13,9,2021,2
"Melbourne-Cairns","Melbourne","Cairns","Jetstar","Feb-21",56,40,16,34,35,6,5,2021,2
"Melbourne-Gold Coast","Melbourne","Gold Coast","Jetstar","Feb-21",134,96,38,86,92,10,4,2021,2
"Melbourne-Hobart","Melbourne","Hobart","Jetstar","Feb-21",125,95,30,87,89,8,6,2021,2
"Melbourne-Launceston","Melbourne","Launceston","Jetstar","Feb-21",80,60,20,54,57,6,3,2021,2
"Melbourne-Newcastle","Melbourne","Newcastle","Jetstar","Feb-21",37,33,4,30,30,3,3,2021,2
"Melbourne-Perth","Melbourne","Perth","Jetstar","Feb-21",20,3,17,3,2,0,1,2021,2
"Melbourne-Sunshine Coast","Melbourne","Sunshine Coast","Jetstar","Feb-21",58,44,14,38,39,6,5,2021,2
"Melbourne-Sydney","Melbourne","Sydney","Jetstar","Feb-21",167,136,31,115,119,21,17,2021,2
"Newcastle-Brisbane","Newcastle","Brisbane","Jetstar","Feb-21",65,62,3,58,57,4,5,2021,2
"Newcastle-Melbourne","Newcastle","Melbourne","Jetstar","Feb-21",36,31,5,28,29,3,2,2021,2
"Perth-Adelaide","Perth","Adelaide","Jetstar","Feb-21",20,15,5,11,14,4,1,2021,2
"Perth-Melbourne","Perth","Melbourne","Jetstar","Feb-21",20,3,17,2,3,1,0,2021,2
"Proserpine-Brisbane","Proserpine","Brisbane","Jetstar","Feb-21",28,28,0,26,25,2,3,2021,2
"Sunshine Coast-Melbourne","Sunshine Coast","Melbourne","Jetstar","Feb-21",58,44,14,40,40,4,4,2021,2
"Sunshine Coast-Sydney","Sunshine Coast","Sydney","Jetstar","Feb-21",31,30,1,26,26,4,4,2021,2
"Sydney-Adelaide","Sydney","Adelaide","Jetstar","Feb-21",53,51,2,44,50,7,1,2021,2
"Sydney-Ballina","Sydney","Ballina","Jetstar","Feb-21",76,76,0,69,66,7,10,2021,2
"Sydney-Brisbane","Sydney","Brisbane","Jetstar","Feb-21",78,71,7,60,60,11,11,2021,2
"Sydney-Cairns","Sydney","Cairns","Jetstar","Feb-21",24,22,2,19,19,3,3,2021,2
"Sydney-Gold Coast","Sydney","Gold Coast","Jetstar","Feb-21",116,112,4,103,102,9,10,2021,2
"Sydney-Hamilton Island","Sydney","Hamilton Island","Jetstar","Feb-21",11,11,0,10,11,1,0,2021,2
"Sydney-Hobart","Sydney","Hobart","Jetstar","Feb-21",48,48,0,45,45,3,3,2021,2
"Sydney-Launceston","Sydney","Launceston","Jetstar","Feb-21",34,34,0,29,29,5,5,2021,2
"Sydney-Melbourne","Sydney","Melbourne","Jetstar","Feb-21",167,136,31,104,115,32,21,2021,2
"Sydney-Sunshine Coast","Sydney","Sunshine Coast","Jetstar","Feb-21",31,31,0,26,26,5,5,2021,2
"Townsville-Brisbane","Townsville","Brisbane","Jetstar","Feb-21",40,39,1,36,33,3,6,2021,2
"Adelaide-Alice Springs","Adelaide","Alice Springs","Qantas","Feb-21",28,28,0,27,28,1,0,2021,2
"Adelaide-Brisbane","Adelaide","Brisbane","Qantas","Feb-21",75,74,1,64,66,10,8,2021,2
"Adelaide-Canberra","Adelaide","Canberra","Qantas","Feb-21",24,24,0,24,24,0,0,2021,2
"Adelaide-Melbourne","Adelaide","Melbourne","Qantas","Feb-21",114,83,31,76,78,7,5,2021,2
"Adelaide-Perth","Adelaide","Perth","Qantas","Feb-21",56,51,5,45,48,6,3,2021,2
"Adelaide-Sydney","Adelaide","Sydney","Qantas","Feb-21",68,68,0,58,53,10,15,2021,2
"Alice Springs-Adelaide","Alice Springs","Adelaide","Qantas","Feb-21",28,28,0,23,24,5,4,2021,2
"Ballina-Sydney","Ballina","Sydney","Qantas","Feb-21",20,20,0,18,17,2,3,2021,2
"Brisbane-Adelaide","Brisbane","Adelaide","Qantas","Feb-21",75,74,1,67,67,7,7,2021,2
"Brisbane-Cairns","Brisbane","Cairns","Qantas","Feb-21",90,90,0,83,84,7,6,2021,2
"Brisbane-Canberra","Brisbane","Canberra","Qantas","Feb-21",17,17,0,17,17,0,0,2021,2
"Brisbane-Darwin","Brisbane","Darwin","Qantas","Feb-21",24,24,0,20,21,4,3,2021,2
"Brisbane-Hamilton Island","Brisbane","Hamilton Island","Qantas","Feb-21",28,28,0,27,27,1,1,2021,2
"Brisbane-Mackay","Brisbane","Mackay","Qantas","Feb-21",66,66,0,63,63,3,3,2021,2
"Brisbane-Melbourne","Brisbane","Melbourne","Qantas","Feb-21",159,125,34,113,106,12,19,2021,2
"Brisbane-Mount Isa","Brisbane","Mount Isa","Qantas","Feb-21",32,32,0,31,30,1,2,2021,2
"Brisbane-Perth","Brisbane","Perth","Qantas","Feb-21",39,36,3,27,30,9,6,2021,2
"Brisbane-Sydney","Brisbane","Sydney","Qantas","Feb-21",277,269,8,249,253,20,16,2021,2
"Brisbane-Townsville","Brisbane","Townsville","Qantas","Feb-21",92,92,0,89,86,3,6,2021,2
"Cairns-Brisbane","Cairns","Brisbane","Qantas","Feb-21",89,89,0,88,88,1,1,2021,2
"Cairns-Melbourne","Cairns","Melbourne","Qantas","Feb-21",14,11,3,9,9,2,2,2021,2
"Cairns-Sydney","Cairns","Sydney","Qantas","Feb-21",10,10,0,8,10,2,0,2021,2
"Canberra-Adelaide","Canberra","Adelaide","Qantas","Feb-21",24,24,0,24,24,0,0,2021,2
"Canberra-Brisbane","Canberra","Brisbane","Qantas","Feb-21",17,17,0,16,17,1,0,2021,2
"Canberra-Melbourne","Canberra","Melbourne","Qantas","Feb-21",11,11,0,11,11,0,0,2021,2
"Darwin-Brisbane","Darwin","Brisbane","Qantas","Feb-21",24,24,0,16,18,8,6,2021,2
"Darwin-Perth","Darwin","Perth","Qantas","Feb-21",22,22,0,18,16,4,6,2021,2
"Gold Coast-Melbourne","Gold Coast","Melbourne","Qantas","Feb-21",27,24,3,24,24,0,0,2021,2
"Gold Coast-Sydney","Gold Coast","Sydney","Qantas","Feb-21",45,44,1,43,42,1,2,2021,2
"Hamilton Island-Brisbane","Hamilton Island","Brisbane","Qantas","Feb-21",28,28,0,27,27,1,1,2021,2
"Hamilton Island-Sydney","Hamilton Island","Sydney","Qantas","Feb-21",8,8,0,8,8,0,0,2021,2
"Kalgoorlie-Perth","Kalgoorlie","Perth","Qantas","Feb-21",7,7,0,5,5,2,2,2021,2
"Karratha-Perth","Karratha","Perth","Qantas","Feb-21",17,15,2,13,13,2,2,2021,2
"Mackay-Brisbane","Mackay","Brisbane","Qantas","Feb-21",65,65,0,64,64,1,1,2021,2
"Melbourne-Adelaide","Melbourne","Adelaide","Qantas","Feb-21",114,84,30,78,72,6,12,2021,2
"Melbourne-Brisbane","Melbourne","Brisbane","Qantas","Feb-21",156,122,34,106,104,16,18,2021,2
"Melbourne-Cairns","Melbourne","Cairns","Qantas","Feb-21",14,11,3,9,8,2,3,2021,2
"Melbourne-Canberra","Melbourne","Canberra","Qantas","Feb-21",12,12,0,11,11,1,1,2021,2
"Melbourne-Gold Coast","Melbourne","Gold Coast","Qantas","Feb-21",27,25,2,25,25,0,0,2021,2
"Melbourne-Perth","Melbourne","Perth","Qantas","Feb-21",20,20,0,19,10,1,10,2021,2
"Melbourne-Sydney","Melbourne","Sydney","Qantas","Feb-21",391,274,117,250,254,24,20,2021,2
"Mount Isa-Brisbane","Mount Isa","Brisbane","Qantas","Feb-21",32,32,0,31,31,1,1,2021,2
"Newman-Perth","Newman","Perth","Qantas","Feb-21",21,19,2,16,16,3,3,2021,2
"Perth-Adelaide","Perth","Adelaide","Qantas","Feb-21",56,52,4,48,48,4,4,2021,2
"Perth-Brisbane","Perth","Brisbane","Qantas","Feb-21",38,35,3,27,26,8,9,2021,2
"Perth-Darwin","Perth","Darwin","Qantas","Feb-21",22,22,0,19,18,3,4,2021,2
"Perth-Kalgoorlie","Perth","Kalgoorlie","Qantas","Feb-21",7,7,0,5,5,2,2,2021,2
"Perth-Karratha","Perth","Karratha","Qantas","Feb-21",17,15,2,14,14,1,1,2021,2
"Perth-Melbourne","Perth","Melbourne","Qantas","Feb-21",20,20,0,15,17,5,3,2021,2
"Perth-Newman","Perth","Newman","Qantas","Feb-21",21,20,1,20,18,0,2,2021,2
"Perth-Port Hedland","Perth","Port Hedland","Qantas","Feb-21",33,29,4,28,27,1,2,2021,2
"Perth-Sydney","Perth","Sydney","Qantas","Feb-21",47,43,4,34,28,9,15,2021,2
"Port Hedland-Perth","Port Hedland","Perth","Qantas","Feb-21",33,29,4,26,28,3,1,2021,2
"Sydney-Adelaide","Sydney","Adelaide","Qantas","Feb-21",69,69,0,54,59,15,10,2021,2
"Sydney-Ballina","Sydney","Ballina","Qantas","Feb-21",20,20,0,18,16,2,4,2021,2
"Sydney-Brisbane","Sydney","Brisbane","Qantas","Feb-21",275,268,7,246,240,22,28,2021,2
"Sydney-Cairns","Sydney","Cairns","Qantas","Feb-21",10,10,0,6,7,4,3,2021,2
"Sydney-Gold Coast","Sydney","Gold Coast","Qantas","Feb-21",46,45,1,45,44,0,1,2021,2
"Sydney-Hamilton Island","Sydney","Hamilton Island","Qantas","Feb-21",8,8,0,7,8,1,0,2021,2
"Sydney-Melbourne","Sydney","Melbourne","Qantas","Feb-21",391,276,115,231,248,45,28,2021,2
"Sydney-Perth","Sydney","Perth","Qantas","Feb-21",46,44,2,33,36,11,8,2021,2
"Townsville-Brisbane","Townsville","Brisbane","Qantas","Feb-21",92,92,0,88,91,4,1,2021,2
"Adelaide-Canberra","Adelaide","Canberra","QantasLink","Feb-21",5,5,0,4,4,1,1,2021,2
"Adelaide-Port Lincoln","Adelaide","Port Lincoln","QantasLink","Feb-21",70,70,0,69,69,1,1,2021,2
"Albury-Sydney","Albury","Sydney","QantasLink","Feb-21",60,60,0,54,54,6,6,2021,2
"Armidale-Sydney","Armidale","Sydney","QantasLink","Feb-21",41,40,1,31,32,9,8,2021,2
"Ballina-Sydney","Ballina","Sydney","QantasLink","Feb-21",59,59,0,50,49,9,10,2021,2
"Brisbane-Cairns","Brisbane","Cairns","QantasLink","Feb-21",4,4,0,4,4,0,0,2021,2
"Brisbane-Canberra","Brisbane","Canberra","QantasLink","Feb-21",133,130,3,124,127,6,3,2021,2
"Brisbane-Emerald","Brisbane","Emerald","QantasLink","Feb-21",112,106,6,103,104,3,2,2021,2
"Brisbane-Gladstone","Brisbane","Gladstone","QantasLink","Feb-21",70,70,0,67,65,3,5,2021,2
"Brisbane-Hobart","Brisbane","Hobart","QantasLink","Feb-21",20,20,0,19,20,1,0,2021,2
"Brisbane-Mackay","Brisbane","Mackay","QantasLink","Feb-21",32,32,0,30,31,2,1,2021,2
"Brisbane-Mount Isa","Brisbane","Mount Isa","QantasLink","Feb-21",16,16,0,13,15,3,1,2021,2
"Brisbane-Newcastle","Brisbane","Newcastle","QantasLink","Feb-21",50,49,1,46,46,3,3,2021,2
"Brisbane-Rockhampton","Brisbane","Rockhampton","QantasLink","Feb-21",112,111,1,105,102,6,9,2021,2
"Broome-Perth","Broome","Perth","QantasLink","Feb-21",75,65,10,55,59,10,6,2021,2
"Cairns-Brisbane","Cairns","Brisbane","QantasLink","Feb-21",4,4,0,4,4,0,0,2021,2
"Cairns-Townsville","Cairns","Townsville","QantasLink","Feb-21",84,84,0,73,73,11,11,2021,2
"Canberra-Adelaide","Canberra","Adelaide","QantasLink","Feb-21",5,5,0,3,3,2,2,2021,2
"Canberra-Brisbane","Canberra","Brisbane","QantasLink","Feb-21",134,130,4,121,122,9,8,2021,2
"Canberra-Melbourne","Canberra","Melbourne","QantasLink","Feb-21",164,126,38,116,115,10,11,2021,2
"Coffs Harbour-Sydney","Coffs Harbour","Sydney","QantasLink","Feb-21",82,81,1,73,77,8,4,2021,2
"Dubbo-Sydney","Dubbo","Sydney","QantasLink","Feb-21",65,65,0,59,60,6,5,2021,2
"Emerald-Brisbane","Emerald","Brisbane","QantasLink","Feb-21",112,106,6,102,101,4,5,2021,2
"Gladstone-Brisbane","Gladstone","Brisbane","QantasLink","Feb-21",70,70,0,64,65,6,5,2021,2
"Hobart-Brisbane","Hobart","Brisbane","QantasLink","Feb-21",20,20,0,17,18,3,2,2021,2
"Hobart-Melbourne","Hobart","Melbourne","QantasLink","Feb-21",63,59,4,53,52,6,7,2021,2
"Hobart-Sydney","Hobart","Sydney","QantasLink","Feb-21",23,23,0,21,21,2,2,2021,2
"Kalgoorlie-Perth","Kalgoorlie","Perth","QantasLink","Feb-21",60,54,6,42,44,12,10,2021,2
"Karratha-Perth","Karratha","Perth","QantasLink","Feb-21",115,102,13,74,75,28,27,2021,2
"Launceston-Melbourne","Launceston","Melbourne","QantasLink","Feb-21",51,43,8,43,43,0,0,2021,2
"Launceston-Sydney","Launceston","Sydney","QantasLink","Feb-21",12,11,1,10,10,1,1,2021,2
"Mackay-Brisbane","Mackay","Brisbane","QantasLink","Feb-21",32,32,0,31,31,1,1,2021,2
"Melbourne-Canberra","Melbourne","Canberra","QantasLink","Feb-21",165,125,40,110,108,15,17,2021,2
"Melbourne-Hobart","Melbourne","Hobart","QantasLink","Feb-21",63,59,4,55,52,4,7,2021,2
"Melbourne-Launceston","Melbourne","Launceston","QantasLink","Feb-21",51,43,8,41,42,2,1,2021,2
"Melbourne-Mildura","Melbourne","Mildura","QantasLink","Feb-21",64,54,10,49,48,5,6,2021,2
"Melbourne-Sunshine Coast","Melbourne","Sunshine Coast","QantasLink","Feb-21",23,19,4,18,16,1,3,2021,2
"Mildura-Melbourne","Mildura","Melbourne","QantasLink","Feb-21",64,54,10,47,44,7,10,2021,2
"Mount Isa-Brisbane","Mount Isa","Brisbane","QantasLink","Feb-21",16,16,0,15,15,1,1,2021,2
"Newcastle-Brisbane","Newcastle","Brisbane","QantasLink","Feb-21",51,50,1,48,47,2,3,2021,2
"Newman-Perth","Newman","Perth","QantasLink","Feb-21",92,79,13,56,59,23,20,2021,2
"Perth-Broome","Perth","Broome","QantasLink","Feb-21",73,64,9,52,31,12,33,2021,2
"Perth-Kalgoorlie","Perth","Kalgoorlie","QantasLink","Feb-21",60,54,6,45,45,9,9,2021,2
"Perth-Karratha","Perth","Karratha","QantasLink","Feb-21",116,104,12,81,70,23,34,2021,2
"Perth-Newman","Perth","Newman","QantasLink","Feb-21",93,80,13,65,62,15,18,2021,2
"Perth-Port Hedland","Perth","Port Hedland","QantasLink","Feb-21",75,68,7,55,45,13,23,2021,2
"Port Hedland-Perth","Port Hedland","Perth","QantasLink","Feb-21",74,67,7,52,41,15,26,2021,2
"Port Lincoln-Adelaide","Port Lincoln","Adelaide","QantasLink","Feb-21",70,70,0,61,64,9,6,2021,2
"Rockhampton-Brisbane","Rockhampton","Brisbane","QantasLink","Feb-21",112,111,1,95,92,16,19,2021,2
"Sunshine Coast-Melbourne","Sunshine Coast","Melbourne","QantasLink","Feb-21",23,19,4,17,18,2,1,2021,2
"Sunshine Coast-Sydney","Sunshine Coast","Sydney","QantasLink","Feb-21",27,27,0,22,21,5,6,2021,2
"Sydney-Albury","Sydney","Albury","QantasLink","Feb-21",62,62,0,57,58,5,4,2021,2
"Sydney-Armidale","Sydney","Armidale","QantasLink","Feb-21",41,41,0,32,33,9,8,2021,2
"Sydney-Ballina","Sydney","Ballina","QantasLink","Feb-21",60,60,0,55,50,5,10,2021,2
"Sydney-Coffs Harbour","Sydney","Coffs Harbour","QantasLink","Feb-21",83,82,1,77,78,5,4,2021,2
"Sydney-Dubbo","Sydney","Dubbo","QantasLink","Feb-21",66,66,0,61,59,5,7,2021,2
"Sydney-Hobart","Sydney","Hobart","QantasLink","Feb-21",23,23,0,19,20,4,3,2021,2
"Sydney-Launceston","Sydney","Launceston","QantasLink","Feb-21",12,11,1,11,11,0,0,2021,2
"Sydney-Sunshine Coast","Sydney","Sunshine Coast","QantasLink","Feb-21",27,27,0,20,22,7,5,2021,2
"Sydney-Wagga Wagga","Sydney","Wagga Wagga","QantasLink","Feb-21",72,72,0,66,66,6,6,2021,2
"Townsville-Cairns","Townsville","Cairns","QantasLink","Feb-21",84,83,1,72,75,11,8,2021,2
"Wagga Wagga-Sydney","Wagga Wagga","Sydney","QantasLink","Feb-21",71,71,0,65,67,6,4,2021,2
"Adelaide-Port Lincoln","Adelaide","Port Lincoln","Regional Express","Feb-21",98,98,0,89,89,9,9,2021,2
"Albury-Sydney","Albury","Sydney","Regional Express","Feb-21",23,23,0,22,22,1,1,2021,2
"Armidale-Sydney","Armidale","Sydney","Regional Express","Feb-21",8,8,0,6,5,2,3,2021,2
"Ballina-Sydney","Ballina","Sydney","Regional Express","Feb-21",8,8,0,7,7,1,1,2021,2
"Cairns-Townsville","Cairns","Townsville","Regional Express","Feb-21",8,8,0,7,7,1,1,2021,2
"Dubbo-Sydney","Dubbo","Sydney","Regional Express","Feb-21",45,45,0,42,42,3,3,2021,2
"Melbourne-Mildura","Melbourne","Mildura","Regional Express","Feb-21",28,28,0,26,25,2,3,2021,2
"Mildura-Melbourne","Mildura","Melbourne","Regional Express","Feb-21",28,28,0,26,27,2,1,2021,2
"Port Lincoln-Adelaide","Port Lincoln","Adelaide","Regional Express","Feb-21",98,98,0,82,82,16,16,2021,2
"Sydney-Albury","Sydney","Albury","Regional Express","Feb-21",24,24,0,23,22,1,2,2021,2
"Sydney-Armidale","Sydney","Armidale","Regional Express","Feb-21",8,8,0,6,6,2,2,2021,2
"Sydney-Ballina","Sydney","Ballina","Regional Express","Feb-21",8,8,0,8,7,0,1,2021,2
"Sydney-Dubbo","Sydney","Dubbo","Regional Express","Feb-21",45,45,0,44,44,1,1,2021,2
"Sydney-Wagga Wagga","Sydney","Wagga Wagga","Regional Express","Feb-21",28,28,0,25,26,3,2,2021,2
"Townsville-Cairns","Townsville","Cairns","Regional Express","Feb-21",8,8,0,8,8,0,0,2021,2
"Wagga Wagga-Sydney","Wagga Wagga","Sydney","Regional Express","Feb-21",28,28,0,28,28,0,0,2021,2
"Adelaide-Alice Springs","Adelaide","Alice Springs","Virgin Australia","Feb-21",12,12,0,12,12,0,0,2021,2
"Adelaide-Brisbane","Adelaide","Brisbane","Virgin Australia","Feb-21",63,63,0,57,60,6,3,2021,2
"Adelaide-Canberra","Adelaide","Canberra","Virgin Australia","Feb-21",16,16,0,16,15,0,1,2021,2
"Adelaide-Gold Coast","Adelaide","Gold Coast","Virgin Australia","Feb-21",28,28,0,27,28,1,0,2021,2
"Adelaide-Melbourne","Adelaide","Melbourne","Virgin Australia","Feb-21",79,58,21,53,55,5,3,2021,2
"Adelaide-Perth","Adelaide","Perth","Virgin Australia","Feb-21",28,28,0,26,26,2,2,2021,2
"Adelaide-Sydney","Adelaide","Sydney","Virgin Australia","Feb-21",39,39,0,38,38,1,1,2021,2
"Alice Springs-Adelaide","Alice Springs","Adelaide","Virgin Australia","Feb-21",12,12,0,12,12,0,0,2021,2
"Ballina-Sydney","Ballina","Sydney","Virgin Australia","Feb-21",28,28,0,22,24,6,4,2021,2
"Brisbane-Adelaide","Brisbane","Adelaide","Virgin Australia","Feb-21",64,64,0,60,62,4,2,2021,2
"Brisbane-Cairns","Brisbane","Cairns","Virgin Australia","Feb-21",77,74,3,65,61,9,13,2021,2
"Brisbane-Canberra","Brisbane","Canberra","Virgin Australia","Feb-21",60,60,0,50,54,10,6,2021,2
"Brisbane-Darwin","Brisbane","Darwin","Virgin Australia","Feb-21",26,26,0,21,21,5,5,2021,2
"Brisbane-Emerald","Brisbane","Emerald","Virgin Australia","Feb-21",20,20,0,20,20,0,0,2021,2
"Brisbane-Gladstone","Brisbane","Gladstone","Virgin Australia","Feb-21",48,48,0,45,43,3,5,2021,2
"Brisbane-Hamilton Island","Brisbane","Hamilton Island","Virgin Australia","Feb-21",30,29,1,27,24,2,5,2021,2
"Brisbane-Hobart","Brisbane","Hobart","Virgin Australia","Feb-21",28,28,0,25,28,3,0,2021,2
"Brisbane-Mackay","Brisbane","Mackay","Virgin Australia","Feb-21",68,66,2,57,59,9,7,2021,2
"Brisbane-Melbourne","Brisbane","Melbourne","Virgin Australia","Feb-21",89,72,17,59,64,13,8,2021,2
"Brisbane-Mount Isa","Brisbane","Mount Isa","Virgin Australia","Feb-21",12,12,0,11,11,1,1,2021,2
"Brisbane-Newcastle","Brisbane","Newcastle","Virgin Australia","Feb-21",29,29,0,26,28,3,1,2021,2
"Brisbane-Perth","Brisbane","Perth","Virgin Australia","Feb-21",22,22,0,16,18,6,4,2021,2
"Brisbane-Proserpine","Brisbane","Proserpine","Virgin Australia","Feb-21",28,28,0,28,26,0,2,2021,2
"Brisbane-Rockhampton","Brisbane","Rockhampton","Virgin Australia","Feb-21",67,63,4,52,48,11,15,2021,2
"Brisbane-Sydney","Brisbane","Sydney","Virgin Australia","Feb-21",191,188,3,177,183,11,5,2021,2
"Brisbane-Townsville","Brisbane","Townsville","Virgin Australia","Feb-21",67,64,3,52,55,12,9,2021,2
"Broome-Perth","Broome","Perth","Virgin Australia","Feb-21",28,28,0,26,27,2,1,2021,2
"Cairns-Brisbane","Cairns","Brisbane","Virgin Australia","Feb-21",77,74,3,68,69,6,5,2021,2
"Cairns-Melbourne","Cairns","Melbourne","Virgin Australia","Feb-21",19,12,7,12,12,0,0,2021,2
"Cairns-Sydney","Cairns","Sydney","Virgin Australia","Feb-21",20,19,1,19,19,0,0,2021,2
"Canberra-Adelaide","Canberra","Adelaide","Virgin Australia","Feb-21",16,16,0,15,15,1,1,2021,2
"Canberra-Brisbane","Canberra","Brisbane","Virgin Australia","Feb-21",59,59,0,51,52,8,7,2021,2
"Canberra-Melbourne","Canberra","Melbourne","Virgin Australia","Feb-21",42,33,9,32,32,1,1,2021,2
"Coffs Harbour-Sydney","Coffs Harbour","Sydney","Virgin Australia","Feb-21",16,16,0,15,15,1,1,2021,2
"Darwin-Brisbane","Darwin","Brisbane","Virgin Australia","Feb-21",26,26,0,20,19,6,7,2021,2
"Darwin-Perth","Darwin","Perth","Virgin Australia","Feb-21",12,11,1,10,10,1,1,2021,2
"Emerald-Brisbane","Emerald","Brisbane","Virgin Australia","Feb-21",20,20,0,20,19,0,1,2021,2
"Gladstone-Brisbane","Gladstone","Brisbane","Virgin Australia","Feb-21",48,48,0,44,42,4,6,2021,2
"Gold Coast-Adelaide","Gold Coast","Adelaide","Virgin Australia","Feb-21",28,28,0,28,28,0,0,2021,2
"Gold Coast-Melbourne","Gold Coast","Melbourne","Virgin Australia","Feb-21",89,61,28,58,59,3,2,2021,2
"Gold Coast-Sydney","Gold Coast","Sydney","Virgin Australia","Feb-21",72,70,2,61,66,9,4,2021,2
"Hamilton Island-Brisbane","Hamilton Island","Brisbane","Virgin Australia","Feb-21",30,29,1,21,23,8,6,2021,2
"Hamilton Island-Sydney","Hamilton Island","Sydney","Virgin Australia","Feb-21",18,18,0,17,18,1,0,2021,2
"Hobart-Brisbane","Hobart","Brisbane","Virgin Australia","Feb-21",28,28,0,27,27,1,1,2021,2
"Hobart-Melbourne","Hobart","Melbourne","Virgin Australia","Feb-21",44,33,11,29,28,4,5,2021,2
"Hobart-Sydney","Hobart","Sydney","Virgin Australia","Feb-21",26,26,0,23,24,3,2,2021,2
"Kalgoorlie-Perth","Kalgoorlie","Perth","Virgin Australia","Feb-21",21,19,2,13,13,6,6,2021,2
"Karratha-Perth","Karratha","Perth","Virgin Australia","Feb-21",40,39,1,37,38,2,1,2021,2
"Launceston-Melbourne","Launceston","Melbourne","Virgin Australia","Feb-21",37,26,11,26,26,0,0,2021,2
"Launceston-Sydney","Launceston","Sydney","Virgin Australia","Feb-21",21,21,0,18,18,3,3,2021,2
"Mackay-Brisbane","Mackay","Brisbane","Virgin Australia","Feb-21",68,66,2,62,63,4,3,2021,2
"Melbourne-Adelaide","Melbourne","Adelaide","Virgin Australia","Feb-21",78,57,21,55,54,2,3,2021,2
"Melbourne-Brisbane","Melbourne","Brisbane","Virgin Australia","Feb-21",89,72,17,68,68,4,4,2021,2
"Melbourne-Cairns","Melbourne","Cairns","Virgin Australia","Feb-21",19,12,7,12,12,0,0,2021,2
"Melbourne-Canberra","Melbourne","Canberra","Virgin Australia","Feb-21",42,33,9,31,31,2,2,2021,2
"Melbourne-Gold Coast","Melbourne","Gold Coast","Virgin Australia","Feb-21",89,60,29,57,58,3,2,2021,2
"Melbourne-Hobart","Melbourne","Hobart","Virgin Australia","Feb-21",44,32,12,32,32,0,0,2021,2
"Melbourne-Launceston","Melbourne","Launceston","Virgin Australia","Feb-21",37,26,11,25,25,1,1,2021,2
"Melbourne-Newcastle","Melbourne","Newcastle","Virgin Australia","Feb-21",19,18,1,18,18,0,0,2021,2
"Melbourne-Perth","Melbourne","Perth","Virgin Australia","Feb-21",23,23,0,22,21,1,2,2021,2
"Melbourne-Sunshine Coast","Melbourne","Sunshine Coast","Virgin Australia","Feb-21",30,29,1,29,28,0,1,2021,2
"Melbourne-Sydney","Melbourne","Sydney","Virgin Australia","Feb-21",203,146,57,137,140,9,6,2021,2
"Mount Isa-Brisbane","Mount Isa","Brisbane","Virgin Australia","Feb-21",12,12,0,11,10,1,2,2021,2
"Newcastle-Brisbane","Newcastle","Brisbane","Virgin Australia","Feb-21",29,29,0,28,28,1,1,2021,2
"Newcastle-Melbourne","Newcastle","Melbourne","Virgin Australia","Feb-21",19,18,1,18,18,0,0,2021,2
"Newman-Perth","Newman","Perth","Virgin Australia","Feb-21",34,27,7,19,19,8,8,2021,2
"Perth-Adelaide","Perth","Adelaide","Virgin Australia","Feb-21",28,28,0,26,26,2,2,2021,2
"Perth-Brisbane","Perth","Brisbane","Virgin Australia","Feb-21",24,22,2,9,15,13,7,2021,2
"Perth-Broome","Perth","Broome","Virgin Australia","Feb-21",28,28,0,25,28,3,0,2021,2
"Perth-Darwin","Perth","Darwin","Virgin Australia","Feb-21",12,11,1,10,10,1,1,2021,2
"Perth-Kalgoorlie","Perth","Kalgoorlie","Virgin Australia","Feb-21",21,19,2,16,15,3,4,2021,2
"Perth-Karratha","Perth","Karratha","Virgin Australia","Feb-21",40,39,1,39,39,0,0,2021,2
"Perth-Melbourne","Perth","Melbourne","Virgin Australia","Feb-21",25,22,3,13,18,9,4,2021,2
"Perth-Newman","Perth","Newman","Virgin Australia","Feb-21",34,27,7,25,24,2,3,2021,2
"Perth-Port Hedland","Perth","Port Hedland","Virgin Australia","Feb-21",5,4,1,3,3,1,1,2021,2
"Perth-Sydney","Perth","Sydney","Virgin Australia","Feb-21",21,19,2,13,15,6,4,2021,2
"Port Hedland-Perth","Port Hedland","Perth","Virgin Australia","Feb-21",5,4,1,3,4,1,0,2021,2
"Proserpine-Brisbane","Proserpine","Brisbane","Virgin Australia","Feb-21",28,28,0,24,25,4,3,2021,2
"Rockhampton-Brisbane","Rockhampton","Brisbane","Virgin Australia","Feb-21",67,63,4,50,57,13,6,2021,2
"Sunshine Coast-Melbourne","Sunshine Coast","Melbourne","Virgin Australia","Feb-21",30,29,1,28,26,1,3,2021,2
"Sunshine Coast-Sydney","Sunshine Coast","Sydney","Virgin Australia","Feb-21",25,25,0,21,21,4,4,2021,2
"Sydney-Adelaide","Sydney","Adelaide","Virgin Australia","Feb-21",39,39,0,37,38,2,1,2021,2
"Sydney-Ballina","Sydney","Ballina","Virgin Australia","Feb-21",28,28,0,28,26,0,2,2021,2
"Sydney-Brisbane","Sydney","Brisbane","Virgin Australia","Feb-21",189,185,4,169,173,16,12,2021,2
"Sydney-Cairns","Sydney","Cairns","Virgin Australia","Feb-21",20,19,1,19,19,0,0,2021,2
"Sydney-Coffs Harbour","Sydney","Coffs Harbour","Virgin Australia","Feb-21",16,16,0,15,15,1,1,2021,2
"Sydney-Gold Coast","Sydney","Gold Coast","Virgin Australia","Feb-21",73,71,2,67,64,4,7,2021,2
"Sydney-Hamilton Island","Sydney","Hamilton Island","Virgin Australia","Feb-21",18,18,0,18,17,0,1,2021,2
"Sydney-Hobart","Sydney","Hobart","Virgin Australia","Feb-21",26,26,0,24,25,2,1,2021,2
"Sydney-Launceston","Sydney","Launceston","Virgin Australia","Feb-21",21,21,0,18,18,3,3,2021,2
"Sydney-Melbourne","Sydney","Melbourne","Virgin Australia","Feb-21",203,146,57,123,133,23,13,2021,2
"Sydney-Perth","Sydney","Perth","Virgin Australia","Feb-21",20,19,1,18,19,1,0,2021,2
"Sydney-Sunshine Coast","Sydney","Sunshine Coast","Virgin Australia","Feb-21",25,25,0,24,24,1,1,2021,2
"Townsville-Brisbane","Townsville","Brisbane","Virgin Australia","Feb-21",68,64,4,52,56,12,8,2021,2
"Kalgoorlie-Perth","Kalgoorlie","Perth","Virgin Australia Regional Airlines","Feb-21",31,30,1,27,27,3,3,2021,2
"Karratha-Perth","Karratha","Perth","Virgin Australia Regional Airlines","Feb-21",8,8,0,7,7,1,1,2021,2
"Newman-Perth","Newman","Perth","Virgin Australia Regional Airlines","Feb-21",18,17,1,16,15,1,2,2021,2
"Perth-Kalgoorlie","Perth","Kalgoorlie","Virgin Australia Regional Airlines","Feb-21",31,30,1,28,28,2,2,2021,2
"Perth-Karratha","Perth","Karratha","Virgin Australia Regional Airlines","Feb-21",8,8,0,8,8,0,0,2021,2
"Perth-Newman","Perth","Newman","Virgin Australia Regional Airlines","Feb-21",18,17,1,16,16,1,1,2021,2
"Perth-Port Hedland","Perth","Port Hedland","Virgin Australia Regional Airlines","Feb-21",43,42,1,40,38,2,4,2021,2
"Port Hedland-Perth","Port Hedland","Perth","Virgin Australia Regional Airlines","Feb-21",43,42,1,37,35,5,7,2021,2
"Adelaide-Alice Springs","Adelaide","Alice Springs","All Airlines","Feb-21",40,40,0,39,40,1,0,2021,2
"Adelaide-Brisbane","Adelaide","Brisbane","All Airlines","Feb-21",162,161,1,143,149,18,12,2021,2
"Adelaide-Canberra","Adelaide","Canberra","All Airlines","Feb-21",45,45,0,44,43,1,2,2021,2
"Adelaide-Gold Coast","Adelaide","Gold Coast","All Airlines","Feb-21",52,52,0,48,49,4,3,2021,2
"Adelaide-Melbourne","Adelaide","Melbourne","All Airlines","Feb-21",289,184,105,169,173,15,11,2021,2
"Adelaide-Perth","Adelaide","Perth","All Airlines","Feb-21",104,94,10,85,89,9,5,2021,2
"Adelaide-Port Lincoln","Adelaide","Port Lincoln","All Airlines","Feb-21",168,168,0,158,158,10,10,2021,2
"Adelaide-Sydney","Adelaide","Sydney","All Airlines","Feb-21",160,158,2,142,137,16,21,2021,2
"Albury-Sydney","Albury","Sydney","All Airlines","Feb-21",83,83,0,76,76,7,7,2021,2
"Alice Springs-Adelaide","Alice Springs","Adelaide","All Airlines","Feb-21",40,40,0,35,36,5,4,2021,2
"Armidale-Sydney","Armidale","Sydney","All Airlines","Feb-21",49,48,1,37,37,11,11,2021,2
"Ballina-Sydney","Ballina","Sydney","All Airlines","Feb-21",190,190,0,162,163,28,27,2021,2
"Brisbane-Adelaide","Brisbane","Adelaide","All Airlines","Feb-21",163,162,1,150,151,12,11,2021,2
"Brisbane-Cairns","Brisbane","Cairns","All Airlines","Feb-21",250,245,5,218,214,27,31,2021,2
"Brisbane-Canberra","Brisbane","Canberra","All Airlines","Feb-21",210,207,3,191,198,16,9,2021,2
"Brisbane-Darwin","Brisbane","Darwin","All Airlines","Feb-21",66,66,0,54,57,12,9,2021,2
"Brisbane-Emerald","Brisbane","Emerald","All Airlines","Feb-21",132,126,6,123,124,3,2,2021,2
"Brisbane-Gladstone","Brisbane","Gladstone","All Airlines","Feb-21",118,118,0,112,108,6,10,2021,2
"Brisbane-Hamilton Island","Brisbane","Hamilton Island","All Airlines","Feb-21",58,57,1,54,51,3,6,2021,2
"Brisbane-Hobart","Brisbane","Hobart","All Airlines","Feb-21",76,76,0,69,74,7,2,2021,2
"Brisbane-Mackay","Brisbane","Mackay","All Airlines","Feb-21",194,192,2,176,181,16,11,2021,2
"Brisbane-Melbourne","Brisbane","Melbourne","All Airlines","Feb-21",340,251,89,213,217,38,34,2021,2
"Brisbane-Mount Isa","Brisbane","Mount Isa","All Airlines","Feb-21",60,60,0,55,56,5,4,2021,2
"Brisbane-Newcastle","Brisbane","Newcastle","All Airlines","Feb-21",144,141,3,130,133,11,8,2021,2
"Brisbane-Perth","Brisbane","Perth","All Airlines","Feb-21",61,58,3,43,48,15,10,2021,2
"Brisbane-Proserpine","Brisbane","Proserpine","All Airlines","Feb-21",56,56,0,53,49,3,7,2021,2
"Brisbane-Rockhampton","Brisbane","Rockhampton","All Airlines","Feb-21",179,174,5,157,150,17,24,2021,2
"Brisbane-Sydney","Brisbane","Sydney","All Airlines","Feb-21",546,528,18,486,500,42,28,2021,2
"Brisbane-Townsville","Brisbane","Townsville","All Airlines","Feb-21",199,196,3,176,177,20,19,2021,2
"Broome-Perth","Broome","Perth","All Airlines","Feb-21",103,93,10,81,86,12,7,2021,2
"Cairns-Brisbane","Cairns","Brisbane","All Airlines","Feb-21",249,244,5,232,232,12,12,2021,2
"Cairns-Melbourne","Cairns","Melbourne","All Airlines","Feb-21",89,63,26,56,55,7,8,2021,2
"Cairns-Sydney","Cairns","Sydney","All Airlines","Feb-21",54,51,3,49,51,2,0,2021,2
"Cairns-Townsville","Cairns","Townsville","All Airlines","Feb-21",92,92,0,80,80,12,12,2021,2
"Canberra-Adelaide","Canberra","Adelaide","All Airlines","Feb-21",45,45,0,42,42,3,3,2021,2
"Canberra-Brisbane","Canberra","Brisbane","All Airlines","Feb-21",210,206,4,188,191,18,15,2021,2
"Canberra-Melbourne","Canberra","Melbourne","All Airlines","Feb-21",217,170,47,159,158,11,12,2021,2
"Coffs Harbour-Sydney","Coffs Harbour","Sydney","All Airlines","Feb-21",98,97,1,88,92,9,5,2021,2
"Darwin-Brisbane","Darwin","Brisbane","All Airlines","Feb-21",66,66,0,48,51,18,15,2021,2
"Darwin-Perth","Darwin","Perth","All Airlines","Feb-21",34,33,1,28,26,5,7,2021,2
"Dubbo-Sydney","Dubbo","Sydney","All Airlines","Feb-21",110,110,0,101,102,9,8,2021,2
"Emerald-Brisbane","Emerald","Brisbane","All Airlines","Feb-21",132,126,6,122,120,4,6,2021,2
"Gladstone-Brisbane","Gladstone","Brisbane","All Airlines","Feb-21",118,118,0,108,107,10,11,2021,2
"Gold Coast-Adelaide","Gold Coast","Adelaide","All Airlines","Feb-21",52,52,0,48,49,4,3,2021,2
"Gold Coast-Melbourne","Gold Coast","Melbourne","All Airlines","Feb-21",251,184,67,177,181,7,3,2021,2
"Gold Coast-Sydney","Gold Coast","Sydney","All Airlines","Feb-21",233,226,7,208,217,18,9,2021,2
"Hamilton Island-Brisbane","Hamilton Island","Brisbane","All Airlines","Feb-21",58,57,1,48,50,9,7,2021,2
"Hamilton Island-Sydney","Hamilton Island","Sydney","All Airlines","Feb-21",37,37,0,34,36,3,1,2021,2
"Hobart-Brisbane","Hobart","Brisbane","All Airlines","Feb-21",76,76,0,69,69,7,7,2021,2
"Hobart-Melbourne","Hobart","Melbourne","All Airlines","Feb-21",232,187,45,165,167,22,20,2021,2
"Hobart-Sydney","Hobart","Sydney","All Airlines","Feb-21",97,97,0,87,91,10,6,2021,2
"Kalgoorlie-Perth","Kalgoorlie","Perth","All Airlines","Feb-21",119,110,9,87,89,23,21,2021,2
"Karratha-Perth","Karratha","Perth","All Airlines","Feb-21",180,164,16,131,133,33,31,2021,2
"Launceston-Melbourne","Launceston","Melbourne","All Airlines","Feb-21",168,129,39,125,128,4,1,2021,2
"Launceston-Sydney","Launceston","Sydney","All Airlines","Feb-21",67,66,1,55,57,11,9,2021,2
"Mackay-Brisbane","Mackay","Brisbane","All Airlines","Feb-21",193,191,2,185,186,6,5,2021,2
"Melbourne-Adelaide","Melbourne","Adelaide","All Airlines","Feb-21",288,184,104,173,168,11,16,2021,2
"Melbourne-Brisbane","Melbourne","Brisbane","All Airlines","Feb-21",337,248,89,215,217,33,31,2021,2
"Melbourne-Cairns","Melbourne","Cairns","All Airlines","Feb-21",89,63,26,55,55,8,8,2021,2
"Melbourne-Canberra","Melbourne","Canberra","All Airlines","Feb-21",219,170,49,152,150,18,20,2021,2
"Melbourne-Gold Coast","Melbourne","Gold Coast","All Airlines","Feb-21",250,181,69,168,175,13,6,2021,2
"Melbourne-Hobart","Melbourne","Hobart","All Airlines","Feb-21",232,186,46,174,173,12,13,2021,2
"Melbourne-Launceston","Melbourne","Launceston","All Airlines","Feb-21",168,129,39,120,124,9,5,2021,2
"Melbourne-Mildura","Melbourne","Mildura","All Airlines","Feb-21",92,82,10,75,73,7,9,2021,2
"Melbourne-Newcastle","Melbourne","Newcastle","All Airlines","Feb-21",56,51,5,48,48,3,3,2021,2
"Melbourne-Perth","Melbourne","Perth","All Airlines","Feb-21",63,46,17,44,33,2,13,2021,2
"Melbourne-Sunshine Coast","Melbourne","Sunshine Coast","All Airlines","Feb-21",111,92,19,85,83,7,9,2021,2
"Melbourne-Sydney","Melbourne","Sydney","All Airlines","Feb-21",761,556,205,502,513,54,43,2021,2
"Mildura-Melbourne","Mildura","Melbourne","All Airlines","Feb-21",92,82,10,73,71,9,11,2021,2
"Mount Isa-Brisbane","Mount Isa","Brisbane","All Airlines","Feb-21",60,60,0,57,56,3,4,2021,2
"Newcastle-Brisbane","Newcastle","Brisbane","All Airlines","Feb-21",145,141,4,134,132,7,9,2021,2
"Newcastle-Melbourne","Newcastle","Melbourne","All Airlines","Feb-21",55,49,6,46,47,3,2,2021,2
"Newman-Perth","Newman","Perth","All Airlines","Feb-21",165,142,23,107,109,35,33,2021,2
"Perth-Adelaide","Perth","Adelaide","All Airlines","Feb-21",104,95,9,85,88,10,7,2021,2
"Perth-Brisbane","Perth","Brisbane","All Airlines","Feb-21",62,57,5,36,41,21,16,2021,2
"Perth-Broome","Perth","Broome","All Airlines","Feb-21",101,92,9,77,59,15,33,2021,2
"Perth-Darwin","Perth","Darwin","All Airlines","Feb-21",34,33,1,29,28,4,5,2021,2
"Perth-Kalgoorlie","Perth","Kalgoorlie","All Airlines","Feb-21",119,110,9,94,93,16,17,2021,2
"Perth-Karratha","Perth","Karratha","All Airlines","Feb-21",181,166,15,142,131,24,35,2021,2
"Perth-Melbourne","Perth","Melbourne","All Airlines","Feb-21",65,45,20,30,38,15,7,2021,2
"Perth-Newman","Perth","Newman","All Airlines","Feb-21",166,144,22,126,120,18,24,2021,2
"Perth-Port Hedland","Perth","Port Hedland","All Airlines","Feb-21",156,143,13,126,113,17,30,2021,2
"Perth-Sydney","Perth","Sydney","All Airlines","Feb-21",68,62,6,47,43,15,19,2021,2
"Port Hedland-Perth","Port Hedland","Perth","All Airlines","Feb-21",155,142,13,118,108,24,34,2021,2
"Port Lincoln-Adelaide","Port Lincoln","Adelaide","All Airlines","Feb-21",168,168,0,143,146,25,22,2021,2
"Proserpine-Brisbane","Proserpine","Brisbane","All Airlines","Feb-21",56,56,0,50,50,6,6,2021,2
"Rockhampton-Brisbane","Rockhampton","Brisbane","All Airlines","Feb-21",179,174,5,145,149,29,25,2021,2
"Sunshine Coast-Melbourne","Sunshine Coast","Melbourne","All Airlines","Feb-21",111,92,19,85,84,7,8,2021,2
"Sunshine Coast-Sydney","Sunshine Coast","Sydney","All Airlines","Feb-21",83,82,1,69,68,13,14,2021,2
"Sydney-Adelaide","Sydney","Adelaide","All Airlines","Feb-21",161,159,2,135,147,24,12,2021,2
"Sydney-Albury","Sydney","Albury","All Airlines","Feb-21",86,86,0,80,80,6,6,2021,2
"Sydney-Armidale","Sydney","Armidale","All Airlines","Feb-21",49,49,0,38,39,11,10,2021,2
"Sydney-Ballina","Sydney","Ballina","All Airlines","Feb-21",192,192,0,178,165,14,27,2021,2
"Sydney-Brisbane","Sydney","Brisbane","All Airlines","Feb-21",542,524,18,475,473,49,51,2021,2
"Sydney-Cairns","Sydney","Cairns","All Airlines","Feb-21",54,51,3,44,45,7,6,2021,2
"Sydney-Coffs Harbour","Sydney","Coffs Harbour","All Airlines","Feb-21",99,98,1,92,93,6,5,2021,2
"Sydney-Dubbo","Sydney","Dubbo","All Airlines","Feb-21",111,111,0,105,103,6,8,2021,2
"Sydney-Gold Coast","Sydney","Gold Coast","All Airlines","Feb-21",235,228,7,215,210,13,18,2021,2
"Sydney-Hamilton Island","Sydney","Hamilton Island","All Airlines","Feb-21",37,37,0,35,36,2,1,2021,2
"Sydney-Hobart","Sydney","Hobart","All Airlines","Feb-21",97,97,0,88,90,9,7,2021,2
"Sydney-Launceston","Sydney","Launceston","All Airlines","Feb-21",67,66,1,58,58,8,8,2021,2
"Sydney-Melbourne","Sydney","Melbourne","All Airlines","Feb-21",761,558,203,458,496,100,62,2021,2
"Sydney-Perth","Sydney","Perth","All Airlines","Feb-21",66,63,3,51,55,12,8,2021,2
"Sydney-Sunshine Coast","Sydney","Sunshine Coast","All Airlines","Feb-21",83,83,0,70,72,13,11,2021,2
"Sydney-Wagga Wagga","Sydney","Wagga Wagga","All Airlines","Feb-21",100,100,0,91,92,9,8,2021,2
"Townsville-Brisbane","Townsville","Brisbane","All Airlines","Feb-21",200,195,5,176,180,19,15,2021,2
"Townsville-Cairns","Townsville","Cairns","All Airlines","Feb-21",92,91,1,80,83,11,8,2021,2
"Wagga Wagga-Sydney","Wagga Wagga","Sydney","All Airlines","Feb-21",99,99,0,93,95,6,4,2021,2
"Adelaide-Brisbane","Adelaide","Brisbane","Jetstar","Mar-21",29,29,0,27,28,2,1,2021,3
"Adelaide-Gold Coast","Adelaide","Gold Coast","Jetstar","Mar-21",26,26,0,22,21,4,5,2021,3
"Adelaide-Melbourne","Adelaide","Melbourne","Jetstar","Mar-21",93,93,0,79,81,14,12,2021,3
"Adelaide-Perth","Adelaide","Perth","Jetstar","Mar-21",23,23,0,23,23,0,0,2021,3
"Adelaide-Sydney","Adelaide","Sydney","Jetstar","Mar-21",92,90,2,82,78,8,12,2021,3
"Ballina-Sydney","Ballina","Sydney","Jetstar","Mar-21",87,87,0,65,66,22,21,2021,3
"Brisbane-Adelaide","Brisbane","Adelaide","Jetstar","Mar-21",29,29,0,25,28,4,1,2021,3
"Brisbane-Cairns","Brisbane","Cairns","Jetstar","Mar-21",88,85,3,65,67,20,18,2021,3
"Brisbane-Darwin","Brisbane","Darwin","Jetstar","Mar-21",17,17,0,12,12,5,5,2021,3
"Brisbane-Hobart","Brisbane","Hobart","Jetstar","Mar-21",32,32,0,28,28,4,4,2021,3
"Brisbane-Mackay","Brisbane","Mackay","Jetstar","Mar-21",31,30,1,29,28,1,2,2021,3
"Brisbane-Melbourne","Brisbane","Melbourne","Jetstar","Mar-21",145,137,8,125,127,12,10,2021,3
"Brisbane-Newcastle","Brisbane","Newcastle","Jetstar","Mar-21",63,55,8,49,48,6,7,2021,3
"Brisbane-Proserpine","Brisbane","Proserpine","Jetstar","Mar-21",39,39,0,33,31,6,8,2021,3
"Brisbane-Sydney","Brisbane","Sydney","Jetstar","Mar-21",131,121,10,98,107,23,14,2021,3
"Brisbane-Townsville","Brisbane","Townsville","Jetstar","Mar-21",47,47,0,40,37,7,10,2021,3
"Cairns-Brisbane","Cairns","Brisbane","Jetstar","Mar-21",90,86,4,74,74,12,12,2021,3
"Cairns-Melbourne","Cairns","Melbourne","Jetstar","Mar-21",68,64,4,56,59,8,5,2021,3
"Cairns-Sydney","Cairns","Sydney","Jetstar","Mar-21",33,33,0,29,28,4,5,2021,3
"Darwin-Brisbane","Darwin","Brisbane","Jetstar","Mar-21",17,17,0,8,10,9,7,2021,3
"Gold Coast-Adelaide","Gold Coast","Adelaide","Jetstar","Mar-21",26,26,0,21,22,5,4,2021,3
"Gold Coast-Melbourne","Gold Coast","Melbourne","Jetstar","Mar-21",165,165,0,147,151,18,14,2021,3
"Gold Coast-Sydney","Gold Coast","Sydney","Jetstar","Mar-21",168,168,0,157,159,11,9,2021,3
"Hamilton Island-Sydney","Hamilton Island","Sydney","Jetstar","Mar-21",19,19,0,15,15,4,4,2021,3
"Hobart-Brisbane","Hobart","Brisbane","Jetstar","Mar-21",32,32,0,27,28,5,4,2021,3
"Hobart-Melbourne","Hobart","Melbourne","Jetstar","Mar-21",138,137,1,111,115,26,22,2021,3
"Hobart-Sydney","Hobart","Sydney","Jetstar","Mar-21",81,80,1,76,76,4,4,2021,3
"Launceston-Melbourne","Launceston","Melbourne","Jetstar","Mar-21",87,87,0,81,83,6,4,2021,3
"Launceston-Sydney","Launceston","Sydney","Jetstar","Mar-21",47,47,0,36,39,11,8,2021,3
"Mackay-Brisbane","Mackay","Brisbane","Jetstar","Mar-21",31,30,1,28,28,2,2,2021,3
"Melbourne-Adelaide","Melbourne","Adelaide","Jetstar","Mar-21",93,93,0,76,83,17,10,2021,3
"Melbourne-Brisbane","Melbourne","Brisbane","Jetstar","Mar-21",145,138,7,123,126,15,12,2021,3
"Melbourne-Cairns","Melbourne","Cairns","Jetstar","Mar-21",68,66,2,53,59,13,7,2021,3
"Melbourne-Gold Coast","Melbourne","Gold Coast","Jetstar","Mar-21",165,165,0,144,144,21,21,2021,3
"Melbourne-Hobart","Melbourne","Hobart","Jetstar","Mar-21",138,138,0,115,119,23,19,2021,3
"Melbourne-Launceston","Melbourne","Launceston","Jetstar","Mar-21",87,87,0,82,82,5,5,2021,3
"Melbourne-Newcastle","Melbourne","Newcastle","Jetstar","Mar-21",71,63,8,54,56,9,7,2021,3
"Melbourne-Perth","Melbourne","Perth","Jetstar","Mar-21",28,23,5,18,21,5,2,2021,3
"Melbourne-Sunshine Coast","Melbourne","Sunshine Coast","Jetstar","Mar-21",70,70,0,62,59,8,11,2021,3
"Melbourne-Sydney","Melbourne","Sydney","Jetstar","Mar-21",314,288,26,260,262,28,26,2021,3
"Newcastle-Brisbane","Newcastle","Brisbane","Jetstar","Mar-21",64,54,10,47,44,7,10,2021,3
"Newcastle-Melbourne","Newcastle","Melbourne","Jetstar","Mar-21",71,63,8,55,57,8,6,2021,3
"Perth-Adelaide","Perth","Adelaide","Jetstar","Mar-21",23,23,0,20,21,3,2,2021,3
"Perth-Melbourne","Perth","Melbourne","Jetstar","Mar-21",28,22,6,16,12,6,10,2021,3
"Perth-Sydney","Perth","Sydney","Jetstar","Mar-21",31,30,1,16,19,14,11,2021,3
"Proserpine-Brisbane","Proserpine","Brisbane","Jetstar","Mar-21",39,39,0,32,32,7,7,2021,3
"Sunshine Coast-Melbourne","Sunshine Coast","Melbourne","Jetstar","Mar-21",70,70,0,56,60,14,10,2021,3
"Sunshine Coast-Sydney","Sunshine Coast","Sydney","Jetstar","Mar-21",63,62,1,53,49,9,13,2021,3
"Sydney-Adelaide","Sydney","Adelaide","Jetstar","Mar-21",92,90,2,80,81,10,9,2021,3
"Sydney-Ballina","Sydney","Ballina","Jetstar","Mar-21",87,87,0,75,72,12,15,2021,3
"Sydney-Brisbane","Sydney","Brisbane","Jetstar","Mar-21",131,121,10,99,101,22,20,2021,3
"Sydney-Cairns","Sydney","Cairns","Jetstar","Mar-21",34,34,0,22,26,12,8,2021,3
"Sydney-Gold Coast","Sydney","Gold Coast","Jetstar","Mar-21",168,168,0,160,155,8,13,2021,3
"Sydney-Hamilton Island","Sydney","Hamilton Island","Jetstar","Mar-21",19,19,0,14,15,5,4,2021,3
"Sydney-Hobart","Sydney","Hobart","Jetstar","Mar-21",81,80,1,71,73,9,7,2021,3
"Sydney-Launceston","Sydney","Launceston","Jetstar","Mar-21",47,47,0,38,38,9,9,2021,3
"Sydney-Melbourne","Sydney","Melbourne","Jetstar","Mar-21",314,286,28,236,254,50,32,2021,3
"Sydney-Perth","Sydney","Perth","Jetstar","Mar-21",30,30,0,14,22,16,8,2021,3
"Sydney-Sunshine Coast","Sydney","Sunshine Coast","Jetstar","Mar-21",63,63,0,54,52,9,11,2021,3
"Townsville-Brisbane","Townsville","Brisbane","Jetstar","Mar-21",46,46,0,36,37,10,9,2021,3
"Adelaide-Alice Springs","Adelaide","Alice Springs","Qantas","Mar-21",31,31,0,26,25,5,6,2021,3
"Adelaide-Brisbane","Adelaide","Brisbane","Qantas","Mar-21",99,98,1,89,86,9,12,2021,3
"Adelaide-Canberra","Adelaide","Canberra","Qantas","Mar-21",27,27,0,23,24,4,3,2021,3
"Adelaide-Melbourne","Adelaide","Melbourne","Qantas","Mar-21",115,114,1,97,101,17,13,2021,3
"Adelaide-Perth","Adelaide","Perth","Qantas","Mar-21",78,78,0,66,75,12,3,2021,3
"Adelaide-Sydney","Adelaide","Sydney","Qantas","Mar-21",178,177,1,164,154,13,23,2021,3
"Alice Springs-Adelaide","Alice Springs","Adelaide","Qantas","Mar-21",31,31,0,25,26,6,5,2021,3
"Ballina-Sydney","Ballina","Sydney","Qantas","Mar-21",16,15,1,9,10,6,5,2021,3
"Brisbane-Adelaide","Brisbane","Adelaide","Qantas","Mar-21",99,98,1,92,92,6,6,2021,3
"Brisbane-Cairns","Brisbane","Cairns","Qantas","Mar-21",114,112,2,104,102,8,10,2021,3
"Brisbane-Canberra","Brisbane","Canberra","Qantas","Mar-21",57,55,2,50,52,5,3,2021,3
"Brisbane-Darwin","Brisbane","Darwin","Qantas","Mar-21",31,31,0,27,25,4,6,2021,3
"Brisbane-Hamilton Island","Brisbane","Hamilton Island","Qantas","Mar-21",31,31,0,30,30,1,1,2021,3
"Brisbane-Mackay","Brisbane","Mackay","Qantas","Mar-21",81,81,0,73,70,8,11,2021,3
"Brisbane-Melbourne","Brisbane","Melbourne","Qantas","Mar-21",203,194,9,173,152,21,42,2021,3
"Brisbane-Mount Isa","Brisbane","Mount Isa","Qantas","Mar-21",34,34,0,32,30,2,4,2021,3
"Brisbane-Perth","Brisbane","Perth","Qantas","Mar-21",97,93,4,69,64,24,29,2021,3
"Brisbane-Sydney","Brisbane","Sydney","Qantas","Mar-21",462,438,24,398,391,40,47,2021,3
"Brisbane-Townsville","Brisbane","Townsville","Qantas","Mar-21",112,111,1,97,100,14,11,2021,3
"Cairns-Brisbane","Cairns","Brisbane","Qantas","Mar-21",114,112,2,104,105,8,7,2021,3
"Cairns-Melbourne","Cairns","Melbourne","Qantas","Mar-21",18,18,0,17,14,1,4,2021,3
"Cairns-Sydney","Cairns","Sydney","Qantas","Mar-21",32,32,0,21,24,11,8,2021,3
"Canberra-Adelaide","Canberra","Adelaide","Qantas","Mar-21",27,27,0,23,23,4,4,2021,3
"Canberra-Brisbane","Canberra","Brisbane","Qantas","Mar-21",57,55,2,53,53,2,2,2021,3
"Canberra-Melbourne","Canberra","Melbourne","Qantas","Mar-21",9,9,0,8,8,1,1,2021,3
"Darwin-Brisbane","Darwin","Brisbane","Qantas","Mar-21",30,29,1,18,20,11,9,2021,3
"Darwin-Perth","Darwin","Perth","Qantas","Mar-21",31,31,0,23,23,8,8,2021,3
"Gold Coast-Melbourne","Gold Coast","Melbourne","Qantas","Mar-21",41,40,1,35,35,5,5,2021,3
"Gold Coast-Sydney","Gold Coast","Sydney","Qantas","Mar-21",80,80,0,72,70,8,10,2021,3
"Hamilton Island-Brisbane","Hamilton Island","Brisbane","Qantas","Mar-21",31,31,0,29,29,2,2,2021,3
"Hamilton Island-Sydney","Hamilton Island","Sydney","Qantas","Mar-21",20,20,0,18,17,2,3,2021,3
"Hobart-Melbourne","Hobart","Melbourne","Qantas","Mar-21",4,4,0,4,4,0,0,2021,3
"Hobart-Sydney","Hobart","Sydney","Qantas","Mar-21",4,4,0,3,3,1,1,2021,3
"Kalgoorlie-Perth","Kalgoorlie","Perth","Qantas","Mar-21",6,6,0,4,4,2,2,2021,3
"Karratha-Perth","Karratha","Perth","Qantas","Mar-21",16,15,1,11,11,4,4,2021,3
"Mackay-Brisbane","Mackay","Brisbane","Qantas","Mar-21",81,81,0,74,74,7,7,2021,3
"Melbourne-Adelaide","Melbourne","Adelaide","Qantas","Mar-21",115,115,0,106,106,9,9,2021,3
"Melbourne-Brisbane","Melbourne","Brisbane","Qantas","Mar-21",200,191,9,157,131,34,60,2021,3
"Melbourne-Cairns","Melbourne","Cairns","Qantas","Mar-21",18,18,0,18,17,0,1,2021,3
"Melbourne-Canberra","Melbourne","Canberra","Qantas","Mar-21",10,10,0,9,8,1,2,2021,3
"Melbourne-Gold Coast","Melbourne","Gold Coast","Qantas","Mar-21",42,41,1,35,34,6,7,2021,3
"Melbourne-Hobart","Melbourne","Hobart","Qantas","Mar-21",4,4,0,4,4,0,0,2021,3
"Melbourne-Perth","Melbourne","Perth","Qantas","Mar-21",53,53,0,34,39,19,14,2021,3
"Melbourne-Sydney","Melbourne","Sydney","Qantas","Mar-21",598,581,17,539,528,42,53,2021,3
"Mount Isa-Brisbane","Mount Isa","Brisbane","Qantas","Mar-21",34,33,1,30,30,3,3,2021,3
"Newman-Perth","Newman","Perth","Qantas","Mar-21",24,23,1,10,13,13,10,2021,3
"Perth-Adelaide","Perth","Adelaide","Qantas","Mar-21",77,77,0,63,51,14,26,2021,3
"Perth-Brisbane","Perth","Brisbane","Qantas","Mar-21",98,92,6,74,66,18,26,2021,3
"Perth-Darwin","Perth","Darwin","Qantas","Mar-21",31,31,0,26,23,5,8,2021,3
"Perth-Kalgoorlie","Perth","Kalgoorlie","Qantas","Mar-21",6,6,0,5,5,1,1,2021,3
"Perth-Karratha","Perth","Karratha","Qantas","Mar-21",16,15,1,13,13,2,2,2021,3
"Perth-Melbourne","Perth","Melbourne","Qantas","Mar-21",54,54,0,40,24,14,30,2021,3
"Perth-Newman","Perth","Newman","Qantas","Mar-21",24,24,0,21,18,3,6,2021,3
"Perth-Port Hedland","Perth","Port Hedland","Qantas","Mar-21",36,36,0,33,32,3,4,2021,3
"Perth-Sydney","Perth","Sydney","Qantas","Mar-21",147,144,3,116,96,28,48,2021,3
"Port Hedland-Perth","Port Hedland","Perth","Qantas","Mar-21",36,35,1,26,21,9,14,2021,3
"Sydney-Adelaide","Sydney","Adelaide","Qantas","Mar-21",179,177,2,155,167,22,10,2021,3
"Sydney-Ballina","Sydney","Ballina","Qantas","Mar-21",16,15,1,12,10,3,5,2021,3
"Sydney-Brisbane","Sydney","Brisbane","Qantas","Mar-21",463,440,23,406,381,34,59,2021,3
"Sydney-Cairns","Sydney","Cairns","Qantas","Mar-21",32,32,0,22,21,10,11,2021,3
"Sydney-Gold Coast","Sydney","Gold Coast","Qantas","Mar-21",82,82,0,73,71,9,11,2021,3
"Sydney-Hamilton Island","Sydney","Hamilton Island","Qantas","Mar-21",19,19,0,18,19,1,0,2021,3
"Sydney-Hobart","Sydney","Hobart","Qantas","Mar-21",4,4,0,4,4,0,0,2021,3
"Sydney-Melbourne","Sydney","Melbourne","Qantas","Mar-21",598,581,17,532,531,49,50,2021,3
"Sydney-Perth","Sydney","Perth","Qantas","Mar-21",147,146,1,112,110,34,36,2021,3
"Townsville-Brisbane","Townsville","Brisbane","Qantas","Mar-21",111,110,1,98,98,12,12,2021,3
"Adelaide-Canberra","Adelaide","Canberra","QantasLink","Mar-21",4,4,0,2,2,2,2,2021,3
"Adelaide-Port Lincoln","Adelaide","Port Lincoln","QantasLink","Mar-21",102,99,3,86,87,13,12,2021,3
"Albury-Sydney","Albury","Sydney","QantasLink","Mar-21",112,112,0,87,88,25,24,2021,3
"Armidale-Sydney","Armidale","Sydney","QantasLink","Mar-21",60,59,1,46,44,13,15,2021,3
"Ballina-Sydney","Ballina","Sydney","QantasLink","Mar-21",96,91,5,69,61,22,30,2021,3
"Brisbane-Cairns","Brisbane","Cairns","QantasLink","Mar-21",9,9,0,9,9,0,0,2021,3
"Brisbane-Canberra","Brisbane","Canberra","QantasLink","Mar-21",101,98,3,88,90,10,8,2021,3
"Brisbane-Emerald","Brisbane","Emerald","QantasLink","Mar-21",129,127,2,120,121,7,6,2021,3
"Brisbane-Gladstone","Brisbane","Gladstone","QantasLink","Mar-21",95,91,4,84,85,7,6,2021,3
"Brisbane-Hamilton Island","Brisbane","Hamilton Island","QantasLink","Mar-21",10,10,0,9,9,1,1,2021,3
"Brisbane-Hobart","Brisbane","Hobart","QantasLink","Mar-21",21,21,0,17,17,4,4,2021,3
"Brisbane-Mackay","Brisbane","Mackay","QantasLink","Mar-21",35,35,0,32,32,3,3,2021,3
"Brisbane-Mount Isa","Brisbane","Mount Isa","QantasLink","Mar-21",20,19,1,16,16,3,3,2021,3
"Brisbane-Newcastle","Brisbane","Newcastle","QantasLink","Mar-21",83,76,7,66,64,10,12,2021,3
"Brisbane-Rockhampton","Brisbane","Rockhampton","QantasLink","Mar-21",144,139,5,129,124,10,15,2021,3
"Brisbane-Townsville","Brisbane","Townsville","QantasLink","Mar-21",2,2,0,2,2,0,0,2021,3
"Broome-Perth","Broome","Perth","QantasLink","Mar-21",89,88,1,73,66,15,22,2021,3
"Cairns-Brisbane","Cairns","Brisbane","QantasLink","Mar-21",9,9,0,9,9,0,0,2021,3
"Cairns-Townsville","Cairns","Townsville","QantasLink","Mar-21",100,100,0,89,89,11,11,2021,3
"Canberra-Adelaide","Canberra","Adelaide","QantasLink","Mar-21",4,4,0,3,4,1,0,2021,3
"Canberra-Brisbane","Canberra","Brisbane","QantasLink","Mar-21",100,96,4,88,89,8,7,2021,3
"Canberra-Melbourne","Canberra","Melbourne","QantasLink","Mar-21",127,124,3,91,91,33,33,2021,3
"Coffs Harbour-Sydney","Coffs Harbour","Sydney","QantasLink","Mar-21",118,117,1,96,98,21,19,2021,3
"Dubbo-Sydney","Dubbo","Sydney","QantasLink","Mar-21",93,91,2,83,82,8,9,2021,3
"Emerald-Brisbane","Emerald","Brisbane","QantasLink","Mar-21",129,127,2,122,123,5,4,2021,3
"Gladstone-Brisbane","Gladstone","Brisbane","QantasLink","Mar-21",94,90,4,82,80,8,10,2021,3
"Hamilton Island-Brisbane","Hamilton Island","Brisbane","QantasLink","Mar-21",10,10,0,9,9,1,1,2021,3
"Hobart-Brisbane","Hobart","Brisbane","QantasLink","Mar-21",21,21,0,15,16,6,5,2021,3
"Hobart-Melbourne","Hobart","Melbourne","QantasLink","Mar-21",70,70,0,56,55,14,15,2021,3
"Hobart-Sydney","Hobart","Sydney","QantasLink","Mar-21",56,55,1,45,48,10,7,2021,3
"Kalgoorlie-Perth","Kalgoorlie","Perth","QantasLink","Mar-21",69,69,0,47,47,22,22,2021,3
"Karratha-Perth","Karratha","Perth","QantasLink","Mar-21",129,122,7,91,88,31,34,2021,3
"Launceston-Melbourne","Launceston","Melbourne","QantasLink","Mar-21",65,65,0,58,58,7,7,2021,3
"Launceston-Sydney","Launceston","Sydney","QantasLink","Mar-21",21,21,0,17,15,4,6,2021,3
"Mackay-Brisbane","Mackay","Brisbane","QantasLink","Mar-21",35,35,0,33,34,2,1,2021,3
"Melbourne-Canberra","Melbourne","Canberra","QantasLink","Mar-21",124,123,1,99,91,24,32,2021,3
"Melbourne-Hobart","Melbourne","Hobart","QantasLink","Mar-21",71,71,0,54,52,17,19,2021,3
"Melbourne-Launceston","Melbourne","Launceston","QantasLink","Mar-21",66,66,0,54,57,12,9,2021,3
"Melbourne-Mildura","Melbourne","Mildura","QantasLink","Mar-21",85,85,0,69,72,16,13,2021,3
"Melbourne-Newcastle","Melbourne","Newcastle","QantasLink","Mar-21",30,23,7,18,16,5,7,2021,3
"Melbourne-Sunshine Coast","Melbourne","Sunshine Coast","QantasLink","Mar-21",48,48,0,40,36,8,12,2021,3
"Mildura-Melbourne","Mildura","Melbourne","QantasLink","Mar-21",85,85,0,67,65,18,20,2021,3
"Mount Isa-Brisbane","Mount Isa","Brisbane","QantasLink","Mar-21",20,19,1,17,17,2,2,2021,3
"Newcastle-Brisbane","Newcastle","Brisbane","QantasLink","Mar-21",82,74,8,68,68,6,6,2021,3
"Newcastle-Melbourne","Newcastle","Melbourne","QantasLink","Mar-21",29,24,5,20,21,4,3,2021,3
"Newman-Perth","Newman","Perth","QantasLink","Mar-21",106,101,5,75,72,26,29,2021,3
"Perth-Broome","Perth","Broome","QantasLink","Mar-21",89,88,1,70,53,18,35,2021,3
"Perth-Kalgoorlie","Perth","Kalgoorlie","QantasLink","Mar-21",69,69,0,52,50,17,19,2021,3
"Perth-Karratha","Perth","Karratha","QantasLink","Mar-21",130,124,6,94,78,30,46,2021,3
"Perth-Newman","Perth","Newman","QantasLink","Mar-21",107,102,5,89,85,13,17,2021,3
"Perth-Port Hedland","Perth","Port Hedland","QantasLink","Mar-21",91,89,2,73,62,16,27,2021,3
"Port Hedland-Perth","Port Hedland","Perth","QantasLink","Mar-21",91,88,3,58,36,30,52,2021,3
"Port Lincoln-Adelaide","Port Lincoln","Adelaide","QantasLink","Mar-21",102,99,3,85,86,14,13,2021,3
"Port Macquarie-Sydney","Port Macquarie","Sydney","QantasLink","Mar-21",94,78,16,71,71,7,7,2021,3
"Rockhampton-Brisbane","Rockhampton","Brisbane","QantasLink","Mar-21",144,139,5,121,117,18,22,2021,3
"Sunshine Coast-Melbourne","Sunshine Coast","Melbourne","QantasLink","Mar-21",48,48,0,41,42,7,6,2021,3
"Sunshine Coast-Sydney","Sunshine Coast","Sydney","QantasLink","Mar-21",64,62,2,52,52,10,10,2021,3
"Sydney-Albury","Sydney","Albury","QantasLink","Mar-21",112,112,0,88,93,24,19,2021,3
"Sydney-Armidale","Sydney","Armidale","QantasLink","Mar-21",61,60,1,51,46,9,14,2021,3
"Sydney-Ballina","Sydney","Ballina","QantasLink","Mar-21",97,95,2,79,66,16,29,2021,3
"Sydney-Coffs Harbour","Sydney","Coffs Harbour","QantasLink","Mar-21",118,118,0,99,98,19,20,2021,3
"Sydney-Dubbo","Sydney","Dubbo","QantasLink","Mar-21",93,93,0,81,81,12,12,2021,3
"Sydney-Hobart","Sydney","Hobart","QantasLink","Mar-21",57,57,0,45,45,12,12,2021,3
"Sydney-Launceston","Sydney","Launceston","QantasLink","Mar-21",21,21,0,19,19,2,2,2021,3
"Sydney-Port Macquarie","Sydney","Port Macquarie","QantasLink","Mar-21",94,77,17,67,68,10,9,2021,3
"Sydney-Sunshine Coast","Sydney","Sunshine Coast","QantasLink","Mar-21",65,63,2,50,50,13,13,2021,3
"Sydney-Wagga Wagga","Sydney","Wagga Wagga","QantasLink","Mar-21",100,100,0,85,85,15,15,2021,3
"Townsville-Brisbane","Townsville","Brisbane","QantasLink","Mar-21",2,2,0,2,0,0,2,2021,3
"Townsville-Cairns","Townsville","Cairns","QantasLink","Mar-21",99,99,0,81,88,18,11,2021,3
"Wagga Wagga-Sydney","Wagga Wagga","Sydney","QantasLink","Mar-21",100,99,1,87,89,12,10,2021,3
"Adelaide-Melbourne","Adelaide","Melbourne","Regional Express","Mar-21",1,1,0,1,1,0,0,2021,3
"Adelaide-Port Lincoln","Adelaide","Port Lincoln","Regional Express","Mar-21",128,128,0,113,113,15,15,2021,3
"Albury-Sydney","Albury","Sydney","Regional Express","Mar-21",33,33,0,31,30,2,3,2021,3
"Armidale-Sydney","Armidale","Sydney","Regional Express","Mar-21",15,15,0,11,12,4,3,2021,3
"Ballina-Sydney","Ballina","Sydney","Regional Express","Mar-21",9,9,0,5,5,4,4,2021,3
"Cairns-Townsville","Cairns","Townsville","Regional Express","Mar-21",9,9,0,8,8,1,1,2021,3
"Coffs Harbour-Sydney","Coffs Harbour","Sydney","Regional Express","Mar-21",9,9,0,9,9,0,0,2021,3
"Dubbo-Sydney","Dubbo","Sydney","Regional Express","Mar-21",63,63,0,54,51,9,12,2021,3
"Gold Coast-Melbourne","Gold Coast","Melbourne","Regional Express","Mar-21",4,4,0,1,1,3,3,2021,3
"Melbourne-Adelaide","Melbourne","Adelaide","Regional Express","Mar-21",1,1,0,1,1,0,0,2021,3
"Melbourne-Gold Coast","Melbourne","Gold Coast","Regional Express","Mar-21",4,4,0,4,3,0,1,2021,3
"Melbourne-Mildura","Melbourne","Mildura","Regional Express","Mar-21",34,34,0,30,30,4,4,2021,3
"Melbourne-Sydney","Melbourne","Sydney","Regional Express","Mar-21",180,157,23,144,145,13,12,2021,3
"Mildura-Melbourne","Mildura","Melbourne","Regional Express","Mar-21",34,34,0,31,31,3,3,2021,3
"Port Lincoln-Adelaide","Port Lincoln","Adelaide","Regional Express","Mar-21",128,128,0,109,108,19,20,2021,3
"Port Macquarie-Sydney","Port Macquarie","Sydney","Regional Express","Mar-21",9,9,0,9,9,0,0,2021,3
"Sydney-Albury","Sydney","Albury","Regional Express","Mar-21",34,34,0,33,33,1,1,2021,3
"Sydney-Armidale","Sydney","Armidale","Regional Express","Mar-21",15,15,0,11,11,4,4,2021,3
"Sydney-Ballina","Sydney","Ballina","Regional Express","Mar-21",9,9,0,7,7,2,2,2021,3
"Sydney-Coffs Harbour","Sydney","Coffs Harbour","Regional Express","Mar-21",10,10,0,9,9,1,1,2021,3
"Sydney-Dubbo","Sydney","Dubbo","Regional Express","Mar-21",64,64,0,59,57,5,7,2021,3
"Sydney-Melbourne","Sydney","Melbourne","Regional Express","Mar-21",180,158,22,143,143,15,15,2021,3
"Sydney-Port Macquarie","Sydney","Port Macquarie","Regional Express","Mar-21",10,10,0,10,10,0,0,2021,3
"Sydney-Wagga Wagga","Sydney","Wagga Wagga","Regional Express","Mar-21",34,34,0,29,30,5,4,2021,3
"Townsville-Cairns","Townsville","Cairns","Regional Express","Mar-21",9,9,0,9,9,0,0,2021,3
"Wagga Wagga-Sydney","Wagga Wagga","Sydney","Regional Express","Mar-21",35,35,0,32,30,3,5,2021,3
"Adelaide-Alice Springs","Adelaide","Alice Springs","Virgin Australia","Mar-21",17,17,0,12,11,5,6,2021,3
"Adelaide-Brisbane","Adelaide","Brisbane","Virgin Australia","Mar-21",95,92,3,75,82,17,10,2021,3
"Adelaide-Canberra","Adelaide","Canberra","Virgin Australia","Mar-21",25,25,0,24,24,1,1,2021,3
"Adelaide-Gold Coast","Adelaide","Gold Coast","Virgin Australia","Mar-21",31,31,0,31,31,0,0,2021,3
"Adelaide-Melbourne","Adelaide","Melbourne","Virgin Australia","Mar-21",90,90,0,69,75,21,15,2021,3
"Adelaide-Perth","Adelaide","Perth","Virgin Australia","Mar-21",40,39,1,31,32,8,7,2021,3
"Adelaide-Sydney","Adelaide","Sydney","Virgin Australia","Mar-21",105,105,0,94,95,11,10,2021,3
"Alice Springs-Adelaide","Alice Springs","Adelaide","Virgin Australia","Mar-21",17,17,0,13,16,4,1,2021,3
"Ballina-Sydney","Ballina","Sydney","Virgin Australia","Mar-21",36,36,0,28,29,8,7,2021,3
"Brisbane-Adelaide","Brisbane","Adelaide","Virgin Australia","Mar-21",95,92,3,76,79,16,13,2021,3
"Brisbane-Cairns","Brisbane","Cairns","Virgin Australia","Mar-21",95,92,3,60,62,32,30,2021,3
"Brisbane-Canberra","Brisbane","Canberra","Virgin Australia","Mar-21",88,84,4,62,73,22,11,2021,3
"Brisbane-Darwin","Brisbane","Darwin","Virgin Australia","Mar-21",31,31,0,28,27,3,4,2021,3
"Brisbane-Emerald","Brisbane","Emerald","Virgin Australia","Mar-21",24,23,1,22,22,1,1,2021,3
"Brisbane-Gladstone","Brisbane","Gladstone","Virgin Australia","Mar-21",54,52,2,49,46,3,6,2021,3
"Brisbane-Hamilton Island","Brisbane","Hamilton Island","Virgin Australia","Mar-21",38,37,1,30,30,7,7,2021,3
"Brisbane-Hobart","Brisbane","Hobart","Virgin Australia","Mar-21",31,31,0,27,28,4,3,2021,3
"Brisbane-Mackay","Brisbane","Mackay","Virgin Australia","Mar-21",96,95,1,69,74,26,21,2021,3
"Brisbane-Melbourne","Brisbane","Melbourne","Virgin Australia","Mar-21",158,150,8,112,121,38,29,2021,3
"Brisbane-Mount Isa","Brisbane","Mount Isa","Virgin Australia","Mar-21",16,15,1,14,14,1,1,2021,3
"Brisbane-Newcastle","Brisbane","Newcastle","Virgin Australia","Mar-21",43,36,7,33,35,3,1,2021,3
"Brisbane-Perth","Brisbane","Perth","Virgin Australia","Mar-21",57,53,4,34,39,19,14,2021,3
"Brisbane-Proserpine","Brisbane","Proserpine","Virgin Australia","Mar-21",33,33,0,27,24,6,9,2021,3
"Brisbane-Rockhampton","Brisbane","Rockhampton","Virgin Australia","Mar-21",86,86,0,63,58,23,28,2021,3
"Brisbane-Sydney","Brisbane","Sydney","Virgin Australia","Mar-21",303,287,16,245,257,42,30,2021,3
"Brisbane-Townsville","Brisbane","Townsville","Virgin Australia","Mar-21",96,94,2,72,74,22,20,2021,3
"Broome-Perth","Broome","Perth","Virgin Australia","Mar-21",30,30,0,27,27,3,3,2021,3
"Cairns-Brisbane","Cairns","Brisbane","Virgin Australia","Mar-21",95,92,3,77,81,15,11,2021,3
"Cairns-Melbourne","Cairns","Melbourne","Virgin Australia","Mar-21",26,26,0,25,26,1,0,2021,3
"Cairns-Sydney","Cairns","Sydney","Virgin Australia","Mar-21",41,40,1,35,35,5,5,2021,3
"Canberra-Adelaide","Canberra","Adelaide","Virgin Australia","Mar-21",25,25,0,23,23,2,2,2021,3
"Canberra-Brisbane","Canberra","Brisbane","Virgin Australia","Mar-21",88,84,4,72,74,12,10,2021,3
"Canberra-Melbourne","Canberra","Melbourne","Virgin Australia","Mar-21",60,60,0,56,57,4,3,2021,3
"Coffs Harbour-Sydney","Coffs Harbour","Sydney","Virgin Australia","Mar-21",24,24,0,18,20,6,4,2021,3
"Darwin-Brisbane","Darwin","Brisbane","Virgin Australia","Mar-21",31,31,0,22,25,9,6,2021,3
"Darwin-Perth","Darwin","Perth","Virgin Australia","Mar-21",15,15,0,9,7,6,8,2021,3
"Emerald-Brisbane","Emerald","Brisbane","Virgin Australia","Mar-21",24,23,1,23,23,0,0,2021,3
"Gladstone-Brisbane","Gladstone","Brisbane","Virgin Australia","Mar-21",54,52,2,48,45,4,7,2021,3
"Gold Coast-Adelaide","Gold Coast","Adelaide","Virgin Australia","Mar-21",31,31,0,28,29,3,2,2021,3
"Gold Coast-Melbourne","Gold Coast","Melbourne","Virgin Australia","Mar-21",102,102,0,76,85,26,17,2021,3
"Gold Coast-Sydney","Gold Coast","Sydney","Virgin Australia","Mar-21",174,172,2,138,151,34,21,2021,3
"Hamilton Island-Brisbane","Hamilton Island","Brisbane","Virgin Australia","Mar-21",38,37,1,28,29,9,8,2021,3
"Hamilton Island-Sydney","Hamilton Island","Sydney","Virgin Australia","Mar-21",31,31,0,27,28,4,3,2021,3
"Hobart-Brisbane","Hobart","Brisbane","Virgin Australia","Mar-21",31,31,0,27,27,4,4,2021,3
"Hobart-Melbourne","Hobart","Melbourne","Virgin Australia","Mar-21",72,72,0,64,65,8,7,2021,3
"Hobart-Sydney","Hobart","Sydney","Virgin Australia","Mar-21",54,53,1,42,42,11,11,2021,3
"Kalgoorlie-Perth","Kalgoorlie","Perth","Virgin Australia","Mar-21",23,23,0,9,11,14,12,2021,3
"Karratha-Perth","Karratha","Perth","Virgin Australia","Mar-21",46,46,0,37,39,9,7,2021,3
"Launceston-Melbourne","Launceston","Melbourne","Virgin Australia","Mar-21",55,55,0,55,55,0,0,2021,3
"Launceston-Sydney","Launceston","Sydney","Virgin Australia","Mar-21",31,31,0,27,27,4,4,2021,3
"Mackay-Brisbane","Mackay","Brisbane","Virgin Australia","Mar-21",96,94,2,80,83,14,11,2021,3
"Melbourne-Adelaide","Melbourne","Adelaide","Virgin Australia","Mar-21",90,90,0,78,78,12,12,2021,3
"Melbourne-Brisbane","Melbourne","Brisbane","Virgin Australia","Mar-21",157,150,7,126,130,24,20,2021,3
"Melbourne-Cairns","Melbourne","Cairns","Virgin Australia","Mar-21",26,26,0,24,26,2,0,2021,3
"Melbourne-Canberra","Melbourne","Canberra","Virgin Australia","Mar-21",60,60,0,58,59,2,1,2021,3
"Melbourne-Gold Coast","Melbourne","Gold Coast","Virgin Australia","Mar-21",103,103,0,82,86,21,17,2021,3
"Melbourne-Hobart","Melbourne","Hobart","Virgin Australia","Mar-21",73,73,0,67,66,6,7,2021,3
"Melbourne-Launceston","Melbourne","Launceston","Virgin Australia","Mar-21",56,56,0,53,53,3,3,2021,3
"Melbourne-Newcastle","Melbourne","Newcastle","Virgin Australia","Mar-21",23,21,2,20,19,1,2,2021,3
"Melbourne-Perth","Melbourne","Perth","Virgin Australia","Mar-21",46,46,0,40,44,6,2,2021,3
"Melbourne-Sunshine Coast","Melbourne","Sunshine Coast","Virgin Australia","Mar-21",42,42,0,41,41,1,1,2021,3
"Melbourne-Sydney","Melbourne","Sydney","Virgin Australia","Mar-21",371,367,4,339,329,28,38,2021,3
"Mount Isa-Brisbane","Mount Isa","Brisbane","Virgin Australia","Mar-21",16,15,1,13,12,2,3,2021,3
"Newcastle-Brisbane","Newcastle","Brisbane","Virgin Australia","Mar-21",43,36,7,35,35,1,1,2021,3
"Newcastle-Melbourne","Newcastle","Melbourne","Virgin Australia","Mar-21",23,21,2,17,18,4,3,2021,3
"Newman-Perth","Newman","Perth","Virgin Australia","Mar-21",39,39,0,28,26,11,13,2021,3
"Perth-Adelaide","Perth","Adelaide","Virgin Australia","Mar-21",41,40,1,36,34,4,6,2021,3
"Perth-Brisbane","Perth","Brisbane","Virgin Australia","Mar-21",57,53,4,30,35,23,18,2021,3
"Perth-Broome","Perth","Broome","Virgin Australia","Mar-21",30,30,0,25,28,5,2,2021,3
"Perth-Darwin","Perth","Darwin","Virgin Australia","Mar-21",15,15,0,13,13,2,2,2021,3
"Perth-Kalgoorlie","Perth","Kalgoorlie","Virgin Australia","Mar-21",23,23,0,21,22,2,1,2021,3
"Perth-Karratha","Perth","Karratha","Virgin Australia","Mar-21",46,46,0,43,42,3,4,2021,3
"Perth-Melbourne","Perth","Melbourne","Virgin Australia","Mar-21",46,46,0,39,37,7,9,2021,3
"Perth-Newman","Perth","Newman","Virgin Australia","Mar-21",39,39,0,37,34,2,5,2021,3
"Perth-Port Hedland","Perth","Port Hedland","Virgin Australia","Mar-21",1,1,0,1,1,0,0,2021,3
"Perth-Sydney","Perth","Sydney","Virgin Australia","Mar-21",56,56,0,47,45,9,11,2021,3
"Port Hedland-Perth","Port Hedland","Perth","Virgin Australia","Mar-21",1,1,0,1,0,0,1,2021,3
"Proserpine-Brisbane","Proserpine","Brisbane","Virgin Australia","Mar-21",33,33,0,27,28,6,5,2021,3
"Rockhampton-Brisbane","Rockhampton","Brisbane","Virgin Australia","Mar-21",86,86,0,68,73,18,13,2021,3
"Sunshine Coast-Melbourne","Sunshine Coast","Melbourne","Virgin Australia","Mar-21",42,42,0,33,32,9,10,2021,3
"Sunshine Coast-Sydney","Sunshine Coast","Sydney","Virgin Australia","Mar-21",39,39,0,28,24,11,15,2021,3
"Sydney-Adelaide","Sydney","Adelaide","Virgin Australia","Mar-21",105,105,0,83,86,22,19,2021,3
"Sydney-Ballina","Sydney","Ballina","Virgin Australia","Mar-21",36,36,0,34,30,2,6,2021,3
"Sydney-Brisbane","Sydney","Brisbane","Virgin Australia","Mar-21",304,287,17,235,244,52,43,2021,3
"Sydney-Cairns","Sydney","Cairns","Virgin Australia","Mar-21",41,40,1,35,35,5,5,2021,3
"Sydney-Coffs Harbour","Sydney","Coffs Harbour","Virgin Australia","Mar-21",24,24,0,18,18,6,6,2021,3
"Sydney-Gold Coast","Sydney","Gold Coast","Virgin Australia","Mar-21",174,173,1,143,139,30,34,2021,3
"Sydney-Hamilton Island","Sydney","Hamilton Island","Virgin Australia","Mar-21",31,31,0,28,27,3,4,2021,3
"Sydney-Hobart","Sydney","Hobart","Virgin Australia","Mar-21",54,53,1,45,46,8,7,2021,3
"Sydney-Launceston","Sydney","Launceston","Virgin Australia","Mar-21",31,31,0,28,27,3,4,2021,3
"Sydney-Melbourne","Sydney","Melbourne","Virgin Australia","Mar-21",371,368,3,295,327,73,41,2021,3
"Sydney-Perth","Sydney","Perth","Virgin Australia","Mar-21",56,56,0,44,47,12,9,2021,3
"Sydney-Sunshine Coast","Sydney","Sunshine Coast","Virgin Australia","Mar-21",39,39,0,31,28,8,11,2021,3
"Townsville-Brisbane","Townsville","Brisbane","Virgin Australia","Mar-21",96,94,2,79,83,15,11,2021,3
"Broome-Perth","Broome","Perth","Virgin Australia Regional Airlines","Mar-21",1,1,0,1,1,0,0,2021,3
"Kalgoorlie-Perth","Kalgoorlie","Perth","Virgin Australia Regional Airlines","Mar-21",36,36,0,32,31,4,5,2021,3
"Karratha-Perth","Karratha","Perth","Virgin Australia Regional Airlines","Mar-21",8,8,0,8,8,0,0,2021,3
"Newman-Perth","Newman","Perth","Virgin Australia Regional Airlines","Mar-21",21,21,0,16,17,5,4,2021,3
"Perth-Broome","Perth","Broome","Virgin Australia Regional Airlines","Mar-21",1,1,0,1,1,0,0,2021,3
"Perth-Kalgoorlie","Perth","Kalgoorlie","Virgin Australia Regional Airlines","Mar-21",36,36,0,33,32,3,4,2021,3
"Perth-Karratha","Perth","Karratha","Virgin Australia Regional Airlines","Mar-21",8,8,0,8,8,0,0,2021,3
"Perth-Newman","Perth","Newman","Virgin Australia Regional Airlines","Mar-21",21,21,0,20,19,1,2,2021,3
"Perth-Port Hedland","Perth","Port Hedland","Virgin Australia Regional Airlines","Mar-21",53,53,0,50,49,3,4,2021,3
"Port Hedland-Perth","Port Hedland","Perth","Virgin Australia Regional Airlines","Mar-21",53,53,0,45,44,8,9,2021,3
"Adelaide-Alice Springs","Adelaide","Alice Springs","All Airlines","Mar-21",48,48,0,38,36,10,12,2021,3
"Adelaide-Brisbane","Adelaide","Brisbane","All Airlines","Mar-21",223,219,4,191,196,28,23,2021,3
"Adelaide-Canberra","Adelaide","Canberra","All Airlines","Mar-21",56,56,0,49,50,7,6,2021,3
"Adelaide-Gold Coast","Adelaide","Gold Coast","All Airlines","Mar-21",57,57,0,53,52,4,5,2021,3
"Adelaide-Melbourne","Adelaide","Melbourne","All Airlines","Mar-21",299,298,1,246,258,52,40,2021,3
"Adelaide-Perth","Adelaide","Perth","All Airlines","Mar-21",141,140,1,120,130,20,10,2021,3
"Adelaide-Port Lincoln","Adelaide","Port Lincoln","All Airlines","Mar-21",230,227,3,199,200,28,27,2021,3
"Adelaide-Sydney","Adelaide","Sydney","All Airlines","Mar-21",375,372,3,340,327,32,45,2021,3
"Albury-Sydney","Albury","Sydney","All Airlines","Mar-21",145,145,0,118,118,27,27,2021,3
"Alice Springs-Adelaide","Alice Springs","Adelaide","All Airlines","Mar-21",48,48,0,38,42,10,6,2021,3
"Armidale-Sydney","Armidale","Sydney","All Airlines","Mar-21",75,74,1,57,56,17,18,2021,3
"Ballina-Sydney","Ballina","Sydney","All Airlines","Mar-21",244,238,6,176,171,62,67,2021,3
"Brisbane-Adelaide","Brisbane","Adelaide","All Airlines","Mar-21",223,219,4,193,199,26,20,2021,3
"Brisbane-Cairns","Brisbane","Cairns","All Airlines","Mar-21",306,298,8,238,240,60,58,2021,3
"Brisbane-Canberra","Brisbane","Canberra","All Airlines","Mar-21",246,237,9,200,215,37,22,2021,3
"Brisbane-Darwin","Brisbane","Darwin","All Airlines","Mar-21",79,79,0,67,64,12,15,2021,3
"Brisbane-Emerald","Brisbane","Emerald","All Airlines","Mar-21",153,150,3,142,143,8,7,2021,3
"Brisbane-Gladstone","Brisbane","Gladstone","All Airlines","Mar-21",149,143,6,133,131,10,12,2021,3
"Brisbane-Hamilton Island","Brisbane","Hamilton Island","All Airlines","Mar-21",79,78,1,69,69,9,9,2021,3
"Brisbane-Hobart","Brisbane","Hobart","All Airlines","Mar-21",84,84,0,72,73,12,11,2021,3
"Brisbane-Mackay","Brisbane","Mackay","All Airlines","Mar-21",243,241,2,203,204,38,37,2021,3
"Brisbane-Melbourne","Brisbane","Melbourne","All Airlines","Mar-21",506,481,25,410,400,71,81,2021,3
"Brisbane-Mount Isa","Brisbane","Mount Isa","All Airlines","Mar-21",70,68,2,62,60,6,8,2021,3
"Brisbane-Newcastle","Brisbane","Newcastle","All Airlines","Mar-21",189,167,22,148,147,19,20,2021,3
"Brisbane-Perth","Brisbane","Perth","All Airlines","Mar-21",154,146,8,103,103,43,43,2021,3
"Brisbane-Proserpine","Brisbane","Proserpine","All Airlines","Mar-21",72,72,0,60,55,12,17,2021,3
"Brisbane-Rockhampton","Brisbane","Rockhampton","All Airlines","Mar-21",230,225,5,192,182,33,43,2021,3
"Brisbane-Sydney","Brisbane","Sydney","All Airlines","Mar-21",896,846,50,741,755,105,91,2021,3
"Brisbane-Townsville","Brisbane","Townsville","All Airlines","Mar-21",257,254,3,211,213,43,41,2021,3
"Broome-Perth","Broome","Perth","All Airlines","Mar-21",120,119,1,101,94,18,25,2021,3
"Cairns-Brisbane","Cairns","Brisbane","All Airlines","Mar-21",308,299,9,264,269,35,30,2021,3
"Cairns-Melbourne","Cairns","Melbourne","All Airlines","Mar-21",112,108,4,98,99,10,9,2021,3
"Cairns-Sydney","Cairns","Sydney","All Airlines","Mar-21",106,105,1,85,87,20,18,2021,3
"Cairns-Townsville","Cairns","Townsville","All Airlines","Mar-21",109,109,0,97,97,12,12,2021,3
"Canberra-Adelaide","Canberra","Adelaide","All Airlines","Mar-21",56,56,0,49,50,7,6,2021,3
"Canberra-Brisbane","Canberra","Brisbane","All Airlines","Mar-21",245,235,10,213,216,22,19,2021,3
"Canberra-Melbourne","Canberra","Melbourne","All Airlines","Mar-21",196,193,3,155,156,38,37,2021,3
"Coffs Harbour-Sydney","Coffs Harbour","Sydney","All Airlines","Mar-21",151,150,1,123,127,27,23,2021,3
"Darwin-Brisbane","Darwin","Brisbane","All Airlines","Mar-21",78,77,1,48,55,29,22,2021,3
"Darwin-Perth","Darwin","Perth","All Airlines","Mar-21",46,46,0,32,30,14,16,2021,3
"Dubbo-Sydney","Dubbo","Sydney","All Airlines","Mar-21",156,154,2,137,133,17,21,2021,3
"Emerald-Brisbane","Emerald","Brisbane","All Airlines","Mar-21",153,150,3,145,146,5,4,2021,3
"Gladstone-Brisbane","Gladstone","Brisbane","All Airlines","Mar-21",148,142,6,130,125,12,17,2021,3
"Gold Coast-Adelaide","Gold Coast","Adelaide","All Airlines","Mar-21",57,57,0,49,51,8,6,2021,3
"Gold Coast-Melbourne","Gold Coast","Melbourne","All Airlines","Mar-21",312,311,1,259,272,52,39,2021,3
"Gold Coast-Sydney","Gold Coast","Sydney","All Airlines","Mar-21",422,420,2,367,380,53,40,2021,3
"Hamilton Island-Brisbane","Hamilton Island","Brisbane","All Airlines","Mar-21",79,78,1,66,67,12,11,2021,3
"Hamilton Island-Sydney","Hamilton Island","Sydney","All Airlines","Mar-21",70,70,0,60,60,10,10,2021,3
"Hobart-Brisbane","Hobart","Brisbane","All Airlines","Mar-21",84,84,0,69,71,15,13,2021,3
"Hobart-Melbourne","Hobart","Melbourne","All Airlines","Mar-21",284,283,1,235,239,48,44,2021,3
"Hobart-Sydney","Hobart","Sydney","All Airlines","Mar-21",195,192,3,166,169,26,23,2021,3
"Kalgoorlie-Perth","Kalgoorlie","Perth","All Airlines","Mar-21",134,134,0,92,93,42,41,2021,3
"Karratha-Perth","Karratha","Perth","All Airlines","Mar-21",199,191,8,147,146,44,45,2021,3
"Launceston-Melbourne","Launceston","Melbourne","All Airlines","Mar-21",207,207,0,194,196,13,11,2021,3
"Launceston-Sydney","Launceston","Sydney","All Airlines","Mar-21",99,99,0,80,81,19,18,2021,3
"Mackay-Brisbane","Mackay","Brisbane","All Airlines","Mar-21",243,240,3,215,219,25,21,2021,3
"Melbourne-Adelaide","Melbourne","Adelaide","All Airlines","Mar-21",299,299,0,261,268,38,31,2021,3
"Melbourne-Brisbane","Melbourne","Brisbane","All Airlines","Mar-21",502,479,23,406,387,73,92,2021,3
"Melbourne-Cairns","Melbourne","Cairns","All Airlines","Mar-21",112,110,2,95,102,15,8,2021,3
"Melbourne-Canberra","Melbourne","Canberra","All Airlines","Mar-21",194,193,1,166,158,27,35,2021,3
"Melbourne-Gold Coast","Melbourne","Gold Coast","All Airlines","Mar-21",314,313,1,265,267,48,46,2021,3
"Melbourne-Hobart","Melbourne","Hobart","All Airlines","Mar-21",286,286,0,240,241,46,45,2021,3
"Melbourne-Launceston","Melbourne","Launceston","All Airlines","Mar-21",209,209,0,189,192,20,17,2021,3
"Melbourne-Mildura","Melbourne","Mildura","All Airlines","Mar-21",119,119,0,99,102,20,17,2021,3
"Melbourne-Newcastle","Melbourne","Newcastle","All Airlines","Mar-21",124,107,17,92,91,15,16,2021,3
"Melbourne-Perth","Melbourne","Perth","All Airlines","Mar-21",127,122,5,92,104,30,18,2021,3
"Melbourne-Sunshine Coast","Melbourne","Sunshine Coast","All Airlines","Mar-21",160,160,0,143,136,17,24,2021,3
"Melbourne-Sydney","Melbourne","Sydney","All Airlines","Mar-21",1463,1393,70,1282,1264,111,129,2021,3
"Mildura-Melbourne","Mildura","Melbourne","All Airlines","Mar-21",119,119,0,98,96,21,23,2021,3
"Mount Isa-Brisbane","Mount Isa","Brisbane","All Airlines","Mar-21",70,67,3,60,59,7,8,2021,3
"Newcastle-Brisbane","Newcastle","Brisbane","All Airlines","Mar-21",189,164,25,150,147,14,17,2021,3
"Newcastle-Melbourne","Newcastle","Melbourne","All Airlines","Mar-21",123,108,15,92,96,16,12,2021,3
"Newman-Perth","Newman","Perth","All Airlines","Mar-21",190,184,6,129,128,55,56,2021,3
"Perth-Adelaide","Perth","Adelaide","All Airlines","Mar-21",141,140,1,119,106,21,34,2021,3
"Perth-Brisbane","Perth","Brisbane","All Airlines","Mar-21",155,145,10,104,101,41,44,2021,3
"Perth-Broome","Perth","Broome","All Airlines","Mar-21",120,119,1,96,82,23,37,2021,3
"Perth-Darwin","Perth","Darwin","All Airlines","Mar-21",46,46,0,39,36,7,10,2021,3
"Perth-Kalgoorlie","Perth","Kalgoorlie","All Airlines","Mar-21",134,134,0,111,109,23,25,2021,3
"Perth-Karratha","Perth","Karratha","All Airlines","Mar-21",200,193,7,158,141,35,52,2021,3
"Perth-Melbourne","Perth","Melbourne","All Airlines","Mar-21",128,122,6,95,73,27,49,2021,3
"Perth-Newman","Perth","Newman","All Airlines","Mar-21",191,186,5,167,156,19,30,2021,3
"Perth-Port Hedland","Perth","Port Hedland","All Airlines","Mar-21",181,179,2,157,144,22,35,2021,3
"Perth-Sydney","Perth","Sydney","All Airlines","Mar-21",234,230,4,179,160,51,70,2021,3
"Port Hedland-Perth","Port Hedland","Perth","All Airlines","Mar-21",181,177,4,130,101,47,76,2021,3
"Port Lincoln-Adelaide","Port Lincoln","Adelaide","All Airlines","Mar-21",230,227,3,194,194,33,33,2021,3
"Port Macquarie-Sydney","Port Macquarie","Sydney","All Airlines","Mar-21",103,87,16,80,80,7,7,2021,3
"Proserpine-Brisbane","Proserpine","Brisbane","All Airlines","Mar-21",72,72,0,59,60,13,12,2021,3
"Rockhampton-Brisbane","Rockhampton","Brisbane","All Airlines","Mar-21",230,225,5,189,190,36,35,2021,3
"Sunshine Coast-Melbourne","Sunshine Coast","Melbourne","All Airlines","Mar-21",160,160,0,130,134,30,26,2021,3
"Sunshine Coast-Sydney","Sunshine Coast","Sydney","All Airlines","Mar-21",166,163,3,133,125,30,38,2021,3
"Sydney-Adelaide","Sydney","Adelaide","All Airlines","Mar-21",376,372,4,318,334,54,38,2021,3
"Sydney-Albury","Sydney","Albury","All Airlines","Mar-21",146,146,0,121,126,25,20,2021,3
"Sydney-Armidale","Sydney","Armidale","All Airlines","Mar-21",76,75,1,62,57,13,18,2021,3
"Sydney-Ballina","Sydney","Ballina","All Airlines","Mar-21",245,242,3,207,185,35,57,2021,3
"Sydney-Brisbane","Sydney","Brisbane","All Airlines","Mar-21",898,848,50,740,726,108,122,2021,3
"Sydney-Cairns","Sydney","Cairns","All Airlines","Mar-21",107,106,1,79,82,27,24,2021,3
"Sydney-Coffs Harbour","Sydney","Coffs Harbour","All Airlines","Mar-21",152,152,0,126,125,26,27,2021,3
"Sydney-Dubbo","Sydney","Dubbo","All Airlines","Mar-21",157,157,0,140,138,17,19,2021,3
"Sydney-Gold Coast","Sydney","Gold Coast","All Airlines","Mar-21",424,423,1,376,365,47,58,2021,3
"Sydney-Hamilton Island","Sydney","Hamilton Island","All Airlines","Mar-21",69,69,0,60,61,9,8,2021,3
"Sydney-Hobart","Sydney","Hobart","All Airlines","Mar-21",196,194,2,165,168,29,26,2021,3
"Sydney-Launceston","Sydney","Launceston","All Airlines","Mar-21",99,99,0,85,84,14,15,2021,3
"Sydney-Melbourne","Sydney","Melbourne","All Airlines","Mar-21",1463,1393,70,1206,1255,187,138,2021,3
"Sydney-Perth","Sydney","Perth","All Airlines","Mar-21",233,232,1,170,179,62,53,2021,3
"Sydney-Port Macquarie","Sydney","Port Macquarie","All Airlines","Mar-21",104,87,17,77,78,10,9,2021,3
"Sydney-Sunshine Coast","Sydney","Sunshine Coast","All Airlines","Mar-21",167,165,2,135,130,30,35,2021,3
"Sydney-Wagga Wagga","Sydney","Wagga Wagga","All Airlines","Mar-21",134,134,0,114,115,20,19,2021,3
"Townsville-Brisbane","Townsville","Brisbane","All Airlines","Mar-21",255,252,3,215,218,37,34,2021,3
"Townsville-Cairns","Townsville","Cairns","All Airlines","Mar-21",108,108,0,90,97,18,11,2021,3
"Wagga Wagga-Sydney","Wagga Wagga","Sydney","All Airlines","Mar-21",135,134,1,119,119,15,15,2021,3
"Adelaide-Brisbane","Adelaide","Brisbane","Jetstar","Apr-21",32,31,1,24,25,7,6,2021,4
"Adelaide-Gold Coast","Adelaide","Gold Coast","Jetstar","Apr-21",29,25,4,23,23,2,2,2021,4
"Adelaide-Melbourne","Adelaide","Melbourne","Jetstar","Apr-21",118,117,1,100,103,17,14,2021,4
"Adelaide-Perth","Adelaide","Perth","Jetstar","Apr-21",26,26,0,19,21,7,5,2021,4
"Adelaide-Sydney","Adelaide","Sydney","Jetstar","Apr-21",130,129,1,118,118,11,11,2021,4
"Ballina-Sydney","Ballina","Sydney","Jetstar","Apr-21",98,98,0,71,78,27,20,2021,4
"Brisbane-Adelaide","Brisbane","Adelaide","Jetstar","Apr-21",32,31,1,20,24,11,7,2021,4
"Brisbane-Cairns","Brisbane","Cairns","Jetstar","Apr-21",106,103,3,83,82,20,21,2021,4
"Brisbane-Darwin","Brisbane","Darwin","Jetstar","Apr-21",27,27,0,24,26,3,1,2021,4
"Brisbane-Hobart","Brisbane","Hobart","Jetstar","Apr-21",28,28,0,23,22,5,6,2021,4
"Brisbane-Mackay","Brisbane","Mackay","Jetstar","Apr-21",30,30,0,26,26,4,4,2021,4
"Brisbane-Melbourne","Brisbane","Melbourne","Jetstar","Apr-21",202,147,55,121,133,26,14,2021,4
"Brisbane-Newcastle","Brisbane","Newcastle","Jetstar","Apr-21",73,69,4,57,55,12,14,2021,4
"Brisbane-Proserpine","Brisbane","Proserpine","Jetstar","Apr-21",37,37,0,34,33,3,4,2021,4
"Brisbane-Sydney","Brisbane","Sydney","Jetstar","Apr-21",203,182,21,161,167,21,15,2021,4
"Brisbane-Townsville","Brisbane","Townsville","Jetstar","Apr-21",60,60,0,52,55,8,5,2021,4
"Cairns-Brisbane","Cairns","Brisbane","Jetstar","Apr-21",106,103,3,74,80,29,23,2021,4
"Cairns-Melbourne","Cairns","Melbourne","Jetstar","Apr-21",140,138,2,114,119,24,19,2021,4
"Cairns-Sydney","Cairns","Sydney","Jetstar","Apr-21",114,108,6,88,92,20,16,2021,4
"Darwin-Brisbane","Darwin","Brisbane","Jetstar","Apr-21",27,27,0,22,16,5,11,2021,4
"Gold Coast-Adelaide","Gold Coast","Adelaide","Jetstar","Apr-21",29,25,4,22,24,3,1,2021,4
"Gold Coast-Melbourne","Gold Coast","Melbourne","Jetstar","Apr-21",209,201,8,165,176,36,25,2021,4
"Gold Coast-Sydney","Gold Coast","Sydney","Jetstar","Apr-21",333,319,14,278,283,41,36,2021,4
"Hamilton Island-Sydney","Hamilton Island","Sydney","Jetstar","Apr-21",27,23,4,19,18,4,5,2021,4
"Hobart-Brisbane","Hobart","Brisbane","Jetstar","Apr-21",28,28,0,22,22,6,6,2021,4
"Hobart-Melbourne","Hobart","Melbourne","Jetstar","Apr-21",166,164,2,130,131,34,33,2021,4
"Hobart-Sydney","Hobart","Sydney","Jetstar","Apr-21",90,90,0,73,73,17,17,2021,4
"Launceston-Melbourne","Launceston","Melbourne","Jetstar","Apr-21",130,129,1,113,112,16,17,2021,4
"Launceston-Sydney","Launceston","Sydney","Jetstar","Apr-21",52,52,0,41,43,11,9,2021,4
"Mackay-Brisbane","Mackay","Brisbane","Jetstar","Apr-21",30,30,0,25,26,5,4,2021,4
"Melbourne-Adelaide","Melbourne","Adelaide","Jetstar","Apr-21",118,117,1,102,108,15,9,2021,4
"Melbourne-Brisbane","Melbourne","Brisbane","Jetstar","Apr-21",203,151,52,123,125,28,26,2021,4
"Melbourne-Cairns","Melbourne","Cairns","Jetstar","Apr-21",139,138,1,105,115,33,23,2021,4
"Melbourne-Gold Coast","Melbourne","Gold Coast","Jetstar","Apr-21",209,201,8,161,160,40,41,2021,4
"Melbourne-Hobart","Melbourne","Hobart","Jetstar","Apr-21",166,165,1,132,140,33,25,2021,4
"Melbourne-Launceston","Melbourne","Launceston","Jetstar","Apr-21",130,129,1,110,113,19,16,2021,4
"Melbourne-Newcastle","Melbourne","Newcastle","Jetstar","Apr-21",77,76,1,66,66,10,10,2021,4
"Melbourne-Perth","Melbourne","Perth","Jetstar","Apr-21",60,58,2,49,52,9,6,2021,4
"Melbourne-Sunshine Coast","Melbourne","Sunshine Coast","Jetstar","Apr-21",86,86,0,77,67,9,19,2021,4
"Melbourne-Sydney","Melbourne","Sydney","Jetstar","Apr-21",447,396,51,334,353,62,43,2021,4
"Newcastle-Brisbane","Newcastle","Brisbane","Jetstar","Apr-21",73,69,4,58,59,11,10,2021,4
"Newcastle-Melbourne","Newcastle","Melbourne","Jetstar","Apr-21",77,76,1,63,64,13,12,2021,4
"Perth-Adelaide","Perth","Adelaide","Jetstar","Apr-21",26,26,0,18,20,8,6,2021,4
"Perth-Melbourne","Perth","Melbourne","Jetstar","Apr-21",59,57,2,36,45,21,12,2021,4
"Perth-Sydney","Perth","Sydney","Jetstar","Apr-21",30,30,0,17,24,13,6,2021,4
"Proserpine-Brisbane","Proserpine","Brisbane","Jetstar","Apr-21",38,38,0,32,33,6,5,2021,4
"Sunshine Coast-Melbourne","Sunshine Coast","Melbourne","Jetstar","Apr-21",86,86,0,60,67,26,19,2021,4
"Sunshine Coast-Sydney","Sunshine Coast","Sydney","Jetstar","Apr-21",94,91,3,79,82,12,9,2021,4
"Sydney-Adelaide","Sydney","Adelaide","Jetstar","Apr-21",130,129,1,105,114,24,15,2021,4
"Sydney-Ballina","Sydney","Ballina","Jetstar","Apr-21",97,97,0,82,78,15,19,2021,4
"Sydney-Brisbane","Sydney","Brisbane","Jetstar","Apr-21",205,183,22,157,162,26,21,2021,4
"Sydney-Cairns","Sydney","Cairns","Jetstar","Apr-21",114,109,5,87,99,22,10,2021,4
"Sydney-Gold Coast","Sydney","Gold Coast","Jetstar","Apr-21",333,319,14,284,287,35,32,2021,4
"Sydney-Hamilton Island","Sydney","Hamilton Island","Jetstar","Apr-21",27,24,3,22,22,2,2,2021,4
"Sydney-Hobart","Sydney","Hobart","Jetstar","Apr-21",90,90,0,74,77,16,13,2021,4
"Sydney-Launceston","Sydney","Launceston","Jetstar","Apr-21",52,52,0,44,44,8,8,2021,4
"Sydney-Melbourne","Sydney","Melbourne","Jetstar","Apr-21",447,395,52,333,353,62,42,2021,4
"Sydney-Perth","Sydney","Perth","Jetstar","Apr-21",30,30,0,24,26,6,4,2021,4
"Sydney-Sunshine Coast","Sydney","Sunshine Coast","Jetstar","Apr-21",93,93,0,81,82,12,11,2021,4
"Townsville-Brisbane","Townsville","Brisbane","Jetstar","Apr-21",60,60,0,53,53,7,7,2021,4
"Adelaide-Alice Springs","Adelaide","Alice Springs","Qantas","Apr-21",30,30,0,24,23,6,7,2021,4
"Adelaide-Brisbane","Adelaide","Brisbane","Qantas","Apr-21",88,87,1,76,78,11,9,2021,4
"Adelaide-Canberra","Adelaide","Canberra","Qantas","Apr-21",33,33,0,19,22,14,11,2021,4
"Adelaide-Melbourne","Adelaide","Melbourne","Qantas","Apr-21",186,183,3,156,163,27,20,2021,4
"Adelaide-Perth","Adelaide","Perth","Qantas","Apr-21",87,86,1,67,69,19,17,2021,4
"Adelaide-Sydney","Adelaide","Sydney","Qantas","Apr-21",178,177,1,156,142,21,35,2021,4
"Alice Springs-Adelaide","Alice Springs","Adelaide","Qantas","Apr-21",30,30,0,15,16,15,14,2021,4
"Ballina-Sydney","Ballina","Sydney","Qantas","Apr-21",4,4,0,4,4,0,0,2021,4
"Brisbane-Adelaide","Brisbane","Adelaide","Qantas","Apr-21",88,87,1,75,77,12,10,2021,4
"Brisbane-Cairns","Brisbane","Cairns","Qantas","Apr-21",119,119,0,110,107,9,12,2021,4
"Brisbane-Canberra","Brisbane","Canberra","Qantas","Apr-21",30,30,0,28,28,2,2,2021,4
"Brisbane-Darwin","Brisbane","Darwin","Qantas","Apr-21",31,31,0,25,24,6,7,2021,4
"Brisbane-Hamilton Island","Brisbane","Hamilton Island","Qantas","Apr-21",37,37,0,35,28,2,9,2021,4
"Brisbane-Mackay","Brisbane","Mackay","Qantas","Apr-21",75,74,1,68,60,6,14,2021,4
"Brisbane-Melbourne","Brisbane","Melbourne","Qantas","Apr-21",269,265,4,246,255,19,10,2021,4
"Brisbane-Mount Isa","Brisbane","Mount Isa","Qantas","Apr-21",35,35,0,33,33,2,2,2021,4
"Brisbane-Perth","Brisbane","Perth","Qantas","Apr-21",51,37,14,29,31,8,6,2021,4
"Brisbane-Sydney","Brisbane","Sydney","Qantas","Apr-21",384,375,9,331,341,44,34,2021,4
"Brisbane-Townsville","Brisbane","Townsville","Qantas","Apr-21",101,100,1,87,84,13,16,2021,4
"Cairns-Brisbane","Cairns","Brisbane","Qantas","Apr-21",120,119,1,105,101,14,18,2021,4
"Cairns-Melbourne","Cairns","Melbourne","Qantas","Apr-21",41,41,0,38,35,3,6,2021,4
"Cairns-Sydney","Cairns","Sydney","Qantas","Apr-21",80,80,0,76,69,4,11,2021,4
"Canberra-Adelaide","Canberra","Adelaide","Qantas","Apr-21",33,33,0,19,24,14,9,2021,4
"Canberra-Brisbane","Canberra","Brisbane","Qantas","Apr-21",30,30,0,28,28,2,2,2021,4
"Canberra-Melbourne","Canberra","Melbourne","Qantas","Apr-21",18,18,0,16,15,2,3,2021,4
"Canberra-Sydney","Canberra","Sydney","Qantas","Apr-21",2,2,0,2,2,0,0,2021,4
"Darwin-Brisbane","Darwin","Brisbane","Qantas","Apr-21",29,29,0,18,13,11,16,2021,4
"Darwin-Perth","Darwin","Perth","Qantas","Apr-21",30,30,0,21,26,9,4,2021,4
"Gold Coast-Melbourne","Gold Coast","Melbourne","Qantas","Apr-21",75,75,0,64,66,11,9,2021,4
"Gold Coast-Sydney","Gold Coast","Sydney","Qantas","Apr-21",108,108,0,90,98,18,10,2021,4
"Hamilton Island-Brisbane","Hamilton Island","Brisbane","Qantas","Apr-21",37,36,1,27,28,9,8,2021,4
"Hamilton Island-Sydney","Hamilton Island","Sydney","Qantas","Apr-21",39,38,1,28,28,10,10,2021,4
"Hobart-Sydney","Hobart","Sydney","Qantas","Apr-21",22,22,0,17,16,5,6,2021,4
"Kalgoorlie-Perth","Kalgoorlie","Perth","Qantas","Apr-21",15,15,0,12,12,3,3,2021,4
"Karratha-Perth","Karratha","Perth","Qantas","Apr-21",40,38,2,36,34,2,4,2021,4
"Mackay-Brisbane","Mackay","Brisbane","Qantas","Apr-21",75,74,1,61,57,13,17,2021,4
"Melbourne-Adelaide","Melbourne","Adelaide","Qantas","Apr-21",186,185,1,165,168,20,17,2021,4
"Melbourne-Brisbane","Melbourne","Brisbane","Qantas","Apr-21",270,266,4,242,249,24,17,2021,4
"Melbourne-Cairns","Melbourne","Cairns","Qantas","Apr-21",41,41,0,37,40,4,1,2021,4
"Melbourne-Canberra","Melbourne","Canberra","Qantas","Apr-21",18,18,0,17,17,1,1,2021,4
"Melbourne-Gold Coast","Melbourne","Gold Coast","Qantas","Apr-21",75,75,0,63,64,12,11,2021,4
"Melbourne-Perth","Melbourne","Perth","Qantas","Apr-21",114,114,0,78,78,36,36,2021,4
"Melbourne-Sydney","Melbourne","Sydney","Qantas","Apr-21",652,620,32,556,570,64,50,2021,4
"Mount Isa-Brisbane","Mount Isa","Brisbane","Qantas","Apr-21",35,35,0,30,30,5,5,2021,4
"Newman-Perth","Newman","Perth","Qantas","Apr-21",29,29,0,14,15,15,14,2021,4
"Perth-Adelaide","Perth","Adelaide","Qantas","Apr-21",87,85,2,74,72,11,13,2021,4
"Perth-Brisbane","Perth","Brisbane","Qantas","Apr-21",51,38,13,32,12,6,26,2021,4
"Perth-Darwin","Perth","Darwin","Qantas","Apr-21",30,30,0,24,23,6,7,2021,4
"Perth-Kalgoorlie","Perth","Kalgoorlie","Qantas","Apr-21",15,15,0,14,14,1,1,2021,4
"Perth-Karratha","Perth","Karratha","Qantas","Apr-21",40,38,2,36,35,2,3,2021,4
"Perth-Melbourne","Perth","Melbourne","Qantas","Apr-21",114,113,1,83,80,30,33,2021,4
"Perth-Newman","Perth","Newman","Qantas","Apr-21",28,28,0,25,25,3,3,2021,4
"Perth-Port Hedland","Perth","Port Hedland","Qantas","Apr-21",44,43,1,38,37,5,6,2021,4
"Perth-Sydney","Perth","Sydney","Qantas","Apr-21",154,152,2,116,108,36,44,2021,4
"Port Hedland-Perth","Port Hedland","Perth","Qantas","Apr-21",42,41,1,33,35,8,6,2021,4
"Sydney-Adelaide","Sydney","Adelaide","Qantas","Apr-21",178,176,2,149,152,27,24,2021,4
"Sydney-Ballina","Sydney","Ballina","Qantas","Apr-21",4,4,0,4,4,0,0,2021,4
"Sydney-Brisbane","Sydney","Brisbane","Qantas","Apr-21",390,378,12,314,324,64,54,2021,4
"Sydney-Cairns","Sydney","Cairns","Qantas","Apr-21",80,80,0,63,69,17,11,2021,4
"Sydney-Canberra","Sydney","Canberra","Qantas","Apr-21",2,2,0,2,2,0,0,2021,4
"Sydney-Gold Coast","Sydney","Gold Coast","Qantas","Apr-21",108,108,0,88,92,20,16,2021,4
"Sydney-Hamilton Island","Sydney","Hamilton Island","Qantas","Apr-21",38,38,0,33,32,5,6,2021,4
"Sydney-Hobart","Sydney","Hobart","Qantas","Apr-21",22,22,0,22,22,0,0,2021,4
"Sydney-Melbourne","Sydney","Melbourne","Qantas","Apr-21",650,617,33,540,570,77,47,2021,4
"Sydney-Perth","Sydney","Perth","Qantas","Apr-21",151,149,2,96,100,53,49,2021,4
"Townsville-Brisbane","Townsville","Brisbane","Qantas","Apr-21",100,99,1,89,82,10,17,2021,4
"Adelaide-Port Lincoln","Adelaide","Port Lincoln","QantasLink","Apr-21",114,113,1,94,95,19,18,2021,4
"Albury-Sydney","Albury","Sydney","QantasLink","Apr-21",108,107,1,101,104,6,3,2021,4
"Armidale-Sydney","Armidale","Sydney","QantasLink","Apr-21",80,77,3,63,64,14,13,2021,4
"Ballina-Sydney","Ballina","Sydney","QantasLink","Apr-21",97,92,5,71,65,21,27,2021,4
"Brisbane-Cairns","Brisbane","Cairns","QantasLink","Apr-21",1,1,0,1,1,0,0,2021,4
"Brisbane-Canberra","Brisbane","Canberra","QantasLink","Apr-21",123,119,4,111,112,8,7,2021,4
"Brisbane-Emerald","Brisbane","Emerald","QantasLink","Apr-21",120,117,3,110,112,7,5,2021,4
"Brisbane-Gladstone","Brisbane","Gladstone","QantasLink","Apr-21",117,115,2,108,108,7,7,2021,4
"Brisbane-Hobart","Brisbane","Hobart","QantasLink","Apr-21",23,20,3,17,17,3,3,2021,4
"Brisbane-Mackay","Brisbane","Mackay","QantasLink","Apr-21",32,32,0,29,29,3,3,2021,4
"Brisbane-Mount Isa","Brisbane","Mount Isa","QantasLink","Apr-21",22,16,6,15,15,1,1,2021,4
"Brisbane-Newcastle","Brisbane","Newcastle","QantasLink","Apr-21",77,77,0,69,69,8,8,2021,4
"Brisbane-Rockhampton","Brisbane","Rockhampton","QantasLink","Apr-21",152,149,3,141,140,8,9,2021,4
"Brisbane-Townsville","Brisbane","Townsville","QantasLink","Apr-21",10,7,3,7,7,0,0,2021,4
"Broome-Perth","Broome","Perth","QantasLink","Apr-21",95,93,2,72,76,21,17,2021,4
"Cairns-Brisbane","Cairns","Brisbane","QantasLink","Apr-21",1,1,0,1,1,0,0,2021,4
"Cairns-Townsville","Cairns","Townsville","QantasLink","Apr-21",108,108,0,89,91,19,17,2021,4
"Canberra-Brisbane","Canberra","Brisbane","QantasLink","Apr-21",124,119,5,97,100,22,19,2021,4
"Canberra-Melbourne","Canberra","Melbourne","QantasLink","Apr-21",166,161,5,118,118,43,43,2021,4
"Canberra-Sydney","Canberra","Sydney","QantasLink","Apr-21",208,196,12,156,152,40,44,2021,4
"Coffs Harbour-Sydney","Coffs Harbour","Sydney","QantasLink","Apr-21",113,111,2,101,100,10,11,2021,4
"Dubbo-Sydney","Dubbo","Sydney","QantasLink","Apr-21",84,84,0,75,75,9,9,2021,4
"Emerald-Brisbane","Emerald","Brisbane","QantasLink","Apr-21",119,116,3,110,111,6,5,2021,4
"Gladstone-Brisbane","Gladstone","Brisbane","QantasLink","Apr-21",117,114,3,105,107,9,7,2021,4
"Gold Coast-Melbourne","Gold Coast","Melbourne","QantasLink","Apr-21",3,3,0,0,0,3,3,2021,4
"Hobart-Brisbane","Hobart","Brisbane","QantasLink","Apr-21",23,20,3,18,18,2,2,2021,4
"Hobart-Melbourne","Hobart","Melbourne","QantasLink","Apr-21",119,115,4,84,78,31,37,2021,4
"Hobart-Sydney","Hobart","Sydney","QantasLink","Apr-21",52,52,0,47,45,5,7,2021,4
"Kalgoorlie-Perth","Kalgoorlie","Perth","QantasLink","Apr-21",60,56,4,46,49,10,7,2021,4
"Karratha-Perth","Karratha","Perth","QantasLink","Apr-21",92,89,3,67,69,22,20,2021,4
"Launceston-Melbourne","Launceston","Melbourne","QantasLink","Apr-21",86,82,4,47,50,35,32,2021,4
"Launceston-Sydney","Launceston","Sydney","QantasLink","Apr-21",20,20,0,15,7,5,13,2021,4
"Mackay-Brisbane","Mackay","Brisbane","QantasLink","Apr-21",37,37,0,36,36,1,1,2021,4
"Melbourne-Canberra","Melbourne","Canberra","QantasLink","Apr-21",166,160,6,104,106,56,54,2021,4
"Melbourne-Gold Coast","Melbourne","Gold Coast","QantasLink","Apr-21",3,3,0,0,0,3,3,2021,4
"Melbourne-Hobart","Melbourne","Hobart","QantasLink","Apr-21",119,115,4,74,69,41,46,2021,4
"Melbourne-Launceston","Melbourne","Launceston","QantasLink","Apr-21",86,85,1,57,51,28,34,2021,4
"Melbourne-Mildura","Melbourne","Mildura","QantasLink","Apr-21",111,110,1,60,68,50,42,2021,4
"Melbourne-Newcastle","Melbourne","Newcastle","QantasLink","Apr-21",50,49,1,31,28,18,21,2021,4
"Melbourne-Sunshine Coast","Melbourne","Sunshine Coast","QantasLink","Apr-21",56,56,0,45,38,11,18,2021,4
"Mildura-Melbourne","Mildura","Melbourne","QantasLink","Apr-21",110,109,1,66,54,43,55,2021,4
"Mount Isa-Brisbane","Mount Isa","Brisbane","QantasLink","Apr-21",20,15,5,15,15,0,0,2021,4
"Newcastle-Brisbane","Newcastle","Brisbane","QantasLink","Apr-21",77,76,1,62,65,14,11,2021,4
"Newcastle-Melbourne","Newcastle","Melbourne","QantasLink","Apr-21",50,49,1,46,46,3,3,2021,4
"Newman-Perth","Newman","Perth","QantasLink","Apr-21",80,75,5,39,46,36,29,2021,4
"Perth-Broome","Perth","Broome","QantasLink","Apr-21",96,95,1,73,81,22,14,2021,4
"Perth-Kalgoorlie","Perth","Kalgoorlie","QantasLink","Apr-21",60,57,3,49,48,8,9,2021,4
"Perth-Karratha","Perth","Karratha","QantasLink","Apr-21",89,87,2,69,64,18,23,2021,4
"Perth-Newman","Perth","Newman","QantasLink","Apr-21",79,77,2,69,71,8,6,2021,4
"Perth-Port Hedland","Perth","Port Hedland","QantasLink","Apr-21",77,73,4,66,57,7,16,2021,4
"Port Hedland-Perth","Port Hedland","Perth","QantasLink","Apr-21",76,71,5,55,54,16,17,2021,4
"Port Lincoln-Adelaide","Port Lincoln","Adelaide","QantasLink","Apr-21",114,113,1,95,94,18,19,2021,4
"Port Macquarie-Sydney","Port Macquarie","Sydney","QantasLink","Apr-21",107,107,0,101,101,6,6,2021,4
"Rockhampton-Brisbane","Rockhampton","Brisbane","QantasLink","Apr-21",153,150,3,135,129,15,21,2021,4
"Sunshine Coast-Melbourne","Sunshine Coast","Melbourne","QantasLink","Apr-21",57,54,3,36,36,18,18,2021,4
"Sunshine Coast-Sydney","Sunshine Coast","Sydney","QantasLink","Apr-21",62,61,1,45,47,16,14,2021,4
"Sydney-Albury","Sydney","Albury","QantasLink","Apr-21",108,108,0,91,99,17,9,2021,4
"Sydney-Armidale","Sydney","Armidale","QantasLink","Apr-21",79,77,2,63,63,14,14,2021,4
"Sydney-Ballina","Sydney","Ballina","QantasLink","Apr-21",97,93,4,78,64,15,29,2021,4
"Sydney-Canberra","Sydney","Canberra","QantasLink","Apr-21",208,198,10,159,161,39,37,2021,4
"Sydney-Coffs Harbour","Sydney","Coffs Harbour","QantasLink","Apr-21",113,111,2,98,98,13,13,2021,4
"Sydney-Dubbo","Sydney","Dubbo","QantasLink","Apr-21",84,84,0,76,79,8,5,2021,4
"Sydney-Hobart","Sydney","Hobart","QantasLink","Apr-21",52,52,0,45,48,7,4,2021,4
"Sydney-Launceston","Sydney","Launceston","QantasLink","Apr-21",20,20,0,15,16,5,4,2021,4
"Sydney-Port Macquarie","Sydney","Port Macquarie","QantasLink","Apr-21",107,107,0,94,98,13,9,2021,4
"Sydney-Sunshine Coast","Sydney","Sunshine Coast","QantasLink","Apr-21",61,61,0,44,41,17,20,2021,4
"Sydney-Wagga Wagga","Sydney","Wagga Wagga","QantasLink","Apr-21",106,106,0,92,98,14,8,2021,4
"Townsville-Brisbane","Townsville","Brisbane","QantasLink","Apr-21",10,7,3,7,5,0,2,2021,4
"Townsville-Cairns","Townsville","Cairns","QantasLink","Apr-21",108,108,0,92,97,16,11,2021,4
"Wagga Wagga-Sydney","Wagga Wagga","Sydney","QantasLink","Apr-21",105,105,0,100,99,5,6,2021,4
"Adelaide-Melbourne","Adelaide","Melbourne","Regional Express","Apr-21",59,59,0,50,49,9,10,2021,4
"Adelaide-Port Lincoln","Adelaide","Port Lincoln","Regional Express","Apr-21",156,156,0,125,125,31,31,2021,4
"Albury-Sydney","Albury","Sydney","Regional Express","Apr-21",50,50,0,50,50,0,0,2021,4
"Armidale-Sydney","Armidale","Sydney","Regional Express","Apr-21",44,44,0,39,38,5,6,2021,4
"Ballina-Sydney","Ballina","Sydney","Regional Express","Apr-21",11,11,0,11,11,0,0,2021,4
"Cairns-Townsville","Cairns","Townsville","Regional Express","Apr-21",14,14,0,14,14,0,0,2021,4
"Canberra-Sydney","Canberra","Sydney","Regional Express","Apr-21",69,69,0,65,65,4,4,2021,4
"Coffs Harbour-Sydney","Coffs Harbour","Sydney","Regional Express","Apr-21",75,75,0,72,70,3,5,2021,4
"Dubbo-Sydney","Dubbo","Sydney","Regional Express","Apr-21",73,72,1,67,67,5,5,2021,4
"Gold Coast-Melbourne","Gold Coast","Melbourne","Regional Express","Apr-21",60,60,0,31,28,29,32,2021,4
"Gold Coast-Sydney","Gold Coast","Sydney","Regional Express","Apr-21",59,59,0,51,52,8,7,2021,4
"Melbourne-Adelaide","Melbourne","Adelaide","Regional Express","Apr-21",60,60,0,38,40,22,20,2021,4
"Melbourne-Gold Coast","Melbourne","Gold Coast","Regional Express","Apr-21",60,60,0,29,31,31,29,2021,4
"Melbourne-Mildura","Melbourne","Mildura","Regional Express","Apr-21",77,77,0,69,72,8,5,2021,4
"Melbourne-Sydney","Melbourne","Sydney","Regional Express","Apr-21",185,175,10,162,164,13,11,2021,4
"Mildura-Melbourne","Mildura","Melbourne","Regional Express","Apr-21",76,76,0,76,74,0,2,2021,4
"Port Lincoln-Adelaide","Port Lincoln","Adelaide","Regional Express","Apr-21",156,156,0,119,119,37,37,2021,4
"Port Macquarie-Sydney","Port Macquarie","Sydney","Regional Express","Apr-21",74,74,0,69,65,5,9,2021,4
"Sydney-Albury","Sydney","Albury","Regional Express","Apr-21",50,50,0,48,48,2,2,2021,4
"Sydney-Armidale","Sydney","Armidale","Regional Express","Apr-21",44,44,0,38,39,6,5,2021,4
"Sydney-Ballina","Sydney","Ballina","Regional Express","Apr-21",11,11,0,11,11,0,0,2021,4
"Sydney-Canberra","Sydney","Canberra","Regional Express","Apr-21",70,70,0,64,59,6,11,2021,4
"Sydney-Coffs Harbour","Sydney","Coffs Harbour","Regional Express","Apr-21",75,75,0,71,71,4,4,2021,4
"Sydney-Dubbo","Sydney","Dubbo","Regional Express","Apr-21",72,72,0,67,68,5,4,2021,4
"Sydney-Gold Coast","Sydney","Gold Coast","Regional Express","Apr-21",59,59,0,56,55,3,4,2021,4
"Sydney-Melbourne","Sydney","Melbourne","Regional Express","Apr-21",185,176,9,162,159,14,17,2021,4
"Sydney-Port Macquarie","Sydney","Port Macquarie","Regional Express","Apr-21",74,74,0,66,69,8,5,2021,4
"Sydney-Wagga Wagga","Sydney","Wagga Wagga","Regional Express","Apr-21",51,51,0,47,48,4,3,2021,4
"Townsville-Cairns","Townsville","Cairns","Regional Express","Apr-21",14,14,0,14,14,0,0,2021,4
"Wagga Wagga-Sydney","Wagga Wagga","Sydney","Regional Express","Apr-21",53,53,0,50,47,3,6,2021,4
"Adelaide-Alice Springs","Adelaide","Alice Springs","Virgin Australia","Apr-21",13,13,0,13,11,0,2,2021,4
"Adelaide-Brisbane","Adelaide","Brisbane","Virgin Australia","Apr-21",84,73,11,62,64,11,9,2021,4
"Adelaide-Canberra","Adelaide","Canberra","Virgin Australia","Apr-21",16,16,0,13,15,3,1,2021,4
"Adelaide-Gold Coast","Adelaide","Gold Coast","Virgin Australia","Apr-21",38,37,1,35,33,2,4,2021,4
"Adelaide-Melbourne","Adelaide","Melbourne","Virgin Australia","Apr-21",156,155,1,135,139,20,16,2021,4
"Adelaide-Perth","Adelaide","Perth","Virgin Australia","Apr-21",42,42,0,36,39,6,3,2021,4
"Adelaide-Sydney","Adelaide","Sydney","Virgin Australia","Apr-21",106,105,1,87,91,18,14,2021,4
"Alice Springs-Adelaide","Alice Springs","Adelaide","Virgin Australia","Apr-21",13,13,0,11,13,2,0,2021,4
"Ballina-Sydney","Ballina","Sydney","Virgin Australia","Apr-21",59,57,2,47,49,10,8,2021,4
"Brisbane-Adelaide","Brisbane","Adelaide","Virgin Australia","Apr-21",85,74,11,63,68,11,6,2021,4
"Brisbane-Cairns","Brisbane","Cairns","Virgin Australia","Apr-21",126,121,5,105,104,16,17,2021,4
"Brisbane-Canberra","Brisbane","Canberra","Virgin Australia","Apr-21",63,56,7,53,55,3,1,2021,4
"Brisbane-Darwin","Brisbane","Darwin","Virgin Australia","Apr-21",34,34,0,32,33,2,1,2021,4
"Brisbane-Emerald","Brisbane","Emerald","Virgin Australia","Apr-21",22,22,0,22,22,0,0,2021,4
"Brisbane-Gladstone","Brisbane","Gladstone","Virgin Australia","Apr-21",52,51,1,49,49,2,2,2021,4
"Brisbane-Hamilton Island","Brisbane","Hamilton Island","Virgin Australia","Apr-21",34,33,1,29,32,4,1,2021,4
"Brisbane-Hobart","Brisbane","Hobart","Virgin Australia","Apr-21",37,34,3,27,30,7,4,2021,4
"Brisbane-Mackay","Brisbane","Mackay","Virgin Australia","Apr-21",85,85,0,74,77,11,8,2021,4
"Brisbane-Melbourne","Brisbane","Melbourne","Virgin Australia","Apr-21",195,168,27,121,136,47,32,2021,4
"Brisbane-Mount Isa","Brisbane","Mount Isa","Virgin Australia","Apr-21",12,12,0,11,8,1,4,2021,4
"Brisbane-Newcastle","Brisbane","Newcastle","Virgin Australia","Apr-21",45,43,2,37,40,6,3,2021,4
"Brisbane-Perth","Brisbane","Perth","Virgin Australia","Apr-21",36,25,11,21,24,4,1,2021,4
"Brisbane-Proserpine","Brisbane","Proserpine","Virgin Australia","Apr-21",38,38,0,36,37,2,1,2021,4
"Brisbane-Rockhampton","Brisbane","Rockhampton","Virgin Australia","Apr-21",80,80,0,70,70,10,10,2021,4
"Brisbane-Sydney","Brisbane","Sydney","Virgin Australia","Apr-21",251,233,18,195,207,38,26,2021,4
"Brisbane-Townsville","Brisbane","Townsville","Virgin Australia","Apr-21",80,78,2,65,67,13,11,2021,4
"Broome-Perth","Broome","Perth","Virgin Australia","Apr-21",40,39,1,27,35,12,4,2021,4
"Cairns-Brisbane","Cairns","Brisbane","Virgin Australia","Apr-21",126,121,5,103,112,18,9,2021,4
"Cairns-Melbourne","Cairns","Melbourne","Virgin Australia","Apr-21",41,39,2,34,37,5,2,2021,4
"Cairns-Sydney","Cairns","Sydney","Virgin Australia","Apr-21",59,55,4,51,51,4,4,2021,4
"Canberra-Adelaide","Canberra","Adelaide","Virgin Australia","Apr-21",16,16,0,15,16,1,0,2021,4
"Canberra-Brisbane","Canberra","Brisbane","Virgin Australia","Apr-21",63,56,7,52,52,4,4,2021,4
"Canberra-Melbourne","Canberra","Melbourne","Virgin Australia","Apr-21",69,69,0,57,60,12,9,2021,4
"Coffs Harbour-Sydney","Coffs Harbour","Sydney","Virgin Australia","Apr-21",8,8,0,5,6,3,2,2021,4
"Darwin-Brisbane","Darwin","Brisbane","Virgin Australia","Apr-21",33,33,0,24,30,9,3,2021,4
"Darwin-Perth","Darwin","Perth","Virgin Australia","Apr-21",14,14,0,8,10,6,4,2021,4
"Emerald-Brisbane","Emerald","Brisbane","Virgin Australia","Apr-21",22,22,0,20,21,2,1,2021,4
"Gladstone-Brisbane","Gladstone","Brisbane","Virgin Australia","Apr-21",52,51,1,49,44,2,7,2021,4
"Gold Coast-Adelaide","Gold Coast","Adelaide","Virgin Australia","Apr-21",38,37,1,32,34,5,3,2021,4
"Gold Coast-Melbourne","Gold Coast","Melbourne","Virgin Australia","Apr-21",208,204,4,146,181,58,23,2021,4
"Gold Coast-Sydney","Gold Coast","Sydney","Virgin Australia","Apr-21",229,222,7,157,173,65,49,2021,4
"Hamilton Island-Brisbane","Hamilton Island","Brisbane","Virgin Australia","Apr-21",34,33,1,27,30,6,3,2021,4
"Hamilton Island-Sydney","Hamilton Island","Sydney","Virgin Australia","Apr-21",30,30,0,24,25,6,5,2021,4
"Hobart-Brisbane","Hobart","Brisbane","Virgin Australia","Apr-21",37,34,3,28,30,6,4,2021,4
"Hobart-Melbourne","Hobart","Melbourne","Virgin Australia","Apr-21",95,95,0,79,79,16,16,2021,4
"Hobart-Sydney","Hobart","Sydney","Virgin Australia","Apr-21",60,58,2,56,55,2,3,2021,4
"Kalgoorlie-Perth","Kalgoorlie","Perth","Virgin Australia","Apr-21",16,15,1,9,11,6,4,2021,4
"Karratha-Perth","Karratha","Perth","Virgin Australia","Apr-21",31,31,0,25,29,6,2,2021,4
"Launceston-Melbourne","Launceston","Melbourne","Virgin Australia","Apr-21",85,85,0,70,68,15,17,2021,4
"Launceston-Sydney","Launceston","Sydney","Virgin Australia","Apr-21",30,30,0,25,25,5,5,2021,4
"Mackay-Brisbane","Mackay","Brisbane","Virgin Australia","Apr-21",85,85,0,76,79,9,6,2021,4
"Melbourne-Adelaide","Melbourne","Adelaide","Virgin Australia","Apr-21",155,155,0,126,132,29,23,2021,4
"Melbourne-Brisbane","Melbourne","Brisbane","Virgin Australia","Apr-21",197,168,29,129,131,39,37,2021,4
"Melbourne-Cairns","Melbourne","Cairns","Virgin Australia","Apr-21",41,39,2,35,34,4,5,2021,4
"Melbourne-Canberra","Melbourne","Canberra","Virgin Australia","Apr-21",69,69,0,55,58,14,11,2021,4
"Melbourne-Gold Coast","Melbourne","Gold Coast","Virgin Australia","Apr-21",208,204,4,157,169,47,35,2021,4
"Melbourne-Hobart","Melbourne","Hobart","Virgin Australia","Apr-21",95,95,0,75,72,20,23,2021,4
"Melbourne-Launceston","Melbourne","Launceston","Virgin Australia","Apr-21",85,84,1,63,61,21,23,2021,4
"Melbourne-Newcastle","Melbourne","Newcastle","Virgin Australia","Apr-21",27,27,0,20,19,7,8,2021,4
"Melbourne-Perth","Melbourne","Perth","Virgin Australia","Apr-21",110,109,1,79,93,30,16,2021,4
"Melbourne-Sunshine Coast","Melbourne","Sunshine Coast","Virgin Australia","Apr-21",75,73,2,69,68,4,5,2021,4
"Melbourne-Sydney","Melbourne","Sydney","Virgin Australia","Apr-21",457,448,9,358,370,90,78,2021,4
"Mount Isa-Brisbane","Mount Isa","Brisbane","Virgin Australia","Apr-21",12,12,0,10,12,2,0,2021,4
"Newcastle-Brisbane","Newcastle","Brisbane","Virgin Australia","Apr-21",46,43,3,41,42,2,1,2021,4
"Newcastle-Melbourne","Newcastle","Melbourne","Virgin Australia","Apr-21",27,27,0,19,21,8,6,2021,4
"Newman-Perth","Newman","Perth","Virgin Australia","Apr-21",36,36,0,29,30,7,6,2021,4
"Perth-Adelaide","Perth","Adelaide","Virgin Australia","Apr-21",42,42,0,39,37,3,5,2021,4
"Perth-Brisbane","Perth","Brisbane","Virgin Australia","Apr-21",42,26,16,22,21,4,5,2021,4
"Perth-Broome","Perth","Broome","Virgin Australia","Apr-21",39,39,0,28,35,11,4,2021,4
"Perth-Darwin","Perth","Darwin","Virgin Australia","Apr-21",14,14,0,11,11,3,3,2021,4
"Perth-Kalgoorlie","Perth","Kalgoorlie","Virgin Australia","Apr-21",16,15,1,15,15,0,0,2021,4
"Perth-Karratha","Perth","Karratha","Virgin Australia","Apr-21",31,31,0,29,28,2,3,2021,4
"Perth-Melbourne","Perth","Melbourne","Virgin Australia","Apr-21",111,109,2,84,89,25,20,2021,4
"Perth-Newman","Perth","Newman","Virgin Australia","Apr-21",36,36,0,36,35,0,1,2021,4
"Perth-Sydney","Perth","Sydney","Virgin Australia","Apr-21",71,71,0,58,66,13,5,2021,4
"Proserpine-Brisbane","Proserpine","Brisbane","Virgin Australia","Apr-21",38,38,0,28,35,10,3,2021,4
"Rockhampton-Brisbane","Rockhampton","Brisbane","Virgin Australia","Apr-21",80,80,0,68,72,12,8,2021,4
"Sunshine Coast-Melbourne","Sunshine Coast","Melbourne","Virgin Australia","Apr-21",75,73,2,64,61,9,12,2021,4
"Sunshine Coast-Sydney","Sunshine Coast","Sydney","Virgin Australia","Apr-21",60,59,1,46,39,13,20,2021,4
"Sydney-Adelaide","Sydney","Adelaide","Virgin Australia","Apr-21",106,105,1,80,85,25,20,2021,4
"Sydney-Ballina","Sydney","Ballina","Virgin Australia","Apr-21",59,57,2,47,47,10,10,2021,4
"Sydney-Brisbane","Sydney","Brisbane","Virgin Australia","Apr-21",249,231,18,195,193,36,38,2021,4
"Sydney-Cairns","Sydney","Cairns","Virgin Australia","Apr-21",59,55,4,49,52,6,3,2021,4
"Sydney-Coffs Harbour","Sydney","Coffs Harbour","Virgin Australia","Apr-21",8,8,0,7,6,1,2,2021,4
"Sydney-Gold Coast","Sydney","Gold Coast","Virgin Australia","Apr-21",229,222,7,171,165,51,57,2021,4
"Sydney-Hamilton Island","Sydney","Hamilton Island","Virgin Australia","Apr-21",30,30,0,27,29,3,1,2021,4
"Sydney-Hobart","Sydney","Hobart","Virgin Australia","Apr-21",60,58,2,56,56,2,2,2021,4
"Sydney-Launceston","Sydney","Launceston","Virgin Australia","Apr-21",30,30,0,24,25,6,5,2021,4
"Sydney-Melbourne","Sydney","Melbourne","Virgin Australia","Apr-21",457,448,9,332,374,116,74,2021,4
"Sydney-Perth","Sydney","Perth","Virgin Australia","Apr-21",71,71,0,41,58,30,13,2021,4
"Sydney-Sunshine Coast","Sydney","Sunshine Coast","Virgin Australia","Apr-21",60,60,0,50,46,10,14,2021,4
"Townsville-Brisbane","Townsville","Brisbane","Virgin Australia","Apr-21",80,78,2,65,72,13,6,2021,4
"Broome-Perth","Broome","Perth","Virgin Australia Regional Airlines","Apr-21",5,5,0,2,2,3,3,2021,4
"Kalgoorlie-Perth","Kalgoorlie","Perth","Virgin Australia Regional Airlines","Apr-21",40,40,0,37,37,3,3,2021,4
"Karratha-Perth","Karratha","Perth","Virgin Australia Regional Airlines","Apr-21",23,23,0,15,17,8,6,2021,4
"Newman-Perth","Newman","Perth","Virgin Australia Regional Airlines","Apr-21",20,20,0,16,18,4,2,2021,4
"Perth-Broome","Perth","Broome","Virgin Australia Regional Airlines","Apr-21",5,5,0,3,4,2,1,2021,4
"Perth-Kalgoorlie","Perth","Kalgoorlie","Virgin Australia Regional Airlines","Apr-21",40,40,0,35,35,5,5,2021,4
"Perth-Karratha","Perth","Karratha","Virgin Australia Regional Airlines","Apr-21",23,23,0,18,17,5,6,2021,4
"Perth-Newman","Perth","Newman","Virgin Australia Regional Airlines","Apr-21",20,20,0,19,19,1,1,2021,4
"Perth-Port Hedland","Perth","Port Hedland","Virgin Australia Regional Airlines","Apr-21",52,52,0,48,48,4,4,2021,4
"Port Hedland-Perth","Port Hedland","Perth","Virgin Australia Regional Airlines","Apr-21",52,52,0,39,41,13,11,2021,4
"Adelaide-Alice Springs","Adelaide","Alice Springs","All Airlines","Apr-21",43,43,0,37,34,6,9,2021,4
"Adelaide-Brisbane","Adelaide","Brisbane","All Airlines","Apr-21",204,191,13,162,167,29,24,2021,4
"Adelaide-Canberra","Adelaide","Canberra","All Airlines","Apr-21",49,49,0,32,37,17,12,2021,4
"Adelaide-Gold Coast","Adelaide","Gold Coast","All Airlines","Apr-21",67,62,5,58,56,4,6,2021,4
"Adelaide-Melbourne","Adelaide","Melbourne","All Airlines","Apr-21",519,514,5,441,454,73,60,2021,4
"Adelaide-Perth","Adelaide","Perth","All Airlines","Apr-21",155,154,1,122,129,32,25,2021,4
"Adelaide-Port Lincoln","Adelaide","Port Lincoln","All Airlines","Apr-21",270,269,1,219,220,50,49,2021,4
"Adelaide-Sydney","Adelaide","Sydney","All Airlines","Apr-21",414,411,3,361,351,50,60,2021,4
"Albury-Sydney","Albury","Sydney","All Airlines","Apr-21",158,157,1,151,154,6,3,2021,4
"Alice Springs-Adelaide","Alice Springs","Adelaide","All Airlines","Apr-21",43,43,0,26,29,17,14,2021,4
"Armidale-Sydney","Armidale","Sydney","All Airlines","Apr-21",124,121,3,102,102,19,19,2021,4
"Ballina-Sydney","Ballina","Sydney","All Airlines","Apr-21",269,262,7,204,207,58,55,2021,4
"Brisbane-Adelaide","Brisbane","Adelaide","All Airlines","Apr-21",205,192,13,158,169,34,23,2021,4
"Brisbane-Cairns","Brisbane","Cairns","All Airlines","Apr-21",352,344,8,299,294,45,50,2021,4
"Brisbane-Canberra","Brisbane","Canberra","All Airlines","Apr-21",216,205,11,192,195,13,10,2021,4
"Brisbane-Darwin","Brisbane","Darwin","All Airlines","Apr-21",92,92,0,81,83,11,9,2021,4
"Brisbane-Emerald","Brisbane","Emerald","All Airlines","Apr-21",142,139,3,132,134,7,5,2021,4
"Brisbane-Gladstone","Brisbane","Gladstone","All Airlines","Apr-21",169,166,3,157,157,9,9,2021,4
"Brisbane-Hamilton Island","Brisbane","Hamilton Island","All Airlines","Apr-21",71,70,1,64,60,6,10,2021,4
"Brisbane-Hobart","Brisbane","Hobart","All Airlines","Apr-21",88,82,6,67,69,15,13,2021,4
"Brisbane-Mackay","Brisbane","Mackay","All Airlines","Apr-21",222,221,1,197,192,24,29,2021,4
"Brisbane-Melbourne","Brisbane","Melbourne","All Airlines","Apr-21",666,580,86,488,524,92,56,2021,4
"Brisbane-Mount Isa","Brisbane","Mount Isa","All Airlines","Apr-21",69,63,6,59,56,4,7,2021,4
"Brisbane-Newcastle","Brisbane","Newcastle","All Airlines","Apr-21",195,189,6,163,164,26,25,2021,4
"Brisbane-Perth","Brisbane","Perth","All Airlines","Apr-21",87,62,25,50,55,12,7,2021,4
"Brisbane-Proserpine","Brisbane","Proserpine","All Airlines","Apr-21",75,75,0,70,70,5,5,2021,4
"Brisbane-Rockhampton","Brisbane","Rockhampton","All Airlines","Apr-21",232,229,3,211,210,18,19,2021,4
"Brisbane-Sydney","Brisbane","Sydney","All Airlines","Apr-21",838,790,48,687,715,103,75,2021,4
"Brisbane-Townsville","Brisbane","Townsville","All Airlines","Apr-21",251,245,6,211,213,34,32,2021,4
"Broome-Perth","Broome","Perth","All Airlines","Apr-21",140,137,3,101,113,36,24,2021,4
"Cairns-Brisbane","Cairns","Brisbane","All Airlines","Apr-21",353,344,9,283,294,61,50,2021,4
"Cairns-Melbourne","Cairns","Melbourne","All Airlines","Apr-21",222,218,4,186,191,32,27,2021,4
"Cairns-Sydney","Cairns","Sydney","All Airlines","Apr-21",253,243,10,215,212,28,31,2021,4
"Cairns-Townsville","Cairns","Townsville","All Airlines","Apr-21",122,122,0,103,105,19,17,2021,4
"Canberra-Adelaide","Canberra","Adelaide","All Airlines","Apr-21",49,49,0,34,40,15,9,2021,4
"Canberra-Brisbane","Canberra","Brisbane","All Airlines","Apr-21",217,205,12,177,180,28,25,2021,4
"Canberra-Melbourne","Canberra","Melbourne","All Airlines","Apr-21",253,248,5,191,193,57,55,2021,4
"Canberra-Sydney","Canberra","Sydney","All Airlines","Apr-21",279,267,12,223,219,44,48,2021,4
"Coffs Harbour-Sydney","Coffs Harbour","Sydney","All Airlines","Apr-21",196,194,2,178,176,16,18,2021,4
"Darwin-Brisbane","Darwin","Brisbane","All Airlines","Apr-21",89,89,0,64,59,25,30,2021,4
"Darwin-Perth","Darwin","Perth","All Airlines","Apr-21",44,44,0,29,36,15,8,2021,4
"Dubbo-Sydney","Dubbo","Sydney","All Airlines","Apr-21",157,156,1,142,142,14,14,2021,4
"Emerald-Brisbane","Emerald","Brisbane","All Airlines","Apr-21",141,138,3,130,132,8,6,2021,4
"Gladstone-Brisbane","Gladstone","Brisbane","All Airlines","Apr-21",169,165,4,154,151,11,14,2021,4
"Gold Coast-Adelaide","Gold Coast","Adelaide","All Airlines","Apr-21",67,62,5,54,58,8,4,2021,4
"Gold Coast-Melbourne","Gold Coast","Melbourne","All Airlines","Apr-21",555,543,12,406,451,137,92,2021,4
"Gold Coast-Sydney","Gold Coast","Sydney","All Airlines","Apr-21",729,708,21,576,606,132,102,2021,4
"Hamilton Island-Brisbane","Hamilton Island","Brisbane","All Airlines","Apr-21",71,69,2,54,58,15,11,2021,4
"Hamilton Island-Sydney","Hamilton Island","Sydney","All Airlines","Apr-21",96,91,5,71,71,20,20,2021,4
"Hobart-Brisbane","Hobart","Brisbane","All Airlines","Apr-21",88,82,6,68,70,14,12,2021,4
"Hobart-Melbourne","Hobart","Melbourne","All Airlines","Apr-21",380,374,6,293,288,81,86,2021,4
"Hobart-Sydney","Hobart","Sydney","All Airlines","Apr-21",224,222,2,193,189,29,33,2021,4
"Kalgoorlie-Perth","Kalgoorlie","Perth","All Airlines","Apr-21",131,126,5,104,109,22,17,2021,4
"Karratha-Perth","Karratha","Perth","All Airlines","Apr-21",186,181,5,143,149,38,32,2021,4
"Launceston-Melbourne","Launceston","Melbourne","All Airlines","Apr-21",301,296,5,230,230,66,66,2021,4
"Launceston-Sydney","Launceston","Sydney","All Airlines","Apr-21",102,102,0,81,75,21,27,2021,4
"Mackay-Brisbane","Mackay","Brisbane","All Airlines","Apr-21",227,226,1,198,198,28,28,2021,4
"Melbourne-Adelaide","Melbourne","Adelaide","All Airlines","Apr-21",519,517,2,431,448,86,69,2021,4
"Melbourne-Brisbane","Melbourne","Brisbane","All Airlines","Apr-21",670,585,85,494,505,91,80,2021,4
"Melbourne-Cairns","Melbourne","Cairns","All Airlines","Apr-21",221,218,3,177,189,41,29,2021,4
"Melbourne-Canberra","Melbourne","Canberra","All Airlines","Apr-21",253,247,6,176,181,71,66,2021,4
"Melbourne-Gold Coast","Melbourne","Gold Coast","All Airlines","Apr-21",555,543,12,410,424,133,119,2021,4
"Melbourne-Hobart","Melbourne","Hobart","All Airlines","Apr-21",380,375,5,281,281,94,94,2021,4
"Melbourne-Launceston","Melbourne","Launceston","All Airlines","Apr-21",301,298,3,230,225,68,73,2021,4
"Melbourne-Mildura","Melbourne","Mildura","All Airlines","Apr-21",188,187,1,129,140,58,47,2021,4
"Melbourne-Newcastle","Melbourne","Newcastle","All Airlines","Apr-21",154,152,2,117,113,35,39,2021,4
"Melbourne-Perth","Melbourne","Perth","All Airlines","Apr-21",284,281,3,206,223,75,58,2021,4
"Melbourne-Sunshine Coast","Melbourne","Sunshine Coast","All Airlines","Apr-21",217,215,2,191,173,24,42,2021,4
"Melbourne-Sydney","Melbourne","Sydney","All Airlines","Apr-21",1741,1639,102,1410,1457,229,182,2021,4
"Mildura-Melbourne","Mildura","Melbourne","All Airlines","Apr-21",186,185,1,142,128,43,57,2021,4
"Mount Isa-Brisbane","Mount Isa","Brisbane","All Airlines","Apr-21",67,62,5,55,57,7,5,2021,4
"Newcastle-Brisbane","Newcastle","Brisbane","All Airlines","Apr-21",196,188,8,161,166,27,22,2021,4
"Newcastle-Melbourne","Newcastle","Melbourne","All Airlines","Apr-21",154,152,2,128,131,24,21,2021,4
"Newman-Perth","Newman","Perth","All Airlines","Apr-21",165,160,5,98,109,62,51,2021,4
"Perth-Adelaide","Perth","Adelaide","All Airlines","Apr-21",155,153,2,131,129,22,24,2021,4
"Perth-Brisbane","Perth","Brisbane","All Airlines","Apr-21",93,64,29,54,33,10,31,2021,4
"Perth-Broome","Perth","Broome","All Airlines","Apr-21",140,139,1,104,120,35,19,2021,4
"Perth-Darwin","Perth","Darwin","All Airlines","Apr-21",44,44,0,35,34,9,10,2021,4
"Perth-Kalgoorlie","Perth","Kalgoorlie","All Airlines","Apr-21",131,127,4,113,112,14,15,2021,4
"Perth-Karratha","Perth","Karratha","All Airlines","Apr-21",183,179,4,152,144,27,35,2021,4
"Perth-Melbourne","Perth","Melbourne","All Airlines","Apr-21",284,279,5,203,214,76,65,2021,4
"Perth-Newman","Perth","Newman","All Airlines","Apr-21",163,161,2,149,150,12,11,2021,4
"Perth-Port Hedland","Perth","Port Hedland","All Airlines","Apr-21",173,168,5,152,142,16,26,2021,4
"Perth-Sydney","Perth","Sydney","All Airlines","Apr-21",255,253,2,191,198,62,55,2021,4
"Port Hedland-Perth","Port Hedland","Perth","All Airlines","Apr-21",170,164,6,127,130,37,34,2021,4
"Port Lincoln-Adelaide","Port Lincoln","Adelaide","All Airlines","Apr-21",270,269,1,214,213,55,56,2021,4
"Port Macquarie-Sydney","Port Macquarie","Sydney","All Airlines","Apr-21",181,181,0,170,166,11,15,2021,4
"Proserpine-Brisbane","Proserpine","Brisbane","All Airlines","Apr-21",76,76,0,60,68,16,8,2021,4
"Rockhampton-Brisbane","Rockhampton","Brisbane","All Airlines","Apr-21",233,230,3,203,201,27,29,2021,4
"Sunshine Coast-Melbourne","Sunshine Coast","Melbourne","All Airlines","Apr-21",218,213,5,160,164,53,49,2021,4
"Sunshine Coast-Sydney","Sunshine Coast","Sydney","All Airlines","Apr-21",216,211,5,170,168,41,43,2021,4
"Sydney-Adelaide","Sydney","Adelaide","All Airlines","Apr-21",414,410,4,334,351,76,59,2021,4
"Sydney-Albury","Sydney","Albury","All Airlines","Apr-21",158,158,0,139,147,19,11,2021,4
"Sydney-Armidale","Sydney","Armidale","All Airlines","Apr-21",123,121,2,101,102,20,19,2021,4
"Sydney-Ballina","Sydney","Ballina","All Airlines","Apr-21",268,262,6,222,204,40,58,2021,4
"Sydney-Brisbane","Sydney","Brisbane","All Airlines","Apr-21",844,792,52,666,679,126,113,2021,4
"Sydney-Cairns","Sydney","Cairns","All Airlines","Apr-21",253,244,9,199,220,45,24,2021,4
"Sydney-Canberra","Sydney","Canberra","All Airlines","Apr-21",280,270,10,225,222,45,48,2021,4
"Sydney-Coffs Harbour","Sydney","Coffs Harbour","All Airlines","Apr-21",196,194,2,176,175,18,19,2021,4
"Sydney-Dubbo","Sydney","Dubbo","All Airlines","Apr-21",156,156,0,143,147,13,9,2021,4
"Sydney-Gold Coast","Sydney","Gold Coast","All Airlines","Apr-21",729,708,21,599,599,109,109,2021,4
"Sydney-Hamilton Island","Sydney","Hamilton Island","All Airlines","Apr-21",95,92,3,82,83,10,9,2021,4
"Sydney-Hobart","Sydney","Hobart","All Airlines","Apr-21",224,222,2,197,203,25,19,2021,4
"Sydney-Launceston","Sydney","Launceston","All Airlines","Apr-21",102,102,0,83,85,19,17,2021,4
"Sydney-Melbourne","Sydney","Melbourne","All Airlines","Apr-21",1739,1636,103,1367,1456,269,180,2021,4
"Sydney-Perth","Sydney","Perth","All Airlines","Apr-21",252,250,2,161,184,89,66,2021,4
"Sydney-Port Macquarie","Sydney","Port Macquarie","All Airlines","Apr-21",181,181,0,160,167,21,14,2021,4
"Sydney-Sunshine Coast","Sydney","Sunshine Coast","All Airlines","Apr-21",214,214,0,175,169,39,45,2021,4
"Sydney-Wagga Wagga","Sydney","Wagga Wagga","All Airlines","Apr-21",157,157,0,139,146,18,11,2021,4
"Townsville-Brisbane","Townsville","Brisbane","All Airlines","Apr-21",250,244,6,214,212,30,32,2021,4
"Townsville-Cairns","Townsville","Cairns","All Airlines","Apr-21",122,122,0,106,111,16,11,2021,4
"Wagga Wagga-Sydney","Wagga Wagga","Sydney","All Airlines","Apr-21",158,158,0,150,146,8,12,2021,4
"Adelaide-Brisbane","Adelaide","Brisbane","Jetstar","May-21",27,27,0,21,23,6,4,2021,5
"Adelaide-Gold Coast","Adelaide","Gold Coast","Jetstar","May-21",27,27,0,23,24,4,3,2021,5
"Adelaide-Melbourne","Adelaide","Melbourne","Jetstar","May-21",110,93,17,81,83,12,10,2021,5
"Adelaide-Perth","Adelaide","Perth","Jetstar","May-21",26,25,1,24,24,1,1,2021,5
"Adelaide-Sydney","Adelaide","Sydney","Jetstar","May-21",99,92,7,83,80,9,12,2021,5
"Ballina-Sydney","Ballina","Sydney","Jetstar","May-21",79,79,0,66,65,13,14,2021,5
"Brisbane-Adelaide","Brisbane","Adelaide","Jetstar","May-21",27,27,0,17,22,10,5,2021,5
"Brisbane-Cairns","Brisbane","Cairns","Jetstar","May-21",80,80,0,66,67,14,13,2021,5
"Brisbane-Darwin","Brisbane","Darwin","Jetstar","May-21",18,18,0,14,7,4,11,2021,5
"Brisbane-Hobart","Brisbane","Hobart","Jetstar","May-21",18,18,0,17,17,1,1,2021,5
"Brisbane-Mackay","Brisbane","Mackay","Jetstar","May-21",26,26,0,22,21,4,5,2021,5
"Brisbane-Melbourne","Brisbane","Melbourne","Jetstar","May-21",180,160,20,130,140,30,20,2021,5
"Brisbane-Newcastle","Brisbane","Newcastle","Jetstar","May-21",61,60,1,52,54,8,6,2021,5
"Brisbane-Proserpine","Brisbane","Proserpine","Jetstar","May-21",27,27,0,23,23,4,4,2021,5
"Brisbane-Sydney","Brisbane","Sydney","Jetstar","May-21",166,159,7,134,144,25,15,2021,5
"Brisbane-Townsville","Brisbane","Townsville","Jetstar","May-21",61,61,0,50,52,11,9,2021,5
"Cairns-Brisbane","Cairns","Brisbane","Jetstar","May-21",80,80,0,70,71,10,9,2021,5
"Cairns-Melbourne","Cairns","Melbourne","Jetstar","May-21",116,110,6,89,95,21,15,2021,5
"Cairns-Sydney","Cairns","Sydney","Jetstar","May-21",85,81,4,67,71,14,10,2021,5
"Darwin-Brisbane","Darwin","Brisbane","Jetstar","May-21",18,18,0,5,6,13,12,2021,5
"Gold Coast-Adelaide","Gold Coast","Adelaide","Jetstar","May-21",27,27,0,22,23,5,4,2021,5
"Gold Coast-Melbourne","Gold Coast","Melbourne","Jetstar","May-21",217,197,20,166,175,31,22,2021,5
"Gold Coast-Sydney","Gold Coast","Sydney","Jetstar","May-21",261,234,27,202,204,32,30,2021,5
"Hamilton Island-Sydney","Hamilton Island","Sydney","Jetstar","May-21",13,13,0,9,10,4,3,2021,5
"Hobart-Brisbane","Hobart","Brisbane","Jetstar","May-21",18,18,0,15,12,3,6,2021,5
"Hobart-Melbourne","Hobart","Melbourne","Jetstar","May-21",138,127,11,105,103,22,24,2021,5
"Hobart-Sydney","Hobart","Sydney","Jetstar","May-21",63,63,0,55,53,8,10,2021,5
"Launceston-Melbourne","Launceston","Melbourne","Jetstar","May-21",93,86,7,70,73,16,13,2021,5
"Launceston-Sydney","Launceston","Sydney","Jetstar","May-21",27,27,0,13,16,14,11,2021,5
"Mackay-Brisbane","Mackay","Brisbane","Jetstar","May-21",26,26,0,20,22,6,4,2021,5
"Melbourne-Adelaide","Melbourne","Adelaide","Jetstar","May-21",110,93,17,81,84,12,9,2021,5
"Melbourne-Brisbane","Melbourne","Brisbane","Jetstar","May-21",180,160,20,136,130,24,30,2021,5
"Melbourne-Cairns","Melbourne","Cairns","Jetstar","May-21",116,110,6,82,93,28,17,2021,5
"Melbourne-Gold Coast","Melbourne","Gold Coast","Jetstar","May-21",217,197,20,161,159,36,38,2021,5
"Melbourne-Hobart","Melbourne","Hobart","Jetstar","May-21",138,127,11,108,108,19,19,2021,5
"Melbourne-Launceston","Melbourne","Launceston","Jetstar","May-21",93,86,7,69,69,17,17,2021,5
"Melbourne-Newcastle","Melbourne","Newcastle","Jetstar","May-21",62,55,7,50,49,5,6,2021,5
"Melbourne-Perth","Melbourne","Perth","Jetstar","May-21",62,51,11,43,41,8,10,2021,5
"Melbourne-Sunshine Coast","Melbourne","Sunshine Coast","Jetstar","May-21",62,59,3,42,36,17,23,2021,5
"Melbourne-Sydney","Melbourne","Sydney","Jetstar","May-21",332,257,75,220,224,37,33,2021,5
"Newcastle-Brisbane","Newcastle","Brisbane","Jetstar","May-21",61,60,1,52,53,8,7,2021,5
"Newcastle-Melbourne","Newcastle","Melbourne","Jetstar","May-21",63,56,7,49,50,7,6,2021,5
"Perth-Adelaide","Perth","Adelaide","Jetstar","May-21",26,25,1,18,21,7,4,2021,5
"Perth-Melbourne","Perth","Melbourne","Jetstar","May-21",62,50,12,34,35,16,15,2021,5
"Perth-Sydney","Perth","Sydney","Jetstar","May-21",49,47,2,17,21,30,26,2021,5
"Proserpine-Brisbane","Proserpine","Brisbane","Jetstar","May-21",27,27,0,20,19,7,8,2021,5
"Sunshine Coast-Melbourne","Sunshine Coast","Melbourne","Jetstar","May-21",62,59,3,30,34,29,25,2021,5
"Sunshine Coast-Sydney","Sunshine Coast","Sydney","Jetstar","May-21",83,82,1,71,69,11,13,2021,5
"Sydney-Adelaide","Sydney","Adelaide","Jetstar","May-21",99,92,7,83,84,9,8,2021,5
"Sydney-Ballina","Sydney","Ballina","Jetstar","May-21",79,79,0,70,73,9,6,2021,5
"Sydney-Brisbane","Sydney","Brisbane","Jetstar","May-21",165,159,6,134,138,25,21,2021,5
"Sydney-Cairns","Sydney","Cairns","Jetstar","May-21",85,81,4,65,70,16,11,2021,5
"Sydney-Gold Coast","Sydney","Gold Coast","Jetstar","May-21",261,234,27,201,200,33,34,2021,5
"Sydney-Hamilton Island","Sydney","Hamilton Island","Jetstar","May-21",13,13,0,11,12,2,1,2021,5
"Sydney-Hobart","Sydney","Hobart","Jetstar","May-21",63,63,0,49,52,14,11,2021,5
"Sydney-Launceston","Sydney","Launceston","Jetstar","May-21",27,27,0,20,18,7,9,2021,5
"Sydney-Melbourne","Sydney","Melbourne","Jetstar","May-21",331,257,74,227,233,30,24,2021,5
"Sydney-Perth","Sydney","Perth","Jetstar","May-21",49,49,0,30,38,19,11,2021,5
"Sydney-Sunshine Coast","Sydney","Sunshine Coast","Jetstar","May-21",83,83,0,72,73,11,10,2021,5
"Townsville-Brisbane","Townsville","Brisbane","Jetstar","May-21",61,61,0,49,51,12,10,2021,5
"Adelaide-Alice Springs","Adelaide","Alice Springs","Qantas","May-21",24,24,0,22,19,2,5,2021,5
"Adelaide-Brisbane","Adelaide","Brisbane","Qantas","May-21",98,98,0,93,91,5,7,2021,5
"Adelaide-Canberra","Adelaide","Canberra","Qantas","May-21",39,39,0,27,25,12,14,2021,5
"Adelaide-Melbourne","Adelaide","Melbourne","Qantas","May-21",220,200,20,184,186,16,14,2021,5
"Adelaide-Perth","Adelaide","Perth","Qantas","May-21",88,88,0,77,76,11,12,2021,5
"Adelaide-Sydney","Adelaide","Sydney","Qantas","May-21",191,188,3,175,163,13,25,2021,5
"Alice Springs-Adelaide","Alice Springs","Adelaide","Qantas","May-21",24,24,0,11,11,13,13,2021,5
"Brisbane-Adelaide","Brisbane","Adelaide","Qantas","May-21",98,98,0,87,85,11,13,2021,5
"Brisbane-Cairns","Brisbane","Cairns","Qantas","May-21",130,130,0,117,112,13,18,2021,5
"Brisbane-Canberra","Brisbane","Canberra","Qantas","May-21",48,48,0,46,46,2,2,2021,5
"Brisbane-Darwin","Brisbane","Darwin","Qantas","May-21",41,40,1,37,30,3,10,2021,5
"Brisbane-Hamilton Island","Brisbane","Hamilton Island","Qantas","May-21",31,31,0,28,25,3,6,2021,5
"Brisbane-Mackay","Brisbane","Mackay","Qantas","May-21",90,90,0,80,74,10,16,2021,5
"Brisbane-Melbourne","Brisbane","Melbourne","Qantas","May-21",296,269,27,223,240,46,29,2021,5
"Brisbane-Mount Isa","Brisbane","Mount Isa","Qantas","May-21",41,41,0,41,41,0,0,2021,5
"Brisbane-Perth","Brisbane","Perth","Qantas","May-21",86,85,1,75,70,10,15,2021,5
"Brisbane-Sydney","Brisbane","Sydney","Qantas","May-21",452,435,17,402,407,33,28,2021,5
"Brisbane-Townsville","Brisbane","Townsville","Qantas","May-21",109,109,0,102,94,7,15,2021,5
"Cairns-Brisbane","Cairns","Brisbane","Qantas","May-21",131,131,0,124,113,7,18,2021,5
"Cairns-Melbourne","Cairns","Melbourne","Qantas","May-21",31,31,0,27,23,4,8,2021,5
"Cairns-Sydney","Cairns","Sydney","Qantas","May-21",50,50,0,42,37,8,13,2021,5
"Canberra-Adelaide","Canberra","Adelaide","Qantas","May-21",40,40,0,25,30,15,10,2021,5
"Canberra-Brisbane","Canberra","Brisbane","Qantas","May-21",48,48,0,46,45,2,3,2021,5
"Canberra-Melbourne","Canberra","Melbourne","Qantas","May-21",35,35,0,33,32,2,3,2021,5
"Canberra-Sydney","Canberra","Sydney","Qantas","May-21",17,17,0,17,17,0,0,2021,5
"Darwin-Brisbane","Darwin","Brisbane","Qantas","May-21",39,38,1,18,22,20,16,2021,5
"Darwin-Perth","Darwin","Perth","Qantas","May-21",31,31,0,24,21,7,10,2021,5
"Gold Coast-Melbourne","Gold Coast","Melbourne","Qantas","May-21",58,58,0,52,53,6,5,2021,5
"Gold Coast-Sydney","Gold Coast","Sydney","Qantas","May-21",88,86,2,74,74,12,12,2021,5
"Hamilton Island-Brisbane","Hamilton Island","Brisbane","Qantas","May-21",31,31,0,22,21,9,10,2021,5
"Hamilton Island-Sydney","Hamilton Island","Sydney","Qantas","May-21",34,34,0,26,27,8,7,2021,5
"Hobart-Sydney","Hobart","Sydney","Qantas","May-21",28,28,0,24,24,4,4,2021,5
"Kalgoorlie-Perth","Kalgoorlie","Perth","Qantas","May-21",9,8,1,7,7,1,1,2021,5
"Karratha-Perth","Karratha","Perth","Qantas","May-21",25,24,1,23,22,1,2,2021,5
"Mackay-Brisbane","Mackay","Brisbane","Qantas","May-21",89,89,0,68,65,21,24,2021,5
"Melbourne-Adelaide","Melbourne","Adelaide","Qantas","May-21",221,200,21,187,186,13,14,2021,5
"Melbourne-Brisbane","Melbourne","Brisbane","Qantas","May-21",296,274,22,240,238,34,36,2021,5
"Melbourne-Cairns","Melbourne","Cairns","Qantas","May-21",31,31,0,23,24,8,7,2021,5
"Melbourne-Canberra","Melbourne","Canberra","Qantas","May-21",35,35,0,32,33,3,2,2021,5
"Melbourne-Gold Coast","Melbourne","Gold Coast","Qantas","May-21",58,57,1,47,47,10,10,2021,5
"Melbourne-Perth","Melbourne","Perth","Qantas","May-21",140,133,7,108,95,25,38,2021,5
"Melbourne-Sydney","Melbourne","Sydney","Qantas","May-21",805,679,126,628,619,51,60,2021,5
"Mount Isa-Brisbane","Mount Isa","Brisbane","Qantas","May-21",41,41,0,37,39,4,2,2021,5
"Newman-Perth","Newman","Perth","Qantas","May-21",33,33,0,27,29,6,4,2021,5
"Perth-Adelaide","Perth","Adelaide","Qantas","May-21",89,89,0,79,75,10,14,2021,5
"Perth-Brisbane","Perth","Brisbane","Qantas","May-21",86,85,1,70,34,15,51,2021,5
"Perth-Darwin","Perth","Darwin","Qantas","May-21",31,31,0,28,26,3,5,2021,5
"Perth-Kalgoorlie","Perth","Kalgoorlie","Qantas","May-21",9,8,1,7,8,1,0,2021,5
"Perth-Karratha","Perth","Karratha","Qantas","May-21",25,24,1,23,22,1,2,2021,5
"Perth-Melbourne","Perth","Melbourne","Qantas","May-21",140,133,7,110,93,23,40,2021,5
"Perth-Newman","Perth","Newman","Qantas","May-21",33,33,0,30,32,3,1,2021,5
"Perth-Port Hedland","Perth","Port Hedland","Qantas","May-21",48,45,3,44,40,1,5,2021,5
"Perth-Sydney","Perth","Sydney","Qantas","May-21",172,170,2,150,134,20,36,2021,5
"Port Hedland-Perth","Port Hedland","Perth","Qantas","May-21",48,45,3,37,37,8,8,2021,5
"Sydney-Adelaide","Sydney","Adelaide","Qantas","May-21",190,190,0,167,168,23,22,2021,5
"Sydney-Brisbane","Sydney","Brisbane","Qantas","May-21",454,436,18,377,378,59,58,2021,5
"Sydney-Cairns","Sydney","Cairns","Qantas","May-21",50,50,0,33,36,17,14,2021,5
"Sydney-Canberra","Sydney","Canberra","Qantas","May-21",17,17,0,17,17,0,0,2021,5
"Sydney-Gold Coast","Sydney","Gold Coast","Qantas","May-21",88,87,1,76,81,11,6,2021,5
"Sydney-Hamilton Island","Sydney","Hamilton Island","Qantas","May-21",34,34,0,30,30,4,4,2021,5
"Sydney-Hobart","Sydney","Hobart","Qantas","May-21",28,28,0,26,26,2,2,2021,5
"Sydney-Melbourne","Sydney","Melbourne","Qantas","May-21",806,680,126,608,627,72,53,2021,5
"Sydney-Perth","Sydney","Perth","Qantas","May-21",175,173,2,140,129,33,44,2021,5
"Townsville-Brisbane","Townsville","Brisbane","Qantas","May-21",109,109,0,96,87,13,22,2021,5
"Adelaide-Alice Springs","Adelaide","Alice Springs","QantasLink","May-21",12,12,0,9,7,3,5,2021,5
"Adelaide-Port Lincoln","Adelaide","Port Lincoln","QantasLink","May-21",121,118,3,106,110,12,8,2021,5
"Albury-Sydney","Albury","Sydney","QantasLink","May-21",109,108,1,92,94,16,14,2021,5
"Alice Springs-Adelaide","Alice Springs","Adelaide","QantasLink","May-21",12,11,1,1,2,10,9,2021,5
"Armidale-Sydney","Armidale","Sydney","QantasLink","May-21",82,80,2,57,61,23,19,2021,5
"Ballina-Sydney","Ballina","Sydney","QantasLink","May-21",93,93,0,84,79,9,14,2021,5
"Brisbane-Cairns","Brisbane","Cairns","QantasLink","May-21",12,12,0,10,7,2,5,2021,5
"Brisbane-Canberra","Brisbane","Canberra","QantasLink","May-21",133,131,2,104,104,27,27,2021,5
"Brisbane-Emerald","Brisbane","Emerald","QantasLink","May-21",124,124,0,109,112,15,12,2021,5
"Brisbane-Gladstone","Brisbane","Gladstone","QantasLink","May-21",124,124,0,113,111,11,13,2021,5
"Brisbane-Hobart","Brisbane","Hobart","QantasLink","May-21",22,22,0,15,15,7,7,2021,5
"Brisbane-Mackay","Brisbane","Mackay","QantasLink","May-21",19,19,0,17,18,2,1,2021,5
"Brisbane-Mount Isa","Brisbane","Mount Isa","QantasLink","May-21",12,11,1,9,9,2,2,2021,5
"Brisbane-Newcastle","Brisbane","Newcastle","QantasLink","May-21",96,96,0,81,79,15,17,2021,5
"Brisbane-Rockhampton","Brisbane","Rockhampton","QantasLink","May-21",156,154,2,133,129,21,25,2021,5
"Brisbane-Townsville","Brisbane","Townsville","QantasLink","May-21",5,5,0,5,3,0,2,2021,5
"Broome-Perth","Broome","Perth","QantasLink","May-21",95,94,1,60,68,34,26,2021,5
"Cairns-Brisbane","Cairns","Brisbane","QantasLink","May-21",12,12,0,7,5,5,7,2021,5
"Cairns-Townsville","Cairns","Townsville","QantasLink","May-21",109,109,0,100,100,9,9,2021,5
"Canberra-Brisbane","Canberra","Brisbane","QantasLink","May-21",132,129,3,102,96,27,33,2021,5
"Canberra-Melbourne","Canberra","Melbourne","QantasLink","May-21",205,185,20,135,129,50,56,2021,5
"Canberra-Sydney","Canberra","Sydney","QantasLink","May-21",285,252,33,210,207,42,45,2021,5
"Coffs Harbour-Sydney","Coffs Harbour","Sydney","QantasLink","May-21",119,115,4,97,96,18,19,2021,5
"Dubbo-Sydney","Dubbo","Sydney","QantasLink","May-21",97,97,0,90,86,7,11,2021,5
"Emerald-Brisbane","Emerald","Brisbane","QantasLink","May-21",124,124,0,113,112,11,12,2021,5
"Gladstone-Brisbane","Gladstone","Brisbane","QantasLink","May-21",124,124,0,101,108,23,16,2021,5
"Gold Coast-Melbourne","Gold Coast","Melbourne","QantasLink","May-21",4,4,0,2,2,2,2,2021,5
"Hobart-Brisbane","Hobart","Brisbane","QantasLink","May-21",22,22,0,12,10,10,12,2021,5
"Hobart-Melbourne","Hobart","Melbourne","QantasLink","May-21",118,109,9,80,79,29,30,2021,5
"Hobart-Sydney","Hobart","Sydney","QantasLink","May-21",42,42,0,32,30,10,12,2021,5
"Kalgoorlie-Perth","Kalgoorlie","Perth","QantasLink","May-21",64,63,1,47,53,16,10,2021,5
"Karratha-Perth","Karratha","Perth","QantasLink","May-21",113,110,3,76,80,34,30,2021,5
"Launceston-Melbourne","Launceston","Melbourne","QantasLink","May-21",88,81,7,67,62,14,19,2021,5
"Launceston-Sydney","Launceston","Sydney","QantasLink","May-21",19,19,0,17,13,2,6,2021,5
"Mackay-Brisbane","Mackay","Brisbane","QantasLink","May-21",24,24,0,24,24,0,0,2021,5
"Melbourne-Canberra","Melbourne","Canberra","QantasLink","May-21",206,191,15,133,128,58,63,2021,5
"Melbourne-Gold Coast","Melbourne","Gold Coast","QantasLink","May-21",4,4,0,2,2,2,2,2021,5
"Melbourne-Hobart","Melbourne","Hobart","QantasLink","May-21",118,108,10,80,66,28,42,2021,5
"Melbourne-Launceston","Melbourne","Launceston","QantasLink","May-21",89,82,7,60,52,22,30,2021,5
"Melbourne-Mildura","Melbourne","Mildura","QantasLink","May-21",119,107,12,59,60,48,47,2021,5
"Melbourne-Newcastle","Melbourne","Newcastle","QantasLink","May-21",51,47,4,40,31,7,16,2021,5
"Melbourne-Sunshine Coast","Melbourne","Sunshine Coast","QantasLink","May-21",45,42,3,34,32,8,10,2021,5
"Mildura-Melbourne","Mildura","Melbourne","QantasLink","May-21",119,107,12,55,55,52,52,2021,5
"Mount Isa-Brisbane","Mount Isa","Brisbane","QantasLink","May-21",12,11,1,9,9,2,2,2021,5
"Newcastle-Brisbane","Newcastle","Brisbane","QantasLink","May-21",96,96,0,81,82,15,14,2021,5
"Newcastle-Melbourne","Newcastle","Melbourne","QantasLink","May-21",52,49,3,38,41,11,8,2021,5
"Newman-Perth","Newman","Perth","QantasLink","May-21",72,69,3,58,59,11,10,2021,5
"Perth-Broome","Perth","Broome","QantasLink","May-21",95,95,0,71,84,24,11,2021,5
"Perth-Kalgoorlie","Perth","Kalgoorlie","QantasLink","May-21",64,64,0,50,50,14,14,2021,5
"Perth-Karratha","Perth","Karratha","QantasLink","May-21",109,107,2,86,77,21,30,2021,5
"Perth-Newman","Perth","Newman","QantasLink","May-21",72,69,3,63,63,6,6,2021,5
"Perth-Port Hedland","Perth","Port Hedland","QantasLink","May-21",72,70,2,58,48,12,22,2021,5
"Port Hedland-Perth","Port Hedland","Perth","QantasLink","May-21",72,70,2,52,49,18,21,2021,5
"Port Lincoln-Adelaide","Port Lincoln","Adelaide","QantasLink","May-21",120,117,3,106,103,11,14,2021,5
"Port Macquarie-Sydney","Port Macquarie","Sydney","QantasLink","May-21",109,108,1,102,101,6,7,2021,5
"Rockhampton-Brisbane","Rockhampton","Brisbane","QantasLink","May-21",156,154,2,119,115,35,39,2021,5
"Sunshine Coast-Melbourne","Sunshine Coast","Melbourne","QantasLink","May-21",45,42,3,31,30,11,12,2021,5
"Sunshine Coast-Sydney","Sunshine Coast","Sydney","QantasLink","May-21",57,57,0,39,40,18,17,2021,5
"Sydney-Albury","Sydney","Albury","QantasLink","May-21",109,108,1,100,100,8,8,2021,5
"Sydney-Armidale","Sydney","Armidale","QantasLink","May-21",82,80,2,56,60,24,20,2021,5
"Sydney-Ballina","Sydney","Ballina","QantasLink","May-21",93,93,0,85,79,8,14,2021,5
"Sydney-Canberra","Sydney","Canberra","QantasLink","May-21",286,258,28,198,200,60,58,2021,5
"Sydney-Coffs Harbour","Sydney","Coffs Harbour","QantasLink","May-21",119,115,4,89,95,26,20,2021,5
"Sydney-Dubbo","Sydney","Dubbo","QantasLink","May-21",97,97,0,87,94,10,3,2021,5
"Sydney-Hobart","Sydney","Hobart","QantasLink","May-21",42,42,0,33,32,9,10,2021,5
"Sydney-Launceston","Sydney","Launceston","QantasLink","May-21",19,19,0,15,17,4,2,2021,5
"Sydney-Port Macquarie","Sydney","Port Macquarie","QantasLink","May-21",109,108,1,97,98,11,10,2021,5
"Sydney-Sunshine Coast","Sydney","Sunshine Coast","QantasLink","May-21",57,57,0,40,35,17,22,2021,5
"Sydney-Wagga Wagga","Sydney","Wagga Wagga","QantasLink","May-21",110,110,0,94,102,16,8,2021,5
"Townsville-Brisbane","Townsville","Brisbane","QantasLink","May-21",5,5,0,5,3,0,2,2021,5
"Townsville-Cairns","Townsville","Cairns","QantasLink","May-21",109,109,0,98,98,11,11,2021,5
"Wagga Wagga-Sydney","Wagga Wagga","Sydney","QantasLink","May-21",110,109,1,101,99,8,10,2021,5
"Adelaide-Melbourne","Adelaide","Melbourne","Regional Express","May-21",70,66,4,56,55,10,11,2021,5
"Adelaide-Port Lincoln","Adelaide","Port Lincoln","Regional Express","May-21",162,162,0,148,145,14,17,2021,5
"Albury-Sydney","Albury","Sydney","Regional Express","May-21",53,53,0,47,46,6,7,2021,5
"Armidale-Sydney","Armidale","Sydney","Regional Express","May-21",52,52,0,36,35,16,17,2021,5
"Ballina-Sydney","Ballina","Sydney","Regional Express","May-21",9,9,0,8,8,1,1,2021,5
"Cairns-Townsville","Cairns","Townsville","Regional Express","May-21",13,13,0,12,12,1,1,2021,5
"Canberra-Sydney","Canberra","Sydney","Regional Express","May-21",195,189,6,149,139,40,50,2021,5
"Coffs Harbour-Sydney","Coffs Harbour","Sydney","Regional Express","May-21",83,83,0,75,68,8,15,2021,5
"Dubbo-Sydney","Dubbo","Sydney","Regional Express","May-21",81,80,1,70,66,10,14,2021,5
"Gold Coast-Melbourne","Gold Coast","Melbourne","Regional Express","May-21",61,58,3,42,35,16,23,2021,5
"Gold Coast-Sydney","Gold Coast","Sydney","Regional Express","May-21",63,63,0,57,56,6,7,2021,5
"Melbourne-Adelaide","Melbourne","Adelaide","Regional Express","May-21",69,64,5,52,52,12,12,2021,5
"Melbourne-Gold Coast","Melbourne","Gold Coast","Regional Express","May-21",62,59,3,41,44,18,15,2021,5
"Melbourne-Mildura","Melbourne","Mildura","Regional Express","May-21",82,82,0,68,65,14,17,2021,5
"Melbourne-Sydney","Melbourne","Sydney","Regional Express","May-21",162,148,14,126,128,22,20,2021,5
"Mildura-Melbourne","Mildura","Melbourne","Regional Express","May-21",82,82,0,75,70,7,12,2021,5
"Port Lincoln-Adelaide","Port Lincoln","Adelaide","Regional Express","May-21",162,162,0,141,138,21,24,2021,5
"Port Macquarie-Sydney","Port Macquarie","Sydney","Regional Express","May-21",79,79,0,74,67,5,12,2021,5
"Sydney-Albury","Sydney","Albury","Regional Express","May-21",53,53,0,44,45,9,8,2021,5
"Sydney-Armidale","Sydney","Armidale","Regional Express","May-21",52,52,0,36,34,16,18,2021,5
"Sydney-Ballina","Sydney","Ballina","Regional Express","May-21",9,9,0,8,8,1,1,2021,5
"Sydney-Canberra","Sydney","Canberra","Regional Express","May-21",196,190,6,150,133,40,57,2021,5
"Sydney-Coffs Harbour","Sydney","Coffs Harbour","Regional Express","May-21",84,84,0,76,79,8,5,2021,5
"Sydney-Dubbo","Sydney","Dubbo","Regional Express","May-21",80,80,0,60,66,20,14,2021,5
"Sydney-Gold Coast","Sydney","Gold Coast","Regional Express","May-21",62,62,0,54,51,8,11,2021,5
"Sydney-Melbourne","Sydney","Melbourne","Regional Express","May-21",151,139,12,124,121,15,18,2021,5
"Sydney-Port Macquarie","Sydney","Port Macquarie","Regional Express","May-21",78,78,0,69,72,9,6,2021,5
"Sydney-Wagga Wagga","Sydney","Wagga Wagga","Regional Express","May-21",58,58,0,51,52,7,6,2021,5
"Townsville-Cairns","Townsville","Cairns","Regional Express","May-21",13,13,0,12,12,1,1,2021,5
"Wagga Wagga-Sydney","Wagga Wagga","Sydney","Regional Express","May-21",58,58,0,53,49,5,9,2021,5
"Adelaide-Alice Springs","Adelaide","Alice Springs","Virgin Australia","May-21",13,13,0,13,13,0,0,2021,5
"Adelaide-Brisbane","Adelaide","Brisbane","Virgin Australia","May-21",110,107,3,87,93,20,14,2021,5
"Adelaide-Canberra","Adelaide","Canberra","Virgin Australia","May-21",26,26,0,23,24,3,2,2021,5
"Adelaide-Gold Coast","Adelaide","Gold Coast","Virgin Australia","May-21",31,31,0,28,29,3,2,2021,5
"Adelaide-Melbourne","Adelaide","Melbourne","Virgin Australia","May-21",206,179,27,145,152,34,27,2021,5
"Adelaide-Perth","Adelaide","Perth","Virgin Australia","May-21",38,38,0,35,36,3,2,2021,5
"Adelaide-Sydney","Adelaide","Sydney","Virgin Australia","May-21",127,125,2,109,102,16,23,2021,5
"Alice Springs-Adelaide","Alice Springs","Adelaide","Virgin Australia","May-21",13,13,0,12,13,1,0,2021,5
"Ballina-Sydney","Ballina","Sydney","Virgin Australia","May-21",56,56,0,48,48,8,8,2021,5
"Brisbane-Adelaide","Brisbane","Adelaide","Virgin Australia","May-21",110,106,4,80,94,26,12,2021,5
"Brisbane-Cairns","Brisbane","Cairns","Virgin Australia","May-21",131,131,0,97,102,34,29,2021,5
"Brisbane-Canberra","Brisbane","Canberra","Virgin Australia","May-21",78,78,0,59,63,19,15,2021,5
"Brisbane-Darwin","Brisbane","Darwin","Virgin Australia","May-21",39,39,0,30,34,9,5,2021,5
"Brisbane-Emerald","Brisbane","Emerald","Virgin Australia","May-21",26,26,0,25,25,1,1,2021,5
"Brisbane-Gladstone","Brisbane","Gladstone","Virgin Australia","May-21",52,52,0,47,47,5,5,2021,5
"Brisbane-Hamilton Island","Brisbane","Hamilton Island","Virgin Australia","May-21",37,37,0,32,35,5,2,2021,5
"Brisbane-Hobart","Brisbane","Hobart","Virgin Australia","May-21",33,33,0,29,30,4,3,2021,5
"Brisbane-Mackay","Brisbane","Mackay","Virgin Australia","May-21",87,87,0,57,67,30,20,2021,5
"Brisbane-Melbourne","Brisbane","Melbourne","Virgin Australia","May-21",271,238,33,174,189,64,49,2021,5
"Brisbane-Mount Isa","Brisbane","Mount Isa","Virgin Australia","May-21",13,13,0,13,13,0,0,2021,5
"Brisbane-Newcastle","Brisbane","Newcastle","Virgin Australia","May-21",56,56,0,46,48,10,8,2021,5
"Brisbane-Perth","Brisbane","Perth","Virgin Australia","May-21",68,67,1,42,55,25,12,2021,5
"Brisbane-Proserpine","Brisbane","Proserpine","Virgin Australia","May-21",33,33,0,29,30,4,3,2021,5
"Brisbane-Rockhampton","Brisbane","Rockhampton","Virgin Australia","May-21",89,89,0,71,68,18,21,2021,5
"Brisbane-Sydney","Brisbane","Sydney","Virgin Australia","May-21",346,328,18,273,280,55,48,2021,5
"Brisbane-Townsville","Brisbane","Townsville","Virgin Australia","May-21",87,86,1,63,69,23,17,2021,5
"Broome-Perth","Broome","Perth","Virgin Australia","May-21",23,23,0,9,20,14,3,2021,5
"Cairns-Brisbane","Cairns","Brisbane","Virgin Australia","May-21",131,131,0,108,116,23,15,2021,5
"Cairns-Melbourne","Cairns","Melbourne","Virgin Australia","May-21",36,35,1,29,26,6,9,2021,5
"Cairns-Sydney","Cairns","Sydney","Virgin Australia","May-21",48,44,4,40,42,4,2,2021,5
"Canberra-Adelaide","Canberra","Adelaide","Virgin Australia","May-21",26,26,0,19,20,7,6,2021,5
"Canberra-Brisbane","Canberra","Brisbane","Virgin Australia","May-21",78,78,0,61,64,17,14,2021,5
"Canberra-Melbourne","Canberra","Melbourne","Virgin Australia","May-21",82,77,5,67,66,10,11,2021,5
"Darwin-Brisbane","Darwin","Brisbane","Virgin Australia","May-21",40,40,0,28,35,12,5,2021,5
"Darwin-Perth","Darwin","Perth","Virgin Australia","May-21",11,11,0,9,10,2,1,2021,5
"Emerald-Brisbane","Emerald","Brisbane","Virgin Australia","May-21",26,26,0,23,23,3,3,2021,5
"Gladstone-Brisbane","Gladstone","Brisbane","Virgin Australia","May-21",52,52,0,47,45,5,7,2021,5
"Gold Coast-Adelaide","Gold Coast","Adelaide","Virgin Australia","May-21",31,31,0,26,26,5,5,2021,5
"Gold Coast-Melbourne","Gold Coast","Melbourne","Virgin Australia","May-21",216,200,16,154,175,46,25,2021,5
"Gold Coast-Sydney","Gold Coast","Sydney","Virgin Australia","May-21",239,236,3,203,213,33,23,2021,5
"Hamilton Island-Brisbane","Hamilton Island","Brisbane","Virgin Australia","May-21",37,37,0,33,33,4,4,2021,5
"Hamilton Island-Sydney","Hamilton Island","Sydney","Virgin Australia","May-21",31,31,0,24,23,7,8,2021,5
"Hobart-Brisbane","Hobart","Brisbane","Virgin Australia","May-21",33,33,0,26,26,7,7,2021,5
"Hobart-Melbourne","Hobart","Melbourne","Virgin Australia","May-21",86,80,6,69,64,11,16,2021,5
"Hobart-Sydney","Hobart","Sydney","Virgin Australia","May-21",50,49,1,46,45,3,4,2021,5
"Kalgoorlie-Perth","Kalgoorlie","Perth","Virgin Australia","May-21",21,21,0,8,15,13,6,2021,5
"Karratha-Perth","Karratha","Perth","Virgin Australia","May-21",33,33,0,25,28,8,5,2021,5
"Launceston-Melbourne","Launceston","Melbourne","Virgin Australia","May-21",72,67,5,59,57,8,10,2021,5
"Launceston-Sydney","Launceston","Sydney","Virgin Australia","May-21",23,23,0,19,18,4,5,2021,5
"Mackay-Brisbane","Mackay","Brisbane","Virgin Australia","May-21",87,87,0,68,77,19,10,2021,5
"Melbourne-Adelaide","Melbourne","Adelaide","Virgin Australia","May-21",206,179,27,146,150,33,29,2021,5
"Melbourne-Brisbane","Melbourne","Brisbane","Virgin Australia","May-21",268,238,30,195,193,43,45,2021,5
"Melbourne-Cairns","Melbourne","Cairns","Virgin Australia","May-21",36,35,1,30,31,5,4,2021,5
"Melbourne-Canberra","Melbourne","Canberra","Virgin Australia","May-21",82,76,6,62,63,14,13,2021,5
"Melbourne-Gold Coast","Melbourne","Gold Coast","Virgin Australia","May-21",217,200,17,161,166,39,34,2021,5
"Melbourne-Hobart","Melbourne","Hobart","Virgin Australia","May-21",86,79,7,64,64,15,15,2021,5
"Melbourne-Launceston","Melbourne","Launceston","Virgin Australia","May-21",72,66,6,55,50,11,16,2021,5
"Melbourne-Newcastle","Melbourne","Newcastle","Virgin Australia","May-21",26,26,0,25,25,1,1,2021,5
"Melbourne-Perth","Melbourne","Perth","Virgin Australia","May-21",119,98,21,74,79,24,19,2021,5
"Melbourne-Sunshine Coast","Melbourne","Sunshine Coast","Virgin Australia","May-21",67,64,3,58,61,6,3,2021,5
"Melbourne-Sydney","Melbourne","Sydney","Virgin Australia","May-21",574,505,69,413,409,92,96,2021,5
"Mount Isa-Brisbane","Mount Isa","Brisbane","Virgin Australia","May-21",13,13,0,12,12,1,1,2021,5
"Newcastle-Brisbane","Newcastle","Brisbane","Virgin Australia","May-21",56,56,0,53,52,3,4,2021,5
"Newcastle-Melbourne","Newcastle","Melbourne","Virgin Australia","May-21",26,26,0,22,22,4,4,2021,5
"Newman-Perth","Newman","Perth","Virgin Australia","May-21",41,41,0,31,35,10,6,2021,5
"Perth-Adelaide","Perth","Adelaide","Virgin Australia","May-21",38,37,1,36,35,1,2,2021,5
"Perth-Brisbane","Perth","Brisbane","Virgin Australia","May-21",67,66,1,58,59,8,7,2021,5
"Perth-Broome","Perth","Broome","Virgin Australia","May-21",23,23,0,17,19,6,4,2021,5
"Perth-Darwin","Perth","Darwin","Virgin Australia","May-21",11,11,0,11,10,0,1,2021,5
"Perth-Kalgoorlie","Perth","Kalgoorlie","Virgin Australia","May-21",21,21,0,20,20,1,1,2021,5
"Perth-Karratha","Perth","Karratha","Virgin Australia","May-21",34,34,0,34,30,0,4,2021,5
"Perth-Melbourne","Perth","Melbourne","Virgin Australia","May-21",118,99,19,76,80,23,19,2021,5
"Perth-Newman","Perth","Newman","Virgin Australia","May-21",41,41,0,35,36,6,5,2021,5
"Perth-Sydney","Perth","Sydney","Virgin Australia","May-21",78,76,2,64,71,12,5,2021,5
"Proserpine-Brisbane","Proserpine","Brisbane","Virgin Australia","May-21",33,33,0,23,26,10,7,2021,5
"Rockhampton-Brisbane","Rockhampton","Brisbane","Virgin Australia","May-21",89,88,1,67,73,21,15,2021,5
"Sunshine Coast-Melbourne","Sunshine Coast","Melbourne","Virgin Australia","May-21",67,64,3,50,54,14,10,2021,5
"Sunshine Coast-Sydney","Sunshine Coast","Sydney","Virgin Australia","May-21",58,57,1,47,43,10,14,2021,5
"Sydney-Adelaide","Sydney","Adelaide","Virgin Australia","May-21",127,125,2,110,114,15,11,2021,5
"Sydney-Ballina","Sydney","Ballina","Virgin Australia","May-21",56,56,0,48,48,8,8,2021,5
"Sydney-Brisbane","Sydney","Brisbane","Virgin Australia","May-21",347,328,19,289,291,39,37,2021,5
"Sydney-Cairns","Sydney","Cairns","Virgin Australia","May-21",48,45,3,42,44,3,1,2021,5
"Sydney-Gold Coast","Sydney","Gold Coast","Virgin Australia","May-21",238,235,3,202,207,33,28,2021,5
"Sydney-Hamilton Island","Sydney","Hamilton Island","Virgin Australia","May-21",31,31,0,25,27,6,4,2021,5
"Sydney-Hobart","Sydney","Hobart","Virgin Australia","May-21",50,49,1,47,48,2,1,2021,5
"Sydney-Launceston","Sydney","Launceston","Virgin Australia","May-21",23,23,0,18,19,5,4,2021,5
"Sydney-Melbourne","Sydney","Melbourne","Virgin Australia","May-21",574,509,65,390,422,119,87,2021,5
"Sydney-Perth","Sydney","Perth","Virgin Australia","May-21",78,76,2,59,64,17,12,2021,5
"Sydney-Sunshine Coast","Sydney","Sunshine Coast","Virgin Australia","May-21",58,57,1,48,47,9,10,2021,5
"Townsville-Brisbane","Townsville","Brisbane","Virgin Australia","May-21",87,86,1,67,73,19,13,2021,5
"Adelaide-Perth","Adelaide","Perth","Virgin Australia Regional Airlines","May-21",4,4,0,4,4,0,0,2021,5
"Broome-Perth","Broome","Perth","Virgin Australia Regional Airlines","May-21",18,18,0,7,11,11,7,2021,5
"Darwin-Perth","Darwin","Perth","Virgin Australia Regional Airlines","May-21",6,6,0,2,3,4,3,2021,5
"Kalgoorlie-Perth","Kalgoorlie","Perth","Virgin Australia Regional Airlines","May-21",35,35,0,29,31,6,4,2021,5
"Karratha-Perth","Karratha","Perth","Virgin Australia Regional Airlines","May-21",21,21,0,10,12,11,9,2021,5
"Newman-Perth","Newman","Perth","Virgin Australia Regional Airlines","May-21",14,14,0,14,14,0,0,2021,5
"Perth-Adelaide","Perth","Adelaide","Virgin Australia Regional Airlines","May-21",4,4,0,4,4,0,0,2021,5
"Perth-Broome","Perth","Broome","Virgin Australia Regional Airlines","May-21",18,18,0,12,14,6,4,2021,5
"Perth-Darwin","Perth","Darwin","Virgin Australia Regional Airlines","May-21",6,6,0,4,3,2,3,2021,5
"Perth-Kalgoorlie","Perth","Kalgoorlie","Virgin Australia Regional Airlines","May-21",35,35,0,31,31,4,4,2021,5
"Perth-Karratha","Perth","Karratha","Virgin Australia Regional Airlines","May-21",20,20,0,18,15,2,5,2021,5
"Perth-Newman","Perth","Newman","Virgin Australia Regional Airlines","May-21",14,14,0,14,14,0,0,2021,5
"Perth-Port Hedland","Perth","Port Hedland","Virgin Australia Regional Airlines","May-21",52,52,0,49,45,3,7,2021,5
"Port Hedland-Perth","Port Hedland","Perth","Virgin Australia Regional Airlines","May-21",52,51,1,37,42,14,9,2021,5
"Adelaide-Alice Springs","Adelaide","Alice Springs","All Airlines","May-21",49,49,0,44,39,5,10,2021,5
"Adelaide-Brisbane","Adelaide","Brisbane","All Airlines","May-21",235,232,3,201,207,31,25,2021,5
"Adelaide-Canberra","Adelaide","Canberra","All Airlines","May-21",65,65,0,50,49,15,16,2021,5
"Adelaide-Gold Coast","Adelaide","Gold Coast","All Airlines","May-21",58,58,0,51,53,7,5,2021,5
"Adelaide-Melbourne","Adelaide","Melbourne","All Airlines","May-21",606,538,68,466,476,72,62,2021,5
"Adelaide-Perth","Adelaide","Perth","All Airlines","May-21",156,155,1,140,140,15,15,2021,5
"Adelaide-Port Lincoln","Adelaide","Port Lincoln","All Airlines","May-21",283,280,3,254,255,26,25,2021,5
"Adelaide-Sydney","Adelaide","Sydney","All Airlines","May-21",417,405,12,367,345,38,60,2021,5
"Albury-Sydney","Albury","Sydney","All Airlines","May-21",162,161,1,139,140,22,21,2021,5
"Alice Springs-Adelaide","Alice Springs","Adelaide","All Airlines","May-21",49,48,1,24,26,24,22,2021,5
"Armidale-Sydney","Armidale","Sydney","All Airlines","May-21",134,132,2,93,96,39,36,2021,5
"Ballina-Sydney","Ballina","Sydney","All Airlines","May-21",237,237,0,206,200,31,37,2021,5
"Brisbane-Adelaide","Brisbane","Adelaide","All Airlines","May-21",235,231,4,184,201,47,30,2021,5
"Brisbane-Cairns","Brisbane","Cairns","All Airlines","May-21",353,353,0,290,288,63,65,2021,5
"Brisbane-Canberra","Brisbane","Canberra","All Airlines","May-21",259,257,2,209,213,48,44,2021,5
"Brisbane-Darwin","Brisbane","Darwin","All Airlines","May-21",98,97,1,81,71,16,26,2021,5
"Brisbane-Emerald","Brisbane","Emerald","All Airlines","May-21",150,150,0,134,137,16,13,2021,5
"Brisbane-Gladstone","Brisbane","Gladstone","All Airlines","May-21",176,176,0,160,158,16,18,2021,5
"Brisbane-Hamilton Island","Brisbane","Hamilton Island","All Airlines","May-21",68,68,0,60,60,8,8,2021,5
"Brisbane-Hobart","Brisbane","Hobart","All Airlines","May-21",73,73,0,61,62,12,11,2021,5
"Brisbane-Mackay","Brisbane","Mackay","All Airlines","May-21",222,222,0,176,180,46,42,2021,5
"Brisbane-Melbourne","Brisbane","Melbourne","All Airlines","May-21",747,667,80,527,569,140,98,2021,5
"Brisbane-Mount Isa","Brisbane","Mount Isa","All Airlines","May-21",66,65,1,63,63,2,2,2021,5
"Brisbane-Newcastle","Brisbane","Newcastle","All Airlines","May-21",213,212,1,179,181,33,31,2021,5
"Brisbane-Perth","Brisbane","Perth","All Airlines","May-21",154,152,2,117,125,35,27,2021,5
"Brisbane-Proserpine","Brisbane","Proserpine","All Airlines","May-21",60,60,0,52,53,8,7,2021,5
"Brisbane-Rockhampton","Brisbane","Rockhampton","All Airlines","May-21",245,243,2,204,197,39,46,2021,5
"Brisbane-Sydney","Brisbane","Sydney","All Airlines","May-21",964,922,42,809,831,113,91,2021,5
"Brisbane-Townsville","Brisbane","Townsville","All Airlines","May-21",262,261,1,220,218,41,43,2021,5
"Broome-Perth","Broome","Perth","All Airlines","May-21",136,135,1,76,99,59,36,2021,5
"Cairns-Brisbane","Cairns","Brisbane","All Airlines","May-21",354,354,0,309,305,45,49,2021,5
"Cairns-Melbourne","Cairns","Melbourne","All Airlines","May-21",183,176,7,145,144,31,32,2021,5
"Cairns-Sydney","Cairns","Sydney","All Airlines","May-21",183,175,8,149,150,26,25,2021,5
"Cairns-Townsville","Cairns","Townsville","All Airlines","May-21",122,122,0,112,112,10,10,2021,5
"Canberra-Adelaide","Canberra","Adelaide","All Airlines","May-21",66,66,0,44,50,22,16,2021,5
"Canberra-Brisbane","Canberra","Brisbane","All Airlines","May-21",258,255,3,209,205,46,50,2021,5
"Canberra-Melbourne","Canberra","Melbourne","All Airlines","May-21",322,297,25,235,227,62,70,2021,5
"Canberra-Sydney","Canberra","Sydney","All Airlines","May-21",497,458,39,376,363,82,95,2021,5
"Coffs Harbour-Sydney","Coffs Harbour","Sydney","All Airlines","May-21",202,198,4,172,164,26,34,2021,5
"Darwin-Brisbane","Darwin","Brisbane","All Airlines","May-21",97,96,1,51,63,45,33,2021,5
"Darwin-Perth","Darwin","Perth","All Airlines","May-21",48,48,0,35,34,13,14,2021,5
"Dubbo-Sydney","Dubbo","Sydney","All Airlines","May-21",178,177,1,160,152,17,25,2021,5
"Emerald-Brisbane","Emerald","Brisbane","All Airlines","May-21",150,150,0,136,135,14,15,2021,5
"Gladstone-Brisbane","Gladstone","Brisbane","All Airlines","May-21",176,176,0,148,153,28,23,2021,5
"Gold Coast-Adelaide","Gold Coast","Adelaide","All Airlines","May-21",58,58,0,48,49,10,9,2021,5
"Gold Coast-Melbourne","Gold Coast","Melbourne","All Airlines","May-21",556,517,39,416,440,101,77,2021,5
"Gold Coast-Sydney","Gold Coast","Sydney","All Airlines","May-21",651,619,32,536,547,83,72,2021,5
"Hamilton Island-Brisbane","Hamilton Island","Brisbane","All Airlines","May-21",68,68,0,55,54,13,14,2021,5
"Hamilton Island-Sydney","Hamilton Island","Sydney","All Airlines","May-21",78,78,0,59,60,19,18,2021,5
"Hobart-Brisbane","Hobart","Brisbane","All Airlines","May-21",73,73,0,53,48,20,25,2021,5
"Hobart-Melbourne","Hobart","Melbourne","All Airlines","May-21",342,316,26,254,246,62,70,2021,5
"Hobart-Sydney","Hobart","Sydney","All Airlines","May-21",183,182,1,157,152,25,30,2021,5
"Kalgoorlie-Perth","Kalgoorlie","Perth","All Airlines","May-21",129,127,2,91,106,36,21,2021,5
"Karratha-Perth","Karratha","Perth","All Airlines","May-21",192,188,4,134,142,54,46,2021,5
"Launceston-Melbourne","Launceston","Melbourne","All Airlines","May-21",253,234,19,196,192,38,42,2021,5
"Launceston-Sydney","Launceston","Sydney","All Airlines","May-21",69,69,0,49,47,20,22,2021,5
"Mackay-Brisbane","Mackay","Brisbane","All Airlines","May-21",226,226,0,180,188,46,38,2021,5
"Melbourne-Adelaide","Melbourne","Adelaide","All Airlines","May-21",606,536,70,466,472,70,64,2021,5
"Melbourne-Brisbane","Melbourne","Brisbane","All Airlines","May-21",744,672,72,571,561,101,111,2021,5
"Melbourne-Cairns","Melbourne","Cairns","All Airlines","May-21",183,176,7,135,148,41,28,2021,5
"Melbourne-Canberra","Melbourne","Canberra","All Airlines","May-21",323,302,21,227,224,75,78,2021,5
"Melbourne-Gold Coast","Melbourne","Gold Coast","All Airlines","May-21",558,517,41,412,418,105,99,2021,5
"Melbourne-Hobart","Melbourne","Hobart","All Airlines","May-21",342,314,28,252,238,62,76,2021,5
"Melbourne-Launceston","Melbourne","Launceston","All Airlines","May-21",254,234,20,184,171,50,63,2021,5
"Melbourne-Mildura","Melbourne","Mildura","All Airlines","May-21",201,189,12,127,125,62,64,2021,5
"Melbourne-Newcastle","Melbourne","Newcastle","All Airlines","May-21",139,128,11,115,105,13,23,2021,5
"Melbourne-Perth","Melbourne","Perth","All Airlines","May-21",321,282,39,225,215,57,67,2021,5
"Melbourne-Sunshine Coast","Melbourne","Sunshine Coast","All Airlines","May-21",174,165,9,134,129,31,36,2021,5
"Melbourne-Sydney","Melbourne","Sydney","All Airlines","May-21",1873,1589,284,1387,1380,202,209,2021,5
"Mildura-Melbourne","Mildura","Melbourne","All Airlines","May-21",201,189,12,130,125,59,64,2021,5
"Mount Isa-Brisbane","Mount Isa","Brisbane","All Airlines","May-21",66,65,1,58,60,7,5,2021,5
"Newcastle-Brisbane","Newcastle","Brisbane","All Airlines","May-21",213,212,1,186,187,26,25,2021,5
"Newcastle-Melbourne","Newcastle","Melbourne","All Airlines","May-21",141,131,10,109,113,22,18,2021,5
"Newman-Perth","Newman","Perth","All Airlines","May-21",160,157,3,130,137,27,20,2021,5
"Perth-Adelaide","Perth","Adelaide","All Airlines","May-21",157,155,2,137,135,18,20,2021,5
"Perth-Brisbane","Perth","Brisbane","All Airlines","May-21",153,151,2,128,93,23,58,2021,5
"Perth-Broome","Perth","Broome","All Airlines","May-21",136,136,0,100,117,36,19,2021,5
"Perth-Darwin","Perth","Darwin","All Airlines","May-21",48,48,0,43,39,5,9,2021,5
"Perth-Kalgoorlie","Perth","Kalgoorlie","All Airlines","May-21",129,128,1,108,109,20,19,2021,5
"Perth-Karratha","Perth","Karratha","All Airlines","May-21",188,185,3,161,144,24,41,2021,5
"Perth-Melbourne","Perth","Melbourne","All Airlines","May-21",320,282,38,220,208,62,74,2021,5
"Perth-Newman","Perth","Newman","All Airlines","May-21",160,157,3,142,145,15,12,2021,5
"Perth-Port Hedland","Perth","Port Hedland","All Airlines","May-21",172,167,5,151,133,16,34,2021,5
"Perth-Sydney","Perth","Sydney","All Airlines","May-21",299,293,6,231,226,62,67,2021,5
"Port Hedland-Perth","Port Hedland","Perth","All Airlines","May-21",172,166,6,126,128,40,38,2021,5
"Port Lincoln-Adelaide","Port Lincoln","Adelaide","All Airlines","May-21",282,279,3,247,241,32,38,2021,5
"Port Macquarie-Sydney","Port Macquarie","Sydney","All Airlines","May-21",188,187,1,176,168,11,19,2021,5
"Proserpine-Brisbane","Proserpine","Brisbane","All Airlines","May-21",60,60,0,43,45,17,15,2021,5
"Rockhampton-Brisbane","Rockhampton","Brisbane","All Airlines","May-21",245,242,3,186,188,56,54,2021,5
"Sunshine Coast-Melbourne","Sunshine Coast","Melbourne","All Airlines","May-21",174,165,9,111,118,54,47,2021,5
"Sunshine Coast-Sydney","Sunshine Coast","Sydney","All Airlines","May-21",198,196,2,157,152,39,44,2021,5
"Sydney-Adelaide","Sydney","Adelaide","All Airlines","May-21",416,407,9,360,366,47,41,2021,5
"Sydney-Albury","Sydney","Albury","All Airlines","May-21",162,161,1,144,145,17,16,2021,5
"Sydney-Armidale","Sydney","Armidale","All Airlines","May-21",134,132,2,92,94,40,38,2021,5
"Sydney-Ballina","Sydney","Ballina","All Airlines","May-21",237,237,0,211,208,26,29,2021,5
"Sydney-Brisbane","Sydney","Brisbane","All Airlines","May-21",966,923,43,800,807,123,116,2021,5
"Sydney-Cairns","Sydney","Cairns","All Airlines","May-21",183,176,7,140,150,36,26,2021,5
"Sydney-Canberra","Sydney","Canberra","All Airlines","May-21",499,465,34,365,350,100,115,2021,5
"Sydney-Coffs Harbour","Sydney","Coffs Harbour","All Airlines","May-21",203,199,4,165,174,34,25,2021,5
"Sydney-Dubbo","Sydney","Dubbo","All Airlines","May-21",177,177,0,147,160,30,17,2021,5
"Sydney-Gold Coast","Sydney","Gold Coast","All Airlines","May-21",649,618,31,533,539,85,79,2021,5
"Sydney-Hamilton Island","Sydney","Hamilton Island","All Airlines","May-21",78,78,0,66,69,12,9,2021,5
"Sydney-Hobart","Sydney","Hobart","All Airlines","May-21",183,182,1,155,158,27,24,2021,5
"Sydney-Launceston","Sydney","Launceston","All Airlines","May-21",69,69,0,53,54,16,15,2021,5
"Sydney-Melbourne","Sydney","Melbourne","All Airlines","May-21",1862,1585,277,1349,1403,236,182,2021,5
"Sydney-Perth","Sydney","Perth","All Airlines","May-21",302,298,4,229,231,69,67,2021,5
"Sydney-Port Macquarie","Sydney","Port Macquarie","All Airlines","May-21",187,186,1,166,170,20,16,2021,5
"Sydney-Sunshine Coast","Sydney","Sunshine Coast","All Airlines","May-21",198,197,1,160,155,37,42,2021,5
"Sydney-Wagga Wagga","Sydney","Wagga Wagga","All Airlines","May-21",168,168,0,145,154,23,14,2021,5
"Townsville-Brisbane","Townsville","Brisbane","All Airlines","May-21",262,261,1,217,214,44,47,2021,5
"Townsville-Cairns","Townsville","Cairns","All Airlines","May-21",122,122,0,110,110,12,12,2021,5
"Wagga Wagga-Sydney","Wagga Wagga","Sydney","All Airlines","May-21",168,167,1,154,148,13,19,2021,5
"Adelaide-Brisbane","Adelaide","Brisbane","Jetstar","Jun-21",27,25,2,19,18,6,7,2021,6
"Adelaide-Gold Coast","Adelaide","Gold Coast","Jetstar","Jun-21",26,26,0,22,23,4,3,2021,6
"Adelaide-Melbourne","Adelaide","Melbourne","Jetstar","Jun-21",103,27,76,27,27,0,0,2021,6
"Adelaide-Perth","Adelaide","Perth","Jetstar","Jun-21",27,25,2,24,21,1,4,2021,6
"Adelaide-Sydney","Adelaide","Sydney","Jetstar","Jun-21",105,74,31,68,69,6,5,2021,6
"Ballina-Sydney","Ballina","Sydney","Jetstar","Jun-21",76,66,10,51,51,15,15,2021,6
"Brisbane-Adelaide","Brisbane","Adelaide","Jetstar","Jun-21",27,25,2,16,19,9,6,2021,6
"Brisbane-Cairns","Brisbane","Cairns","Jetstar","Jun-21",85,85,0,65,58,20,27,2021,6
"Brisbane-Darwin","Brisbane","Darwin","Jetstar","Jun-21",19,18,1,17,9,1,9,2021,6
"Brisbane-Hobart","Brisbane","Hobart","Jetstar","Jun-21",19,19,0,18,19,1,0,2021,6
"Brisbane-Mackay","Brisbane","Mackay","Jetstar","Jun-21",27,27,0,26,25,1,2,2021,6
"Brisbane-Melbourne","Brisbane","Melbourne","Jetstar","Jun-21",183,56,127,45,50,11,6,2021,6
"Brisbane-Newcastle","Brisbane","Newcastle","Jetstar","Jun-21",61,59,2,56,54,3,5,2021,6
"Brisbane-Proserpine","Brisbane","Proserpine","Jetstar","Jun-21",26,26,0,22,22,4,4,2021,6
"Brisbane-Sydney","Brisbane","Sydney","Jetstar","Jun-21",176,126,50,102,111,24,15,2021,6
"Brisbane-Townsville","Brisbane","Townsville","Jetstar","Jun-21",61,61,0,48,49,13,12,2021,6
"Cairns-Brisbane","Cairns","Brisbane","Jetstar","Jun-21",85,85,0,61,69,24,16,2021,6
"Cairns-Melbourne","Cairns","Melbourne","Jetstar","Jun-21",122,52,70,43,46,9,6,2021,6
"Cairns-Sydney","Cairns","Sydney","Jetstar","Jun-21",87,70,17,48,59,22,11,2021,6
"Darwin-Brisbane","Darwin","Brisbane","Jetstar","Jun-21",18,18,0,5,7,13,11,2021,6
"Darwin-Melbourne","Darwin","Melbourne","Jetstar","Jun-21",24,15,9,8,9,7,6,2021,6
"Gold Coast-Adelaide","Gold Coast","Adelaide","Jetstar","Jun-21",26,26,0,21,22,5,4,2021,6
"Gold Coast-Melbourne","Gold Coast","Melbourne","Jetstar","Jun-21",181,68,113,60,60,8,8,2021,6
"Gold Coast-Sydney","Gold Coast","Sydney","Jetstar","Jun-21",237,172,65,155,152,17,20,2021,6
"Hamilton Island-Sydney","Hamilton Island","Sydney","Jetstar","Jun-21",18,13,5,9,10,4,3,2021,6
"Hobart-Brisbane","Hobart","Brisbane","Jetstar","Jun-21",19,19,0,12,12,7,7,2021,6
"Hobart-Melbourne","Hobart","Melbourne","Jetstar","Jun-21",134,58,76,53,54,5,4,2021,6
"Hobart-Sydney","Hobart","Sydney","Jetstar","Jun-21",70,60,10,47,42,13,18,2021,6
"Launceston-Melbourne","Launceston","Melbourne","Jetstar","Jun-21",90,33,57,27,28,6,5,2021,6
"Launceston-Sydney","Launceston","Sydney","Jetstar","Jun-21",33,27,6,16,17,11,10,2021,6
"Mackay-Brisbane","Mackay","Brisbane","Jetstar","Jun-21",27,27,0,25,27,2,0,2021,6
"Melbourne-Adelaide","Melbourne","Adelaide","Jetstar","Jun-21",103,28,75,26,28,2,0,2021,6
"Melbourne-Brisbane","Melbourne","Brisbane","Jetstar","Jun-21",183,56,127,43,44,13,12,2021,6
"Melbourne-Cairns","Melbourne","Cairns","Jetstar","Jun-21",122,52,70,38,40,14,12,2021,6
"Melbourne-Darwin","Melbourne","Darwin","Jetstar","Jun-21",24,16,8,14,11,2,5,2021,6
"Melbourne-Gold Coast","Melbourne","Gold Coast","Jetstar","Jun-21",181,68,113,56,57,12,11,2021,6
"Melbourne-Hobart","Melbourne","Hobart","Jetstar","Jun-21",134,58,76,50,48,8,10,2021,6
"Melbourne-Launceston","Melbourne","Launceston","Jetstar","Jun-21",90,33,57,24,24,9,9,2021,6
"Melbourne-Newcastle","Melbourne","Newcastle","Jetstar","Jun-21",61,26,35,20,21,6,5,2021,6
"Melbourne-Perth","Melbourne","Perth","Jetstar","Jun-21",73,0,73,0,0,0,0,2021,6
"Melbourne-Sunshine Coast","Melbourne","Sunshine Coast","Jetstar","Jun-21",66,40,26,35,31,5,9,2021,6
"Melbourne-Sydney","Melbourne","Sydney","Jetstar","Jun-21",300,61,239,50,54,11,7,2021,6
"Newcastle-Brisbane","Newcastle","Brisbane","Jetstar","Jun-21",61,59,2,55,56,4,3,2021,6
"Newcastle-Melbourne","Newcastle","Melbourne","Jetstar","Jun-21",61,26,35,21,23,5,3,2021,6
"Perth-Adelaide","Perth","Adelaide","Jetstar","Jun-21",26,24,2,18,20,6,4,2021,6
"Perth-Melbourne","Perth","Melbourne","Jetstar","Jun-21",74,0,74,0,0,0,0,2021,6
"Perth-Sydney","Perth","Sydney","Jetstar","Jun-21",50,32,18,18,23,14,9,2021,6
"Proserpine-Brisbane","Proserpine","Brisbane","Jetstar","Jun-21",28,27,1,20,21,7,6,2021,6
"Sunshine Coast-Melbourne","Sunshine Coast","Melbourne","Jetstar","Jun-21",66,40,26,31,34,9,6,2021,6
"Sunshine Coast-Sydney","Sunshine Coast","Sydney","Jetstar","Jun-21",83,68,15,61,62,7,6,2021,6
"Sydney-Adelaide","Sydney","Adelaide","Jetstar","Jun-21",105,74,31,65,66,9,8,2021,6
"Sydney-Ballina","Sydney","Ballina","Jetstar","Jun-21",76,66,10,57,58,9,8,2021,6
"Sydney-Brisbane","Sydney","Brisbane","Jetstar","Jun-21",177,127,50,107,109,20,18,2021,6
"Sydney-Cairns","Sydney","Cairns","Jetstar","Jun-21",87,71,16,62,59,9,12,2021,6
"Sydney-Gold Coast","Sydney","Gold Coast","Jetstar","Jun-21",237,172,65,156,156,16,16,2021,6
"Sydney-Hamilton Island","Sydney","Hamilton Island","Jetstar","Jun-21",18,12,6,8,9,4,3,2021,6
"Sydney-Hobart","Sydney","Hobart","Jetstar","Jun-21",70,60,10,48,52,12,8,2021,6
"Sydney-Launceston","Sydney","Launceston","Jetstar","Jun-21",33,27,6,18,23,9,4,2021,6
"Sydney-Melbourne","Sydney","Melbourne","Jetstar","Jun-21",300,62,238,49,56,13,6,2021,6
"Sydney-Perth","Sydney","Perth","Jetstar","Jun-21",48,32,16,27,29,5,3,2021,6
"Sydney-Sunshine Coast","Sydney","Sunshine Coast","Jetstar","Jun-21",83,68,15,61,61,7,7,2021,6
"Sydney-Townsville","Sydney","Townsville","Jetstar","Jun-21",27,19,8,15,16,4,3,2021,6
"Townsville-Brisbane","Townsville","Brisbane","Jetstar","Jun-21",60,60,0,43,46,17,14,2021,6
"Townsville-Sydney","Townsville","Sydney","Jetstar","Jun-21",27,24,3,20,21,4,3,2021,6
"Adelaide-Brisbane","Adelaide","Brisbane","Qantas","Jun-21",95,95,0,80,84,15,11,2021,6
"Adelaide-Canberra","Adelaide","Canberra","Qantas","Jun-21",38,37,1,34,34,3,3,2021,6
"Adelaide-Melbourne","Adelaide","Melbourne","Qantas","Jun-21",191,66,125,60,62,6,4,2021,6
"Adelaide-Perth","Adelaide","Perth","Qantas","Jun-21",86,86,0,75,82,11,4,2021,6
"Adelaide-Sydney","Adelaide","Sydney","Qantas","Jun-21",201,168,33,150,136,18,32,2021,6
"Brisbane-Adelaide","Brisbane","Adelaide","Qantas","Jun-21",95,95,0,82,78,13,17,2021,6
"Brisbane-Cairns","Brisbane","Cairns","Qantas","Jun-21",140,140,0,125,97,15,43,2021,6
"Brisbane-Canberra","Brisbane","Canberra","Qantas","Jun-21",62,62,0,57,60,5,2,2021,6
"Brisbane-Darwin","Brisbane","Darwin","Qantas","Jun-21",43,43,0,38,20,5,23,2021,6
"Brisbane-Hamilton Island","Brisbane","Hamilton Island","Qantas","Jun-21",37,36,1,36,23,0,13,2021,6
"Brisbane-Hobart","Brisbane","Hobart","Qantas","Jun-21",4,4,0,4,4,0,0,2021,6
"Brisbane-Mackay","Brisbane","Mackay","Qantas","Jun-21",108,108,0,92,81,16,27,2021,6
"Brisbane-Melbourne","Brisbane","Melbourne","Qantas","Jun-21",287,123,164,113,122,10,1,2021,6
"Brisbane-Mount Isa","Brisbane","Mount Isa","Qantas","Jun-21",45,45,0,45,37,0,8,2021,6
"Brisbane-Perth","Brisbane","Perth","Qantas","Jun-21",123,121,2,111,109,10,12,2021,6
"Brisbane-Sydney","Brisbane","Sydney","Qantas","Jun-21",530,441,89,407,418,34,23,2021,6
"Brisbane-Townsville","Brisbane","Townsville","Qantas","Jun-21",114,114,0,96,78,18,36,2021,6
"Broome-Perth","Broome","Perth","Qantas","Jun-21",17,17,0,15,15,2,2,2021,6
"Cairns-Brisbane","Cairns","Brisbane","Qantas","Jun-21",140,140,0,103,101,37,39,2021,6
"Cairns-Melbourne","Cairns","Melbourne","Qantas","Jun-21",67,51,16,48,49,3,2,2021,6
"Cairns-Sydney","Cairns","Sydney","Qantas","Jun-21",68,63,5,58,54,5,9,2021,6
"Canberra-Adelaide","Canberra","Adelaide","Qantas","Jun-21",38,37,1,34,34,3,3,2021,6
"Canberra-Brisbane","Canberra","Brisbane","Qantas","Jun-21",62,62,0,57,55,5,7,2021,6
"Canberra-Melbourne","Canberra","Melbourne","Qantas","Jun-21",29,4,25,2,3,2,1,2021,6
"Canberra-Sydney","Canberra","Sydney","Qantas","Jun-21",17,11,6,11,11,0,0,2021,6
"Darwin-Brisbane","Darwin","Brisbane","Qantas","Jun-21",40,40,0,14,15,26,25,2021,6
"Darwin-Melbourne","Darwin","Melbourne","Qantas","Jun-21",56,42,14,27,31,15,11,2021,6
"Darwin-Perth","Darwin","Perth","Qantas","Jun-21",36,35,1,23,13,12,22,2021,6
"Gold Coast-Melbourne","Gold Coast","Melbourne","Qantas","Jun-21",52,33,19,29,30,4,3,2021,6
"Gold Coast-Sydney","Gold Coast","Sydney","Qantas","Jun-21",90,83,7,67,69,16,14,2021,6
"Hamilton Island-Brisbane","Hamilton Island","Brisbane","Qantas","Jun-21",37,36,1,29,30,7,6,2021,6
"Hamilton Island-Sydney","Hamilton Island","Sydney","Qantas","Jun-21",45,39,6,33,33,6,6,2021,6
"Hobart-Brisbane","Hobart","Brisbane","Qantas","Jun-21",4,4,0,2,2,2,2,2021,6
"Hobart-Melbourne","Hobart","Melbourne","Qantas","Jun-21",12,7,5,7,7,0,0,2021,6
"Hobart-Sydney","Hobart","Sydney","Qantas","Jun-21",23,23,0,20,20,3,3,2021,6
"Kalgoorlie-Perth","Kalgoorlie","Perth","Qantas","Jun-21",16,16,0,14,16,2,0,2021,6
"Karratha-Perth","Karratha","Perth","Qantas","Jun-21",30,28,2,28,26,0,2,2021,6
"Mackay-Brisbane","Mackay","Brisbane","Qantas","Jun-21",108,108,0,84,86,24,22,2021,6
"Melbourne-Adelaide","Melbourne","Adelaide","Qantas","Jun-21",193,66,127,62,62,4,4,2021,6
"Melbourne-Brisbane","Melbourne","Brisbane","Qantas","Jun-21",285,123,162,119,119,4,4,2021,6
"Melbourne-Cairns","Melbourne","Cairns","Qantas","Jun-21",69,51,18,47,44,4,7,2021,6
"Melbourne-Canberra","Melbourne","Canberra","Qantas","Jun-21",29,4,25,3,4,1,0,2021,6
"Melbourne-Darwin","Melbourne","Darwin","Qantas","Jun-21",59,42,17,38,37,4,5,2021,6
"Melbourne-Gold Coast","Melbourne","Gold Coast","Qantas","Jun-21",55,34,21,34,31,0,3,2021,6
"Melbourne-Hobart","Melbourne","Hobart","Qantas","Jun-21",12,7,5,7,7,0,0,2021,6
"Melbourne-Perth","Melbourne","Perth","Qantas","Jun-21",118,46,72,42,43,4,3,2021,6
"Melbourne-Sydney","Melbourne","Sydney","Qantas","Jun-21",678,184,494,174,174,10,10,2021,6
"Mount Isa-Brisbane","Mount Isa","Brisbane","Qantas","Jun-21",45,45,0,35,42,10,3,2021,6
"Newman-Perth","Newman","Perth","Qantas","Jun-21",32,27,5,23,22,4,5,2021,6
"Perth-Adelaide","Perth","Adelaide","Qantas","Jun-21",86,86,0,83,75,3,11,2021,6
"Perth-Brisbane","Perth","Brisbane","Qantas","Jun-21",124,122,2,102,90,20,32,2021,6
"Perth-Broome","Perth","Broome","Qantas","Jun-21",17,17,0,14,17,3,0,2021,6
"Perth-Darwin","Perth","Darwin","Qantas","Jun-21",36,35,1,30,29,5,6,2021,6
"Perth-Kalgoorlie","Perth","Kalgoorlie","Qantas","Jun-21",16,16,0,16,15,0,1,2021,6
"Perth-Karratha","Perth","Karratha","Qantas","Jun-21",30,29,1,28,29,1,0,2021,6
"Perth-Melbourne","Perth","Melbourne","Qantas","Jun-21",119,48,71,38,35,10,13,2021,6
"Perth-Newman","Perth","Newman","Qantas","Jun-21",32,28,4,26,26,2,2,2021,6
"Perth-Port Hedland","Perth","Port Hedland","Qantas","Jun-21",47,46,1,45,45,1,1,2021,6
"Perth-Sydney","Perth","Sydney","Qantas","Jun-21",147,128,19,101,101,27,27,2021,6
"Port Hedland-Perth","Port Hedland","Perth","Qantas","Jun-21",47,46,1,44,43,2,3,2021,6
"Sydney-Adelaide","Sydney","Adelaide","Qantas","Jun-21",201,166,35,152,146,14,20,2021,6
"Sydney-Brisbane","Sydney","Brisbane","Qantas","Jun-21",538,444,94,426,409,18,35,2021,6
"Sydney-Cairns","Sydney","Cairns","Qantas","Jun-21",67,63,4,58,52,5,11,2021,6
"Sydney-Canberra","Sydney","Canberra","Qantas","Jun-21",17,11,6,11,11,0,0,2021,6
"Sydney-Gold Coast","Sydney","Gold Coast","Qantas","Jun-21",90,83,7,74,75,9,8,2021,6
"Sydney-Hamilton Island","Sydney","Hamilton Island","Qantas","Jun-21",46,39,7,33,34,6,5,2021,6
"Sydney-Hobart","Sydney","Hobart","Qantas","Jun-21",23,23,0,23,23,0,0,2021,6
"Sydney-Melbourne","Sydney","Melbourne","Qantas","Jun-21",675,181,494,167,174,14,7,2021,6
"Sydney-Perth","Sydney","Perth","Qantas","Jun-21",146,127,19,103,109,24,18,2021,6
"Townsville-Brisbane","Townsville","Brisbane","Qantas","Jun-21",114,114,0,82,77,32,37,2021,6
"Adelaide-Alice Springs","Adelaide","Alice Springs","QantasLink","Jun-21",52,52,0,31,28,21,24,2021,6
"Adelaide-Gold Coast","Adelaide","Gold Coast","QantasLink","Jun-21",6,6,0,6,6,0,0,2021,6
"Adelaide-Port Lincoln","Adelaide","Port Lincoln","QantasLink","Jun-21",120,116,4,94,95,22,21,2021,6
"Albury-Sydney","Albury","Sydney","QantasLink","Jun-21",108,97,11,76,82,21,15,2021,6
"Alice Springs-Adelaide","Alice Springs","Adelaide","QantasLink","Jun-21",52,52,0,27,31,25,21,2021,6
"Armidale-Sydney","Armidale","Sydney","QantasLink","Jun-21",82,71,11,60,61,11,10,2021,6
"Ballina-Sydney","Ballina","Sydney","QantasLink","Jun-21",94,85,9,59,57,26,28,2021,6
"Brisbane-Cairns","Brisbane","Cairns","QantasLink","Jun-21",6,6,0,4,5,2,1,2021,6
"Brisbane-Canberra","Brisbane","Canberra","QantasLink","Jun-21",114,110,4,93,95,17,15,2021,6
"Brisbane-Emerald","Brisbane","Emerald","QantasLink","Jun-21",125,124,1,107,103,17,21,2021,6
"Brisbane-Gladstone","Brisbane","Gladstone","QantasLink","Jun-21",139,134,5,121,115,13,19,2021,6
"Brisbane-Hobart","Brisbane","Hobart","QantasLink","Jun-21",15,15,0,11,11,4,4,2021,6
"Brisbane-Mackay","Brisbane","Mackay","QantasLink","Jun-21",3,3,0,3,0,0,3,2021,6
"Brisbane-Mount Isa","Brisbane","Mount Isa","QantasLink","Jun-21",7,7,0,7,6,0,1,2021,6
"Brisbane-Newcastle","Brisbane","Newcastle","QantasLink","Jun-21",93,90,3,76,72,14,18,2021,6
"Brisbane-Rockhampton","Brisbane","Rockhampton","QantasLink","Jun-21",167,162,5,138,137,24,25,2021,6
"Broome-Perth","Broome","Perth","QantasLink","Jun-21",81,77,4,63,60,14,17,2021,6
"Cairns-Brisbane","Cairns","Brisbane","QantasLink","Jun-21",6,6,0,4,4,2,2,2021,6
"Cairns-Townsville","Cairns","Townsville","QantasLink","Jun-21",111,110,1,85,86,25,24,2021,6
"Canberra-Brisbane","Canberra","Brisbane","QantasLink","Jun-21",113,110,3,97,94,13,16,2021,6
"Canberra-Melbourne","Canberra","Melbourne","QantasLink","Jun-21",187,102,85,90,93,12,9,2021,6
"Canberra-Sydney","Canberra","Sydney","QantasLink","Jun-21",309,247,62,202,205,45,42,2021,6
"Coffs Harbour-Sydney","Coffs Harbour","Sydney","QantasLink","Jun-21",112,102,10,87,87,15,15,2021,6
"Dubbo-Sydney","Dubbo","Sydney","QantasLink","Jun-21",99,85,14,78,77,7,8,2021,6
"Emerald-Brisbane","Emerald","Brisbane","QantasLink","Jun-21",126,125,1,102,106,23,19,2021,6
"Gladstone-Brisbane","Gladstone","Brisbane","QantasLink","Jun-21",138,134,4,113,116,21,18,2021,6
"Gold Coast-Adelaide","Gold Coast","Adelaide","QantasLink","Jun-21",6,6,0,6,6,0,0,2021,6
"Hobart-Brisbane","Hobart","Brisbane","QantasLink","Jun-21",15,15,0,11,10,4,5,2021,6
"Hobart-Melbourne","Hobart","Melbourne","QantasLink","Jun-21",93,45,48,39,38,6,7,2021,6
"Hobart-Sydney","Hobart","Sydney","QantasLink","Jun-21",46,43,3,31,28,12,15,2021,6
"Kalgoorlie-Perth","Kalgoorlie","Perth","QantasLink","Jun-21",58,57,1,47,50,10,7,2021,6
"Karratha-Perth","Karratha","Perth","QantasLink","Jun-21",111,107,4,82,82,25,25,2021,6
"Launceston-Melbourne","Launceston","Melbourne","QantasLink","Jun-21",76,36,40,33,33,3,3,2021,6
"Launceston-Sydney","Launceston","Sydney","QantasLink","Jun-21",16,15,1,10,5,5,10,2021,6
"Mackay-Brisbane","Mackay","Brisbane","QantasLink","Jun-21",5,5,0,5,4,0,1,2021,6
"Melbourne-Canberra","Melbourne","Canberra","QantasLink","Jun-21",187,103,84,91,94,12,9,2021,6
"Melbourne-Hobart","Melbourne","Hobart","QantasLink","Jun-21",100,46,54,38,36,8,10,2021,6
"Melbourne-Launceston","Melbourne","Launceston","QantasLink","Jun-21",83,37,46,34,33,3,4,2021,6
"Melbourne-Mildura","Melbourne","Mildura","QantasLink","Jun-21",115,77,38,63,65,14,12,2021,6
"Melbourne-Newcastle","Melbourne","Newcastle","QantasLink","Jun-21",47,23,24,21,21,2,2,2021,6
"Melbourne-Sunshine Coast","Melbourne","Sunshine Coast","QantasLink","Jun-21",43,20,23,17,17,3,3,2021,6
"Mildura-Melbourne","Mildura","Melbourne","QantasLink","Jun-21",114,77,37,65,65,12,12,2021,6
"Mount Isa-Brisbane","Mount Isa","Brisbane","QantasLink","Jun-21",7,7,0,7,7,0,0,2021,6
"Newcastle-Brisbane","Newcastle","Brisbane","QantasLink","Jun-21",93,89,4,78,81,11,8,2021,6
"Newcastle-Melbourne","Newcastle","Melbourne","QantasLink","Jun-21",46,22,24,20,19,2,3,2021,6
"Newman-Perth","Newman","Perth","QantasLink","Jun-21",88,84,4,74,74,10,10,2021,6
"Perth-Broome","Perth","Broome","QantasLink","Jun-21",81,78,3,67,73,11,5,2021,6
"Perth-Kalgoorlie","Perth","Kalgoorlie","QantasLink","Jun-21",58,57,1,49,47,8,10,2021,6
"Perth-Karratha","Perth","Karratha","QantasLink","Jun-21",108,105,3,81,76,24,29,2021,6
"Perth-Newman","Perth","Newman","QantasLink","Jun-21",88,84,4,76,78,8,6,2021,6
"Perth-Port Hedland","Perth","Port Hedland","QantasLink","Jun-21",75,70,5,64,57,6,13,2021,6
"Port Hedland-Perth","Port Hedland","Perth","QantasLink","Jun-21",75,70,5,60,45,10,25,2021,6
"Port Lincoln-Adelaide","Port Lincoln","Adelaide","QantasLink","Jun-21",120,116,4,99,95,17,21,2021,6
"Port Macquarie-Sydney","Port Macquarie","Sydney","QantasLink","Jun-21",108,97,11,81,80,16,17,2021,6
"Rockhampton-Brisbane","Rockhampton","Brisbane","QantasLink","Jun-21",167,158,9,122,122,36,36,2021,6
"Sunshine Coast-Melbourne","Sunshine Coast","Melbourne","QantasLink","Jun-21",44,20,24,17,17,3,3,2021,6
"Sunshine Coast-Sydney","Sunshine Coast","Sydney","QantasLink","Jun-21",56,50,6,38,41,12,9,2021,6
"Sydney-Albury","Sydney","Albury","QantasLink","Jun-21",107,97,10,87,86,10,11,2021,6
"Sydney-Armidale","Sydney","Armidale","QantasLink","Jun-21",82,72,10,59,60,13,12,2021,6
"Sydney-Ballina","Sydney","Ballina","QantasLink","Jun-21",94,83,11,67,49,16,34,2021,6
"Sydney-Canberra","Sydney","Canberra","QantasLink","Jun-21",310,249,61,204,200,45,49,2021,6
"Sydney-Coffs Harbour","Sydney","Coffs Harbour","QantasLink","Jun-21",112,101,11,81,80,20,21,2021,6
"Sydney-Dubbo","Sydney","Dubbo","QantasLink","Jun-21",99,84,15,75,75,9,9,2021,6
"Sydney-Hobart","Sydney","Hobart","QantasLink","Jun-21",46,42,4,29,34,13,8,2021,6
"Sydney-Launceston","Sydney","Launceston","QantasLink","Jun-21",16,15,1,8,12,7,3,2021,6
"Sydney-Port Macquarie","Sydney","Port Macquarie","QantasLink","Jun-21",108,97,11,75,77,22,20,2021,6
"Sydney-Sunshine Coast","Sydney","Sunshine Coast","QantasLink","Jun-21",56,50,6,41,32,9,18,2021,6
"Sydney-Wagga Wagga","Sydney","Wagga Wagga","QantasLink","Jun-21",108,96,12,82,85,14,11,2021,6
"Townsville-Cairns","Townsville","Cairns","QantasLink","Jun-21",111,110,1,91,95,19,15,2021,6
"Wagga Wagga-Sydney","Wagga Wagga","Sydney","QantasLink","Jun-21",108,97,11,85,88,12,9,2021,6
"Adelaide-Melbourne","Adelaide","Melbourne","Regional Express","Jun-21",50,17,33,17,17,0,0,2021,6
"Adelaide-Port Lincoln","Adelaide","Port Lincoln","Regional Express","Jun-21",161,160,1,150,147,10,13,2021,6
"Albury-Sydney","Albury","Sydney","Regional Express","Jun-21",56,56,0,52,51,4,5,2021,6
"Armidale-Sydney","Armidale","Sydney","Regional Express","Jun-21",50,48,2,38,38,10,10,2021,6
"Ballina-Sydney","Ballina","Sydney","Regional Express","Jun-21",8,8,0,4,4,4,4,2021,6
"Cairns-Townsville","Cairns","Townsville","Regional Express","Jun-21",18,18,0,16,16,2,2,2021,6
"Canberra-Sydney","Canberra","Sydney","Regional Express","Jun-21",179,156,23,129,123,27,33,2021,6
"Coffs Harbour-Sydney","Coffs Harbour","Sydney","Regional Express","Jun-21",86,86,0,75,73,11,13,2021,6
"Dubbo-Sydney","Dubbo","Sydney","Regional Express","Jun-21",79,76,3,57,57,19,19,2021,6
"Gold Coast-Melbourne","Gold Coast","Melbourne","Regional Express","Jun-21",58,34,24,32,29,2,5,2021,6
"Gold Coast-Sydney","Gold Coast","Sydney","Regional Express","Jun-21",61,50,11,46,48,4,2,2021,6
"Melbourne-Adelaide","Melbourne","Adelaide","Regional Express","Jun-21",53,17,36,16,17,1,0,2021,6
"Melbourne-Gold Coast","Melbourne","Gold Coast","Regional Express","Jun-21",58,34,24,32,31,2,3,2021,6
"Melbourne-Mildura","Melbourne","Mildura","Regional Express","Jun-21",72,57,15,52,50,5,7,2021,6
"Melbourne-Sydney","Melbourne","Sydney","Regional Express","Jun-21",148,54,94,52,52,2,2,2021,6
"Mildura-Melbourne","Mildura","Melbourne","Regional Express","Jun-21",71,59,12,51,53,8,6,2021,6
"Port Lincoln-Adelaide","Port Lincoln","Adelaide","Regional Express","Jun-21",161,160,1,145,140,15,20,2021,6
"Port Macquarie-Sydney","Port Macquarie","Sydney","Regional Express","Jun-21",76,74,2,65,59,9,15,2021,6
"Sydney-Albury","Sydney","Albury","Regional Express","Jun-21",56,56,0,48,50,8,6,2021,6
"Sydney-Armidale","Sydney","Armidale","Regional Express","Jun-21",51,49,2,37,37,12,12,2021,6
"Sydney-Ballina","Sydney","Ballina","Regional Express","Jun-21",8,8,0,5,5,3,3,2021,6
"Sydney-Canberra","Sydney","Canberra","Regional Express","Jun-21",179,156,23,127,118,29,38,2021,6
"Sydney-Coffs Harbour","Sydney","Coffs Harbour","Regional Express","Jun-21",85,85,0,73,75,12,10,2021,6
"Sydney-Dubbo","Sydney","Dubbo","Regional Express","Jun-21",77,75,2,60,62,15,13,2021,6
"Sydney-Gold Coast","Sydney","Gold Coast","Regional Express","Jun-21",61,50,11,45,44,5,6,2021,6
"Sydney-Melbourne","Sydney","Melbourne","Regional Express","Jun-21",147,54,93,51,52,3,2,2021,6
"Sydney-Port Macquarie","Sydney","Port Macquarie","Regional Express","Jun-21",76,74,2,64,66,10,8,2021,6
"Sydney-Wagga Wagga","Sydney","Wagga Wagga","Regional Express","Jun-21",57,57,0,46,46,11,11,2021,6
"Townsville-Cairns","Townsville","Cairns","Regional Express","Jun-21",18,18,0,17,17,1,1,2021,6
"Wagga Wagga-Sydney","Wagga Wagga","Sydney","Regional Express","Jun-21",57,57,0,51,49,6,8,2021,6
"Adelaide-Alice Springs","Adelaide","Alice Springs","Virgin Australia","Jun-21",14,14,0,11,10,3,4,2021,6
"Adelaide-Brisbane","Adelaide","Brisbane","Virgin Australia","Jun-21",108,104,4,91,90,13,14,2021,6
"Adelaide-Canberra","Adelaide","Canberra","Virgin Australia","Jun-21",25,25,0,21,21,4,4,2021,6
"Adelaide-Gold Coast","Adelaide","Gold Coast","Virgin Australia","Jun-21",33,32,1,29,29,3,3,2021,6
"Adelaide-Melbourne","Adelaide","Melbourne","Virgin Australia","Jun-21",194,52,142,39,43,13,9,2021,6
"Adelaide-Perth","Adelaide","Perth","Virgin Australia","Jun-21",42,41,1,36,38,5,3,2021,6
"Adelaide-Sydney","Adelaide","Sydney","Virgin Australia","Jun-21",127,102,25,89,86,13,16,2021,6
"Alice Springs-Adelaide","Alice Springs","Adelaide","Virgin Australia","Jun-21",14,14,0,10,9,4,5,2021,6
"Ballina-Sydney","Ballina","Sydney","Virgin Australia","Jun-21",57,48,9,45,44,3,4,2021,6
"Brisbane-Adelaide","Brisbane","Adelaide","Virgin Australia","Jun-21",108,103,5,85,95,18,8,2021,6
"Brisbane-Cairns","Brisbane","Cairns","Virgin Australia","Jun-21",136,136,0,104,102,32,34,2021,6
"Brisbane-Canberra","Brisbane","Canberra","Virgin Australia","Jun-21",78,76,2,62,68,14,8,2021,6
"Brisbane-Darwin","Brisbane","Darwin","Virgin Australia","Jun-21",35,35,0,30,25,5,10,2021,6
"Brisbane-Emerald","Brisbane","Emerald","Virgin Australia","Jun-21",26,26,0,19,19,7,7,2021,6
"Brisbane-Gladstone","Brisbane","Gladstone","Virgin Australia","Jun-21",52,52,0,51,45,1,7,2021,6
"Brisbane-Hamilton Island","Brisbane","Hamilton Island","Virgin Australia","Jun-21",31,31,0,27,27,4,4,2021,6
"Brisbane-Hobart","Brisbane","Hobart","Virgin Australia","Jun-21",36,36,0,28,31,8,5,2021,6
"Brisbane-Mackay","Brisbane","Mackay","Virgin Australia","Jun-21",93,93,0,79,78,14,15,2021,6
"Brisbane-Melbourne","Brisbane","Melbourne","Virgin Australia","Jun-21",260,103,157,81,84,22,19,2021,6
"Brisbane-Mount Isa","Brisbane","Mount Isa","Virgin Australia","Jun-21",16,16,0,16,12,0,4,2021,6
"Brisbane-Newcastle","Brisbane","Newcastle","Virgin Australia","Jun-21",55,54,1,46,47,8,7,2021,6
"Brisbane-Perth","Brisbane","Perth","Virgin Australia","Jun-21",72,70,2,49,67,21,3,2021,6
"Brisbane-Proserpine","Brisbane","Proserpine","Virgin Australia","Jun-21",35,35,0,33,33,2,2,2021,6
"Brisbane-Rockhampton","Brisbane","Rockhampton","Virgin Australia","Jun-21",89,89,0,68,60,21,29,2021,6
"Brisbane-Sydney","Brisbane","Sydney","Virgin Australia","Jun-21",359,284,75,241,252,43,32,2021,6
"Brisbane-Townsville","Brisbane","Townsville","Virgin Australia","Jun-21",103,102,1,87,88,15,14,2021,6
"Broome-Perth","Broome","Perth","Virgin Australia","Jun-21",25,25,0,13,17,12,8,2021,6
"Cairns-Brisbane","Cairns","Brisbane","Virgin Australia","Jun-21",137,136,1,108,122,28,14,2021,6
"Cairns-Melbourne","Cairns","Melbourne","Virgin Australia","Jun-21",37,26,11,23,24,3,2,2021,6
"Cairns-Sydney","Cairns","Sydney","Virgin Australia","Jun-21",55,51,4,46,50,5,1,2021,6
"Canberra-Adelaide","Canberra","Adelaide","Virgin Australia","Jun-21",25,25,0,21,20,4,5,2021,6
"Canberra-Brisbane","Canberra","Brisbane","Virgin Australia","Jun-21",80,76,4,59,59,17,17,2021,6
"Canberra-Melbourne","Canberra","Melbourne","Virgin Australia","Jun-21",77,34,43,26,27,8,7,2021,6
"Darwin-Brisbane","Darwin","Brisbane","Virgin Australia","Jun-21",35,35,0,13,24,22,11,2021,6
"Darwin-Melbourne","Darwin","Melbourne","Virgin Australia","Jun-21",17,10,7,6,9,4,1,2021,6
"Darwin-Perth","Darwin","Perth","Virgin Australia","Jun-21",4,4,0,3,3,1,1,2021,6
"Emerald-Brisbane","Emerald","Brisbane","Virgin Australia","Jun-21",26,26,0,20,20,6,6,2021,6
"Gladstone-Brisbane","Gladstone","Brisbane","Virgin Australia","Jun-21",52,52,0,49,45,3,7,2021,6
"Gold Coast-Adelaide","Gold Coast","Adelaide","Virgin Australia","Jun-21",33,32,1,29,29,3,3,2021,6
"Gold Coast-Melbourne","Gold Coast","Melbourne","Virgin Australia","Jun-21",278,114,164,91,100,23,14,2021,6
"Gold Coast-Sydney","Gold Coast","Sydney","Virgin Australia","Jun-21",293,246,47,205,214,41,32,2021,6
"Hamilton Island-Brisbane","Hamilton Island","Brisbane","Virgin Australia","Jun-21",31,31,0,26,27,5,4,2021,6
"Hamilton Island-Sydney","Hamilton Island","Sydney","Virgin Australia","Jun-21",30,28,2,26,26,2,2,2021,6
"Hobart-Brisbane","Hobart","Brisbane","Virgin Australia","Jun-21",36,36,0,25,25,11,11,2021,6
"Hobart-Melbourne","Hobart","Melbourne","Virgin Australia","Jun-21",81,36,45,33,32,3,4,2021,6
"Hobart-Sydney","Hobart","Sydney","Virgin Australia","Jun-21",54,50,4,42,42,8,8,2021,6
"Kalgoorlie-Perth","Kalgoorlie","Perth","Virgin Australia","Jun-21",23,23,0,17,18,6,5,2021,6
"Karratha-Perth","Karratha","Perth","Virgin Australia","Jun-21",32,32,0,24,26,8,6,2021,6
"Launceston-Melbourne","Launceston","Melbourne","Virgin Australia","Jun-21",56,29,27,26,26,3,3,2021,6
"Launceston-Sydney","Launceston","Sydney","Virgin Australia","Jun-21",26,23,3,19,18,4,5,2021,6
"Mackay-Brisbane","Mackay","Brisbane","Virgin Australia","Jun-21",93,93,0,83,86,10,7,2021,6
"Melbourne-Adelaide","Melbourne","Adelaide","Virgin Australia","Jun-21",198,52,146,43,45,9,7,2021,6
"Melbourne-Brisbane","Melbourne","Brisbane","Virgin Australia","Jun-21",255,102,153,92,90,10,12,2021,6
"Melbourne-Cairns","Melbourne","Cairns","Virgin Australia","Jun-21",35,26,9,23,25,3,1,2021,6
"Melbourne-Canberra","Melbourne","Canberra","Virgin Australia","Jun-21",81,35,46,29,31,6,4,2021,6
"Melbourne-Darwin","Melbourne","Darwin","Virgin Australia","Jun-21",20,11,9,9,8,2,3,2021,6
"Melbourne-Gold Coast","Melbourne","Gold Coast","Virgin Australia","Jun-21",285,115,170,94,97,21,18,2021,6
"Melbourne-Hobart","Melbourne","Hobart","Virgin Australia","Jun-21",84,37,47,34,34,3,3,2021,6
"Melbourne-Launceston","Melbourne","Launceston","Virgin Australia","Jun-21",60,30,30,27,28,3,2,2021,6
"Melbourne-Newcastle","Melbourne","Newcastle","Virgin Australia","Jun-21",24,18,6,17,17,1,1,2021,6
"Melbourne-Perth","Melbourne","Perth","Virgin Australia","Jun-21",75,27,48,25,25,2,2,2021,6
"Melbourne-Sunshine Coast","Melbourne","Sunshine Coast","Virgin Australia","Jun-21",78,37,41,30,31,7,6,2021,6
"Melbourne-Sydney","Melbourne","Sydney","Virgin Australia","Jun-21",555,176,379,164,167,12,9,2021,6
"Mount Isa-Brisbane","Mount Isa","Brisbane","Virgin Australia","Jun-21",16,16,0,11,14,5,2,2021,6
"Newcastle-Brisbane","Newcastle","Brisbane","Virgin Australia","Jun-21",55,55,0,49,48,6,7,2021,6
"Newcastle-Melbourne","Newcastle","Melbourne","Virgin Australia","Jun-21",24,18,6,17,16,1,2,2021,6
"Newman-Perth","Newman","Perth","Virgin Australia","Jun-21",45,42,3,33,33,9,9,2021,6
"Perth-Adelaide","Perth","Adelaide","Virgin Australia","Jun-21",42,41,1,38,35,3,6,2021,6
"Perth-Brisbane","Perth","Brisbane","Virgin Australia","Jun-21",74,71,3,62,66,9,5,2021,6
"Perth-Broome","Perth","Broome","Virgin Australia","Jun-21",25,25,0,18,21,7,4,2021,6
"Perth-Darwin","Perth","Darwin","Virgin Australia","Jun-21",4,4,0,4,4,0,0,2021,6
"Perth-Kalgoorlie","Perth","Kalgoorlie","Virgin Australia","Jun-21",23,23,0,22,22,1,1,2021,6
"Perth-Karratha","Perth","Karratha","Virgin Australia","Jun-21",32,32,0,28,28,4,4,2021,6
"Perth-Melbourne","Perth","Melbourne","Virgin Australia","Jun-21",79,29,50,22,23,7,6,2021,6
"Perth-Newman","Perth","Newman","Virgin Australia","Jun-21",45,42,3,40,41,2,1,2021,6
"Perth-Port Hedland","Perth","Port Hedland","Virgin Australia","Jun-21",1,1,0,1,1,0,0,2021,6
"Perth-Sydney","Perth","Sydney","Virgin Australia","Jun-21",89,70,19,56,65,14,5,2021,6
"Port Hedland-Perth","Port Hedland","Perth","Virgin Australia","Jun-21",1,1,0,0,0,1,1,2021,6
"Proserpine-Brisbane","Proserpine","Brisbane","Virgin Australia","Jun-21",35,35,0,28,33,7,2,2021,6
"Rockhampton-Brisbane","Rockhampton","Brisbane","Virgin Australia","Jun-21",89,89,0,66,73,23,16,2021,6
"Sunshine Coast-Melbourne","Sunshine Coast","Melbourne","Virgin Australia","Jun-21",78,37,41,30,31,7,6,2021,6
"Sunshine Coast-Sydney","Sunshine Coast","Sydney","Virgin Australia","Jun-21",73,62,11,51,48,11,14,2021,6
"Sydney-Adelaide","Sydney","Adelaide","Virgin Australia","Jun-21",127,101,26,88,91,13,10,2021,6
"Sydney-Ballina","Sydney","Ballina","Virgin Australia","Jun-21",57,48,9,43,43,5,5,2021,6
"Sydney-Brisbane","Sydney","Brisbane","Virgin Australia","Jun-21",359,281,78,252,249,29,32,2021,6
"Sydney-Cairns","Sydney","Cairns","Virgin Australia","Jun-21",55,51,4,49,49,2,2,2021,6
"Sydney-Gold Coast","Sydney","Gold Coast","Virgin Australia","Jun-21",293,244,49,215,209,29,35,2021,6
"Sydney-Hamilton Island","Sydney","Hamilton Island","Virgin Australia","Jun-21",30,28,2,28,27,0,1,2021,6
"Sydney-Hobart","Sydney","Hobart","Virgin Australia","Jun-21",54,50,4,43,46,7,4,2021,6
"Sydney-Launceston","Sydney","Launceston","Virgin Australia","Jun-21",26,23,3,18,20,5,3,2021,6
"Sydney-Melbourne","Sydney","Melbourne","Virgin Australia","Jun-21",558,182,376,144,160,38,22,2021,6
"Sydney-Perth","Sydney","Perth","Virgin Australia","Jun-21",88,72,16,52,65,20,7,2021,6
"Sydney-Sunshine Coast","Sydney","Sunshine Coast","Virgin Australia","Jun-21",73,63,10,55,52,8,11,2021,6
"Sydney-Townsville","Sydney","Townsville","Virgin Australia","Jun-21",4,4,0,4,3,0,1,2021,6
"Townsville-Brisbane","Townsville","Brisbane","Virgin Australia","Jun-21",103,103,0,91,98,12,5,2021,6
"Townsville-Sydney","Townsville","Sydney","Virgin Australia","Jun-21",4,4,0,4,3,0,1,2021,6
"Adelaide-Perth","Adelaide","Perth","Virgin Australia Regional Airlines","Jun-21",8,8,0,6,8,2,0,2021,6
"Broome-Perth","Broome","Perth","Virgin Australia Regional Airlines","Jun-21",13,13,0,6,10,7,3,2021,6
"Darwin-Perth","Darwin","Perth","Virgin Australia Regional Airlines","Jun-21",15,15,0,7,5,8,10,2021,6
"Kalgoorlie-Perth","Kalgoorlie","Perth","Virgin Australia Regional Airlines","Jun-21",34,33,1,24,26,9,7,2021,6
"Karratha-Perth","Karratha","Perth","Virgin Australia Regional Airlines","Jun-21",23,23,0,19,17,4,6,2021,6
"Newman-Perth","Newman","Perth","Virgin Australia Regional Airlines","Jun-21",13,13,0,11,11,2,2,2021,6
"Perth-Adelaide","Perth","Adelaide","Virgin Australia Regional Airlines","Jun-21",8,8,0,8,7,0,1,2021,6
"Perth-Broome","Perth","Broome","Virgin Australia Regional Airlines","Jun-21",13,13,0,12,12,1,1,2021,6
"Perth-Darwin","Perth","Darwin","Virgin Australia Regional Airlines","Jun-21",15,15,0,12,11,3,4,2021,6
"Perth-Kalgoorlie","Perth","Kalgoorlie","Virgin Australia Regional Airlines","Jun-21",34,33,1,31,30,2,3,2021,6
"Perth-Karratha","Perth","Karratha","Virgin Australia Regional Airlines","Jun-21",23,23,0,23,21,0,2,2021,6
"Perth-Newman","Perth","Newman","Virgin Australia Regional Airlines","Jun-21",13,13,0,11,11,2,2,2021,6
"Perth-Port Hedland","Perth","Port Hedland","Virgin Australia Regional Airlines","Jun-21",51,51,0,45,46,6,5,2021,6
"Port Hedland-Perth","Port Hedland","Perth","Virgin Australia Regional Airlines","Jun-21",51,51,0,38,33,13,18,2021,6
"Adelaide-Alice Springs","Adelaide","Alice Springs","All Airlines","Jun-21",66,66,0,42,38,24,28,2021,6
"Adelaide-Brisbane","Adelaide","Brisbane","All Airlines","Jun-21",230,224,6,190,192,34,32,2021,6
"Adelaide-Canberra","Adelaide","Canberra","All Airlines","Jun-21",63,62,1,55,55,7,7,2021,6
"Adelaide-Gold Coast","Adelaide","Gold Coast","All Airlines","Jun-21",65,64,1,57,58,7,6,2021,6
"Adelaide-Melbourne","Adelaide","Melbourne","All Airlines","Jun-21",538,162,376,143,149,19,13,2021,6
"Adelaide-Perth","Adelaide","Perth","All Airlines","Jun-21",163,160,3,141,149,19,11,2021,6
"Adelaide-Port Lincoln","Adelaide","Port Lincoln","All Airlines","Jun-21",281,276,5,244,242,32,34,2021,6
"Adelaide-Sydney","Adelaide","Sydney","All Airlines","Jun-21",433,344,89,307,291,37,53,2021,6
"Albury-Sydney","Albury","Sydney","All Airlines","Jun-21",164,153,11,128,133,25,20,2021,6
"Alice Springs-Adelaide","Alice Springs","Adelaide","All Airlines","Jun-21",66,66,0,37,40,29,26,2021,6
"Armidale-Sydney","Armidale","Sydney","All Airlines","Jun-21",132,119,13,98,99,21,20,2021,6
"Ballina-Sydney","Ballina","Sydney","All Airlines","Jun-21",235,207,28,159,156,48,51,2021,6
"Brisbane-Adelaide","Brisbane","Adelaide","All Airlines","Jun-21",230,223,7,183,192,40,31,2021,6
"Brisbane-Cairns","Brisbane","Cairns","All Airlines","Jun-21",367,367,0,298,262,69,105,2021,6
"Brisbane-Canberra","Brisbane","Canberra","All Airlines","Jun-21",254,248,6,212,223,36,25,2021,6
"Brisbane-Darwin","Brisbane","Darwin","All Airlines","Jun-21",97,96,1,85,54,11,42,2021,6
"Brisbane-Emerald","Brisbane","Emerald","All Airlines","Jun-21",151,150,1,126,122,24,28,2021,6
"Brisbane-Gladstone","Brisbane","Gladstone","All Airlines","Jun-21",191,186,5,172,160,14,26,2021,6
"Brisbane-Hamilton Island","Brisbane","Hamilton Island","All Airlines","Jun-21",68,67,1,63,50,4,17,2021,6
"Brisbane-Hobart","Brisbane","Hobart","All Airlines","Jun-21",74,74,0,61,65,13,9,2021,6
"Brisbane-Mackay","Brisbane","Mackay","All Airlines","Jun-21",231,231,0,200,184,31,47,2021,6
"Brisbane-Melbourne","Brisbane","Melbourne","All Airlines","Jun-21",730,282,448,239,256,43,26,2021,6
"Brisbane-Mount Isa","Brisbane","Mount Isa","All Airlines","Jun-21",68,68,0,68,55,0,13,2021,6
"Brisbane-Newcastle","Brisbane","Newcastle","All Airlines","Jun-21",209,203,6,178,173,25,30,2021,6
"Brisbane-Perth","Brisbane","Perth","All Airlines","Jun-21",195,191,4,160,176,31,15,2021,6
"Brisbane-Proserpine","Brisbane","Proserpine","All Airlines","Jun-21",61,61,0,55,55,6,6,2021,6
"Brisbane-Rockhampton","Brisbane","Rockhampton","All Airlines","Jun-21",256,251,5,206,197,45,54,2021,6
"Brisbane-Sydney","Brisbane","Sydney","All Airlines","Jun-21",1065,851,214,750,781,101,70,2021,6
"Brisbane-Townsville","Brisbane","Townsville","All Airlines","Jun-21",278,277,1,231,215,46,62,2021,6
"Broome-Perth","Broome","Perth","All Airlines","Jun-21",136,132,4,97,102,35,30,2021,6
"Cairns-Brisbane","Cairns","Brisbane","All Airlines","Jun-21",368,367,1,276,296,91,71,2021,6
"Cairns-Melbourne","Cairns","Melbourne","All Airlines","Jun-21",226,129,97,114,119,15,10,2021,6
"Cairns-Sydney","Cairns","Sydney","All Airlines","Jun-21",210,184,26,152,163,32,21,2021,6
"Cairns-Townsville","Cairns","Townsville","All Airlines","Jun-21",129,128,1,101,102,27,26,2021,6
"Canberra-Adelaide","Canberra","Adelaide","All Airlines","Jun-21",63,62,1,55,54,7,8,2021,6
"Canberra-Brisbane","Canberra","Brisbane","All Airlines","Jun-21",255,248,7,213,208,35,40,2021,6
"Canberra-Melbourne","Canberra","Melbourne","All Airlines","Jun-21",293,140,153,118,123,22,17,2021,6
"Canberra-Sydney","Canberra","Sydney","All Airlines","Jun-21",505,414,91,342,339,72,75,2021,6
"Coffs Harbour-Sydney","Coffs Harbour","Sydney","All Airlines","Jun-21",198,188,10,162,160,26,28,2021,6
"Darwin-Brisbane","Darwin","Brisbane","All Airlines","Jun-21",93,93,0,32,46,61,47,2021,6
"Darwin-Melbourne","Darwin","Melbourne","All Airlines","Jun-21",97,67,30,41,49,26,18,2021,6
"Darwin-Perth","Darwin","Perth","All Airlines","Jun-21",55,54,1,33,21,21,33,2021,6
"Dubbo-Sydney","Dubbo","Sydney","All Airlines","Jun-21",178,161,17,135,134,26,27,2021,6
"Emerald-Brisbane","Emerald","Brisbane","All Airlines","Jun-21",152,151,1,122,126,29,25,2021,6
"Gladstone-Brisbane","Gladstone","Brisbane","All Airlines","Jun-21",190,186,4,162,161,24,25,2021,6
"Gold Coast-Adelaide","Gold Coast","Adelaide","All Airlines","Jun-21",65,64,1,56,57,8,7,2021,6
"Gold Coast-Melbourne","Gold Coast","Melbourne","All Airlines","Jun-21",569,249,320,212,219,37,30,2021,6
"Gold Coast-Sydney","Gold Coast","Sydney","All Airlines","Jun-21",681,551,130,473,483,78,68,2021,6
"Hamilton Island-Brisbane","Hamilton Island","Brisbane","All Airlines","Jun-21",68,67,1,55,57,12,10,2021,6
"Hamilton Island-Sydney","Hamilton Island","Sydney","All Airlines","Jun-21",93,80,13,68,69,12,11,2021,6
"Hobart-Brisbane","Hobart","Brisbane","All Airlines","Jun-21",74,74,0,50,49,24,25,2021,6
"Hobart-Melbourne","Hobart","Melbourne","All Airlines","Jun-21",320,146,174,132,131,14,15,2021,6
"Hobart-Sydney","Hobart","Sydney","All Airlines","Jun-21",193,176,17,140,132,36,44,2021,6
"Kalgoorlie-Perth","Kalgoorlie","Perth","All Airlines","Jun-21",131,129,2,102,110,27,19,2021,6
"Karratha-Perth","Karratha","Perth","All Airlines","Jun-21",196,190,6,153,151,37,39,2021,6
"Launceston-Melbourne","Launceston","Melbourne","All Airlines","Jun-21",222,98,124,86,87,12,11,2021,6
"Launceston-Sydney","Launceston","Sydney","All Airlines","Jun-21",75,65,10,45,40,20,25,2021,6
"Mackay-Brisbane","Mackay","Brisbane","All Airlines","Jun-21",233,233,0,197,203,36,30,2021,6
"Melbourne-Adelaide","Melbourne","Adelaide","All Airlines","Jun-21",547,163,384,147,152,16,11,2021,6
"Melbourne-Brisbane","Melbourne","Brisbane","All Airlines","Jun-21",723,281,442,254,253,27,28,2021,6
"Melbourne-Cairns","Melbourne","Cairns","All Airlines","Jun-21",226,129,97,108,109,21,20,2021,6
"Melbourne-Canberra","Melbourne","Canberra","All Airlines","Jun-21",297,142,155,123,129,19,13,2021,6
"Melbourne-Darwin","Melbourne","Darwin","All Airlines","Jun-21",103,69,34,61,56,8,13,2021,6
"Melbourne-Gold Coast","Melbourne","Gold Coast","All Airlines","Jun-21",579,251,328,216,216,35,35,2021,6
"Melbourne-Hobart","Melbourne","Hobart","All Airlines","Jun-21",330,148,182,129,125,19,23,2021,6
"Melbourne-Launceston","Melbourne","Launceston","All Airlines","Jun-21",233,100,133,85,85,15,15,2021,6
"Melbourne-Mildura","Melbourne","Mildura","All Airlines","Jun-21",187,134,53,115,115,19,19,2021,6
"Melbourne-Newcastle","Melbourne","Newcastle","All Airlines","Jun-21",132,67,65,58,59,9,8,2021,6
"Melbourne-Perth","Melbourne","Perth","All Airlines","Jun-21",266,73,193,67,68,6,5,2021,6
"Melbourne-Sunshine Coast","Melbourne","Sunshine Coast","All Airlines","Jun-21",187,97,90,82,79,15,18,2021,6
"Melbourne-Sydney","Melbourne","Sydney","All Airlines","Jun-21",1681,475,1206,440,447,35,28,2021,6
"Mildura-Melbourne","Mildura","Melbourne","All Airlines","Jun-21",185,136,49,116,118,20,18,2021,6
"Mount Isa-Brisbane","Mount Isa","Brisbane","All Airlines","Jun-21",68,68,0,53,63,15,5,2021,6
"Newcastle-Brisbane","Newcastle","Brisbane","All Airlines","Jun-21",209,203,6,182,185,21,18,2021,6
"Newcastle-Melbourne","Newcastle","Melbourne","All Airlines","Jun-21",131,66,65,58,58,8,8,2021,6
"Newman-Perth","Newman","Perth","All Airlines","Jun-21",178,166,12,141,140,25,26,2021,6
"Perth-Adelaide","Perth","Adelaide","All Airlines","Jun-21",162,159,3,147,137,12,22,2021,6
"Perth-Brisbane","Perth","Brisbane","All Airlines","Jun-21",198,193,5,164,156,29,37,2021,6
"Perth-Broome","Perth","Broome","All Airlines","Jun-21",136,133,3,111,123,22,10,2021,6
"Perth-Darwin","Perth","Darwin","All Airlines","Jun-21",55,54,1,46,44,8,10,2021,6
"Perth-Kalgoorlie","Perth","Kalgoorlie","All Airlines","Jun-21",131,129,2,118,114,11,15,2021,6
"Perth-Karratha","Perth","Karratha","All Airlines","Jun-21",193,189,4,160,154,29,35,2021,6
"Perth-Melbourne","Perth","Melbourne","All Airlines","Jun-21",272,77,195,60,58,17,19,2021,6
"Perth-Newman","Perth","Newman","All Airlines","Jun-21",178,167,11,153,156,14,11,2021,6
"Perth-Port Hedland","Perth","Port Hedland","All Airlines","Jun-21",174,168,6,155,149,13,19,2021,6
"Perth-Sydney","Perth","Sydney","All Airlines","Jun-21",286,230,56,175,189,55,41,2021,6
"Port Hedland-Perth","Port Hedland","Perth","All Airlines","Jun-21",174,168,6,142,121,26,47,2021,6
"Port Lincoln-Adelaide","Port Lincoln","Adelaide","All Airlines","Jun-21",281,276,5,244,235,32,41,2021,6
"Port Macquarie-Sydney","Port Macquarie","Sydney","All Airlines","Jun-21",184,171,13,146,139,25,32,2021,6
"Proserpine-Brisbane","Proserpine","Brisbane","All Airlines","Jun-21",63,62,1,48,54,14,8,2021,6
"Rockhampton-Brisbane","Rockhampton","Brisbane","All Airlines","Jun-21",256,247,9,188,195,59,52,2021,6
"Sunshine Coast-Melbourne","Sunshine Coast","Melbourne","All Airlines","Jun-21",188,97,91,78,82,19,15,2021,6
"Sunshine Coast-Sydney","Sunshine Coast","Sydney","All Airlines","Jun-21",212,180,32,150,151,30,29,2021,6
"Sydney-Adelaide","Sydney","Adelaide","All Airlines","Jun-21",433,341,92,305,303,36,38,2021,6
"Sydney-Albury","Sydney","Albury","All Airlines","Jun-21",163,153,10,135,136,18,17,2021,6
"Sydney-Armidale","Sydney","Armidale","All Airlines","Jun-21",133,121,12,96,97,25,24,2021,6
"Sydney-Ballina","Sydney","Ballina","All Airlines","Jun-21",235,205,30,172,155,33,50,2021,6
"Sydney-Brisbane","Sydney","Brisbane","All Airlines","Jun-21",1074,852,222,785,767,67,85,2021,6
"Sydney-Cairns","Sydney","Cairns","All Airlines","Jun-21",209,185,24,169,160,16,25,2021,6
"Sydney-Canberra","Sydney","Canberra","All Airlines","Jun-21",506,416,90,342,329,74,87,2021,6
"Sydney-Coffs Harbour","Sydney","Coffs Harbour","All Airlines","Jun-21",197,186,11,154,155,32,31,2021,6
"Sydney-Dubbo","Sydney","Dubbo","All Airlines","Jun-21",176,159,17,135,137,24,22,2021,6
"Sydney-Gold Coast","Sydney","Gold Coast","All Airlines","Jun-21",681,549,132,490,484,59,65,2021,6
"Sydney-Hamilton Island","Sydney","Hamilton Island","All Airlines","Jun-21",94,79,15,69,70,10,9,2021,6
"Sydney-Hobart","Sydney","Hobart","All Airlines","Jun-21",193,175,18,143,155,32,20,2021,6
"Sydney-Launceston","Sydney","Launceston","All Airlines","Jun-21",75,65,10,44,55,21,10,2021,6
"Sydney-Melbourne","Sydney","Melbourne","All Airlines","Jun-21",1680,479,1201,411,442,68,37,2021,6
"Sydney-Perth","Sydney","Perth","All Airlines","Jun-21",282,231,51,182,203,49,28,2021,6
"Sydney-Port Macquarie","Sydney","Port Macquarie","All Airlines","Jun-21",184,171,13,139,143,32,28,2021,6
"Sydney-Sunshine Coast","Sydney","Sunshine Coast","All Airlines","Jun-21",212,181,31,157,145,24,36,2021,6
"Sydney-Townsville","Sydney","Townsville","All Airlines","Jun-21",31,23,8,19,19,4,4,2021,6
"Sydney-Wagga Wagga","Sydney","Wagga Wagga","All Airlines","Jun-21",165,153,12,128,131,25,22,2021,6
"Townsville-Brisbane","Townsville","Brisbane","All Airlines","Jun-21",277,277,0,216,221,61,56,2021,6
"Townsville-Cairns","Townsville","Cairns","All Airlines","Jun-21",129,128,1,108,112,20,16,2021,6
"Townsville-Sydney","Townsville","Sydney","All Airlines","Jun-21",31,28,3,24,24,4,4,2021,6
"Wagga Wagga-Sydney","Wagga Wagga","Sydney","All Airlines","Jun-21",165,154,11,136,137,18,17,2021,6
"Adelaide-Brisbane","Adelaide","Brisbane","Jetstar","Jul-21",34,10,24,7,8,3,2,2021,7
"Adelaide-Gold Coast","Adelaide","Gold Coast","Jetstar","Jul-21",26,10,16,9,8,1,2,2021,7
"Adelaide-Melbourne","Adelaide","Melbourne","Jetstar","Jul-21",93,47,46,42,42,5,5,2021,7
"Adelaide-Perth","Adelaide","Perth","Jetstar","Jul-21",24,12,12,11,8,1,4,2021,7
"Adelaide-Sydney","Adelaide","Sydney","Jetstar","Jul-21",68,1,67,1,1,0,0,2021,7
"Ballina-Sydney","Ballina","Sydney","Jetstar","Jul-21",52,4,48,4,4,0,0,2021,7
"Brisbane-Adelaide","Brisbane","Adelaide","Jetstar","Jul-21",34,10,24,8,4,2,6,2021,7
"Brisbane-Cairns","Brisbane","Cairns","Jetstar","Jul-21",106,100,6,92,93,8,7,2021,7
"Brisbane-Darwin","Brisbane","Darwin","Jetstar","Jul-21",29,22,7,18,17,4,5,2021,7
"Brisbane-Hobart","Brisbane","Hobart","Jetstar","Jul-21",26,22,4,21,20,1,2,2021,7
"Brisbane-Mackay","Brisbane","Mackay","Jetstar","Jul-21",31,31,0,28,28,3,3,2021,7
"Brisbane-Melbourne","Brisbane","Melbourne","Jetstar","Jul-21",148,42,106,32,32,10,10,2021,7
"Brisbane-Newcastle","Brisbane","Newcastle","Jetstar","Jul-21",54,19,35,18,18,1,1,2021,7
"Brisbane-Proserpine","Brisbane","Proserpine","Jetstar","Jul-21",34,34,0,28,28,6,6,2021,7
"Brisbane-Sydney","Brisbane","Sydney","Jetstar","Jul-21",104,2,102,2,2,0,0,2021,7
"Brisbane-Townsville","Brisbane","Townsville","Jetstar","Jul-21",62,61,1,56,56,5,5,2021,7
"Cairns-Brisbane","Cairns","Brisbane","Jetstar","Jul-21",106,100,6,90,87,10,13,2021,7
"Cairns-Melbourne","Cairns","Melbourne","Jetstar","Jul-21",97,83,14,68,72,15,11,2021,7
"Cairns-Sydney","Cairns","Sydney","Jetstar","Jul-21",55,11,44,10,11,1,0,2021,7
"Darwin-Brisbane","Darwin","Brisbane","Jetstar","Jul-21",29,21,8,15,13,6,8,2021,7
"Darwin-Melbourne","Darwin","Melbourne","Jetstar","Jul-21",30,19,11,12,14,7,5,2021,7
"Gold Coast-Adelaide","Gold Coast","Adelaide","Jetstar","Jul-21",26,10,16,9,8,1,2,2021,7
"Gold Coast-Melbourne","Gold Coast","Melbourne","Jetstar","Jul-21",174,84,90,72,68,12,16,2021,7
"Gold Coast-Sydney","Gold Coast","Sydney","Jetstar","Jul-21",115,6,109,4,5,2,1,2021,7
"Hamilton Island-Sydney","Hamilton Island","Sydney","Jetstar","Jul-21",15,0,15,0,0,0,0,2021,7
"Hobart-Brisbane","Hobart","Brisbane","Jetstar","Jul-21",26,22,4,19,20,3,2,2021,7
"Hobart-Melbourne","Hobart","Melbourne","Jetstar","Jul-21",135,100,35,92,93,8,7,2021,7
"Hobart-Sydney","Hobart","Sydney","Jetstar","Jul-21",46,8,38,8,8,0,0,2021,7
"Launceston-Melbourne","Launceston","Melbourne","Jetstar","Jul-21",66,45,21,41,42,4,3,2021,7
"Launceston-Sydney","Launceston","Sydney","Jetstar","Jul-21",36,18,18,15,15,3,3,2021,7
"Mackay-Brisbane","Mackay","Brisbane","Jetstar","Jul-21",31,31,0,28,28,3,3,2021,7
"Melbourne-Adelaide","Melbourne","Adelaide","Jetstar","Jul-21",93,47,46,39,40,8,7,2021,7
"Melbourne-Brisbane","Melbourne","Brisbane","Jetstar","Jul-21",148,42,106,31,32,11,10,2021,7
"Melbourne-Cairns","Melbourne","Cairns","Jetstar","Jul-21",97,83,14,51,66,32,17,2021,7
"Melbourne-Darwin","Melbourne","Darwin","Jetstar","Jul-21",29,18,11,15,14,3,4,2021,7
"Melbourne-Gold Coast","Melbourne","Gold Coast","Jetstar","Jul-21",174,84,90,61,71,23,13,2021,7
"Melbourne-Hobart","Melbourne","Hobart","Jetstar","Jul-21",135,100,35,94,95,6,5,2021,7
"Melbourne-Launceston","Melbourne","Launceston","Jetstar","Jul-21",66,45,21,40,41,5,4,2021,7
"Melbourne-Newcastle","Melbourne","Newcastle","Jetstar","Jul-21",39,17,22,16,17,1,0,2021,7
"Melbourne-Perth","Melbourne","Perth","Jetstar","Jul-21",33,7,26,4,5,3,2,2021,7
"Melbourne-Sunshine Coast","Melbourne","Sunshine Coast","Jetstar","Jul-21",72,42,30,38,39,4,3,2021,7
"Melbourne-Sydney","Melbourne","Sydney","Jetstar","Jul-21",140,16,124,12,14,4,2,2021,7
"Newcastle-Brisbane","Newcastle","Brisbane","Jetstar","Jul-21",54,19,35,18,18,1,1,2021,7
"Newcastle-Melbourne","Newcastle","Melbourne","Jetstar","Jul-21",39,17,22,16,15,1,2,2021,7
"Perth-Adelaide","Perth","Adelaide","Jetstar","Jul-21",24,12,12,3,6,9,6,2021,7
"Perth-Melbourne","Perth","Melbourne","Jetstar","Jul-21",32,7,25,0,4,7,3,2021,7
"Perth-Sydney","Perth","Sydney","Jetstar","Jul-21",28,0,28,0,0,0,0,2021,7
"Proserpine-Brisbane","Proserpine","Brisbane","Jetstar","Jul-21",34,34,0,29,29,5,5,2021,7
"Sunshine Coast-Melbourne","Sunshine Coast","Melbourne","Jetstar","Jul-21",72,42,30,39,35,3,7,2021,7
"Sunshine Coast-Sydney","Sunshine Coast","Sydney","Jetstar","Jul-21",39,4,35,4,4,0,0,2021,7
"Sydney-Adelaide","Sydney","Adelaide","Jetstar","Jul-21",68,1,67,1,1,0,0,2021,7
"Sydney-Ballina","Sydney","Ballina","Jetstar","Jul-21",52,4,48,4,4,0,0,2021,7
"Sydney-Brisbane","Sydney","Brisbane","Jetstar","Jul-21",103,2,101,2,2,0,0,2021,7
"Sydney-Cairns","Sydney","Cairns","Jetstar","Jul-21",54,11,43,9,9,2,2,2021,7
"Sydney-Gold Coast","Sydney","Gold Coast","Jetstar","Jul-21",115,6,109,5,5,1,1,2021,7
"Sydney-Hamilton Island","Sydney","Hamilton Island","Jetstar","Jul-21",15,0,15,0,0,0,0,2021,7
"Sydney-Hobart","Sydney","Hobart","Jetstar","Jul-21",46,8,38,8,8,0,0,2021,7
"Sydney-Launceston","Sydney","Launceston","Jetstar","Jul-21",36,18,18,17,17,1,1,2021,7
"Sydney-Melbourne","Sydney","Melbourne","Jetstar","Jul-21",140,16,124,12,12,4,4,2021,7
"Sydney-Perth","Sydney","Perth","Jetstar","Jul-21",28,0,28,0,0,0,0,2021,7
"Sydney-Sunshine Coast","Sydney","Sunshine Coast","Jetstar","Jul-21",39,4,35,4,4,0,0,2021,7
"Townsville-Brisbane","Townsville","Brisbane","Jetstar","Jul-21",62,61,1,56,56,5,5,2021,7
"Adelaide-Brisbane","Adelaide","Brisbane","Qantas","Jul-21",83,60,23,50,55,10,5,2021,7
"Adelaide-Canberra","Adelaide","Canberra","Qantas","Jul-21",29,20,9,17,17,3,3,2021,7
"Adelaide-Melbourne","Adelaide","Melbourne","Qantas","Jul-21",147,81,66,74,76,7,5,2021,7
"Adelaide-Perth","Adelaide","Perth","Qantas","Jul-21",69,54,15,48,30,6,24,2021,7
"Adelaide-Sydney","Adelaide","Sydney","Qantas","Jul-21",95,34,61,29,29,5,5,2021,7
"Brisbane-Adelaide","Brisbane","Adelaide","Qantas","Jul-21",82,59,23,56,45,3,14,2021,7
"Brisbane-Cairns","Brisbane","Cairns","Qantas","Jul-21",135,133,2,124,117,9,16,2021,7
"Brisbane-Canberra","Brisbane","Canberra","Qantas","Jul-21",61,45,16,42,40,3,5,2021,7
"Brisbane-Darwin","Brisbane","Darwin","Qantas","Jul-21",43,37,6,34,20,3,17,2021,7
"Brisbane-Hamilton Island","Brisbane","Hamilton Island","Qantas","Jul-21",36,35,1,34,27,1,8,2021,7
"Brisbane-Hobart","Brisbane","Hobart","Qantas","Jul-21",8,7,1,7,7,0,0,2021,7
"Brisbane-Mackay","Brisbane","Mackay","Qantas","Jul-21",108,92,16,84,83,8,9,2021,7
"Brisbane-Melbourne","Brisbane","Melbourne","Qantas","Jul-21",207,127,80,119,114,8,13,2021,7
"Brisbane-Mount Isa","Brisbane","Mount Isa","Qantas","Jul-21",41,39,2,39,36,0,3,2021,7
"Brisbane-Perth","Brisbane","Perth","Qantas","Jul-21",87,54,33,47,16,7,38,2021,7
"Brisbane-Sydney","Brisbane","Sydney","Qantas","Jul-21",233,69,164,58,60,11,9,2021,7
"Brisbane-Townsville","Brisbane","Townsville","Qantas","Jul-21",103,98,5,88,77,10,21,2021,7
"Broome-Perth","Broome","Perth","Qantas","Jul-21",44,44,0,34,35,10,9,2021,7
"Cairns-Brisbane","Cairns","Brisbane","Qantas","Jul-21",135,134,1,123,116,11,18,2021,7
"Cairns-Melbourne","Cairns","Melbourne","Qantas","Jul-21",56,51,5,47,40,4,11,2021,7
"Cairns-Sydney","Cairns","Sydney","Qantas","Jul-21",44,15,29,15,15,0,0,2021,7
"Canberra-Adelaide","Canberra","Adelaide","Qantas","Jul-21",29,20,9,17,17,3,3,2021,7
"Canberra-Brisbane","Canberra","Brisbane","Qantas","Jul-21",61,44,17,42,43,2,1,2021,7
"Canberra-Melbourne","Canberra","Melbourne","Qantas","Jul-21",2,2,0,2,2,0,0,2021,7
"Canberra-Sydney","Canberra","Sydney","Qantas","Jul-21",5,0,5,0,0,0,0,2021,7
"Darwin-Brisbane","Darwin","Brisbane","Qantas","Jul-21",40,35,5,24,20,11,15,2021,7
"Darwin-Melbourne","Darwin","Melbourne","Qantas","Jul-21",57,47,10,35,33,12,14,2021,7
"Darwin-Perth","Darwin","Perth","Qantas","Jul-21",47,39,8,35,32,4,7,2021,7
"Gold Coast-Melbourne","Gold Coast","Melbourne","Qantas","Jul-21",49,39,10,39,36,0,3,2021,7
"Gold Coast-Sydney","Gold Coast","Sydney","Qantas","Jul-21",45,12,33,11,11,1,1,2021,7
"Hamilton Island-Brisbane","Hamilton Island","Brisbane","Qantas","Jul-21",36,35,1,32,33,3,2,2021,7
"Hamilton Island-Sydney","Hamilton Island","Sydney","Qantas","Jul-21",25,9,16,8,9,1,0,2021,7
"Hobart-Brisbane","Hobart","Brisbane","Qantas","Jul-21",8,8,0,7,7,1,1,2021,7
"Hobart-Sydney","Hobart","Sydney","Qantas","Jul-21",13,7,6,7,7,0,0,2021,7
"Kalgoorlie-Perth","Kalgoorlie","Perth","Qantas","Jul-21",12,12,0,9,9,3,3,2021,7
"Karratha-Perth","Karratha","Perth","Qantas","Jul-21",38,37,1,34,35,3,2,2021,7
"Mackay-Brisbane","Mackay","Brisbane","Qantas","Jul-21",109,93,16,83,85,10,8,2021,7
"Melbourne-Adelaide","Melbourne","Adelaide","Qantas","Jul-21",145,81,64,76,75,5,6,2021,7
"Melbourne-Brisbane","Melbourne","Brisbane","Qantas","Jul-21",207,125,82,114,120,11,5,2021,7
"Melbourne-Cairns","Melbourne","Cairns","Qantas","Jul-21",54,49,5,39,40,10,9,2021,7
"Melbourne-Canberra","Melbourne","Canberra","Qantas","Jul-21",2,2,0,1,1,1,1,2021,7
"Melbourne-Darwin","Melbourne","Darwin","Qantas","Jul-21",60,47,13,39,36,8,11,2021,7
"Melbourne-Gold Coast","Melbourne","Gold Coast","Qantas","Jul-21",51,38,13,37,36,1,2,2021,7
"Melbourne-Perth","Melbourne","Perth","Qantas","Jul-21",82,50,32,46,22,4,28,2021,7
"Melbourne-Sydney","Melbourne","Sydney","Qantas","Jul-21",286,83,203,75,78,8,5,2021,7
"Mount Isa-Brisbane","Mount Isa","Brisbane","Qantas","Jul-21",41,39,2,37,39,2,0,2021,7
"Newman-Perth","Newman","Perth","Qantas","Jul-21",22,22,0,20,18,2,4,2021,7
"Perth-Adelaide","Perth","Adelaide","Qantas","Jul-21",69,54,15,42,48,12,6,2021,7
"Perth-Brisbane","Perth","Brisbane","Qantas","Jul-21",89,56,33,30,37,26,19,2021,7
"Perth-Broome","Perth","Broome","Qantas","Jul-21",45,45,0,43,43,2,2,2021,7
"Perth-Darwin","Perth","Darwin","Qantas","Jul-21",47,39,8,39,36,0,3,2021,7
"Perth-Kalgoorlie","Perth","Kalgoorlie","Qantas","Jul-21",12,12,0,11,11,1,1,2021,7
"Perth-Karratha","Perth","Karratha","Qantas","Jul-21",38,37,1,35,36,2,1,2021,7
"Perth-Melbourne","Perth","Melbourne","Qantas","Jul-21",80,50,30,36,42,14,8,2021,7
"Perth-Newman","Perth","Newman","Qantas","Jul-21",22,22,0,22,22,0,0,2021,7
"Perth-Port Hedland","Perth","Port Hedland","Qantas","Jul-21",38,38,0,36,36,2,2,2021,7
"Perth-Sydney","Perth","Sydney","Qantas","Jul-21",67,33,34,27,31,6,2,2021,7
"Port Hedland-Perth","Port Hedland","Perth","Qantas","Jul-21",39,39,0,37,33,2,6,2021,7
"Sydney-Adelaide","Sydney","Adelaide","Qantas","Jul-21",98,35,63,35,32,0,3,2021,7
"Sydney-Brisbane","Sydney","Brisbane","Qantas","Jul-21",233,71,162,62,66,9,5,2021,7
"Sydney-Cairns","Sydney","Cairns","Qantas","Jul-21",44,15,29,15,14,0,1,2021,7
"Sydney-Canberra","Sydney","Canberra","Qantas","Jul-21",7,0,7,0,0,0,0,2021,7
"Sydney-Gold Coast","Sydney","Gold Coast","Qantas","Jul-21",50,12,38,11,11,1,1,2021,7
"Sydney-Hamilton Island","Sydney","Hamilton Island","Qantas","Jul-21",25,9,16,7,8,2,1,2021,7
"Sydney-Hobart","Sydney","Hobart","Qantas","Jul-21",13,7,6,7,7,0,0,2021,7
"Sydney-Melbourne","Sydney","Melbourne","Qantas","Jul-21",270,67,203,61,61,6,6,2021,7
"Sydney-Perth","Sydney","Perth","Qantas","Jul-21",72,34,38,28,17,6,17,2021,7
"Townsville-Brisbane","Townsville","Brisbane","Qantas","Jul-21",104,98,6,82,75,16,23,2021,7
"Adelaide-Alice Springs","Adelaide","Alice Springs","QantasLink","Jul-21",50,38,12,32,33,6,5,2021,7
"Adelaide-Gold Coast","Adelaide","Gold Coast","QantasLink","Jul-21",19,7,12,7,7,0,0,2021,7
"Adelaide-Port Lincoln","Adelaide","Port Lincoln","QantasLink","Jul-21",119,84,35,77,78,7,6,2021,7
"Albury-Sydney","Albury","Sydney","QantasLink","Jul-21",64,31,33,29,29,2,2,2021,7
"Alice Springs-Adelaide","Alice Springs","Adelaide","QantasLink","Jul-21",50,38,12,21,24,17,14,2021,7
"Armidale-Sydney","Armidale","Sydney","QantasLink","Jul-21",43,26,17,21,21,5,5,2021,7
"Ballina-Sydney","Ballina","Sydney","QantasLink","Jul-21",52,27,25,20,17,7,10,2021,7
"Brisbane-Cairns","Brisbane","Cairns","QantasLink","Jul-21",4,4,0,4,3,0,1,2021,7
"Brisbane-Canberra","Brisbane","Canberra","QantasLink","Jul-21",98,70,28,67,65,3,5,2021,7
"Brisbane-Emerald","Brisbane","Emerald","QantasLink","Jul-21",126,114,12,105,103,9,11,2021,7
"Brisbane-Gladstone","Brisbane","Gladstone","QantasLink","Jul-21",116,98,18,91,91,7,7,2021,7
"Brisbane-Hobart","Brisbane","Hobart","QantasLink","Jul-21",6,5,1,4,4,1,1,2021,7
"Brisbane-Mackay","Brisbane","Mackay","QantasLink","Jul-21",5,5,0,3,3,2,2,2021,7
"Brisbane-Mount Isa","Brisbane","Mount Isa","QantasLink","Jul-21",12,12,0,12,12,0,0,2021,7
"Brisbane-Newcastle","Brisbane","Newcastle","QantasLink","Jul-21",78,53,25,50,51,3,2,2021,7
"Brisbane-Rockhampton","Brisbane","Rockhampton","QantasLink","Jul-21",168,157,11,148,145,9,12,2021,7
"Broome-Perth","Broome","Perth","QantasLink","Jul-21",61,54,7,36,36,18,18,2021,7
"Cairns-Brisbane","Cairns","Brisbane","QantasLink","Jul-21",4,4,0,3,3,1,1,2021,7
"Cairns-Townsville","Cairns","Townsville","QantasLink","Jul-21",119,119,0,113,111,6,8,2021,7
"Canberra-Brisbane","Canberra","Brisbane","QantasLink","Jul-21",95,69,26,66,65,3,4,2021,7
"Canberra-Melbourne","Canberra","Melbourne","QantasLink","Jul-21",140,70,70,61,59,9,11,2021,7
"Canberra-Sydney","Canberra","Sydney","QantasLink","Jul-21",163,58,105,45,47,13,11,2021,7
"Coffs Harbour-Sydney","Coffs Harbour","Sydney","QantasLink","Jul-21",63,24,39,23,24,1,0,2021,7
"Dubbo-Sydney","Dubbo","Sydney","QantasLink","Jul-21",69,28,41,27,25,1,3,2021,7
"Emerald-Brisbane","Emerald","Brisbane","QantasLink","Jul-21",126,113,13,105,105,8,8,2021,7
"Gladstone-Brisbane","Gladstone","Brisbane","QantasLink","Jul-21",116,97,19,90,92,7,5,2021,7
"Gold Coast-Adelaide","Gold Coast","Adelaide","QantasLink","Jul-21",19,7,12,7,7,0,0,2021,7
"Hobart-Brisbane","Hobart","Brisbane","QantasLink","Jul-21",6,5,1,5,5,0,0,2021,7
"Hobart-Melbourne","Hobart","Melbourne","QantasLink","Jul-21",102,82,20,67,65,15,17,2021,7
"Hobart-Sydney","Hobart","Sydney","QantasLink","Jul-21",18,3,15,3,3,0,0,2021,7
"Kalgoorlie-Perth","Kalgoorlie","Perth","QantasLink","Jul-21",63,58,5,48,47,10,11,2021,7
"Karratha-Perth","Karratha","Perth","QantasLink","Jul-21",113,95,18,84,77,11,18,2021,7
"Launceston-Melbourne","Launceston","Melbourne","QantasLink","Jul-21",76,60,16,50,49,10,11,2021,7
"Launceston-Sydney","Launceston","Sydney","QantasLink","Jul-21",8,2,6,2,2,0,0,2021,7
"Mackay-Brisbane","Mackay","Brisbane","QantasLink","Jul-21",10,10,0,6,8,4,2,2021,7
"Melbourne-Canberra","Melbourne","Canberra","QantasLink","Jul-21",139,66,73,59,60,7,6,2021,7
"Melbourne-Hobart","Melbourne","Hobart","QantasLink","Jul-21",105,82,23,68,68,14,14,2021,7
"Melbourne-Launceston","Melbourne","Launceston","QantasLink","Jul-21",75,59,16,50,47,9,12,2021,7
"Melbourne-Mildura","Melbourne","Mildura","QantasLink","Jul-21",104,74,30,51,53,23,21,2021,7
"Melbourne-Newcastle","Melbourne","Newcastle","QantasLink","Jul-21",22,6,16,4,3,2,3,2021,7
"Melbourne-Sunshine Coast","Melbourne","Sunshine Coast","QantasLink","Jul-21",30,23,7,21,20,2,3,2021,7
"Melbourne-Gold Coast","Melbourne","Gold Coast","QantasLink","Jul-21",5,4,1,4,4,0,0,2021,7
"Gold Coast-Melbourne","Gold Coast","Melbourne","QantasLink","Jul-21",5,4,1,4,4,0,0,2021,7
"Mildura-Melbourne","Mildura","Melbourne","QantasLink","Jul-21",105,75,30,49,52,26,23,2021,7
"Mount Isa-Brisbane","Mount Isa","Brisbane","QantasLink","Jul-21",12,11,1,11,11,0,0,2021,7
"Newcastle-Brisbane","Newcastle","Brisbane","QantasLink","Jul-21",75,55,20,48,47,7,8,2021,7
"Newcastle-Melbourne","Newcastle","Melbourne","QantasLink","Jul-21",22,6,16,5,5,1,1,2021,7
"Newman-Perth","Newman","Perth","QantasLink","Jul-21",90,82,8,73,65,9,17,2021,7
"Perth-Broome","Perth","Broome","QantasLink","Jul-21",60,55,5,46,49,9,6,2021,7
"Perth-Kalgoorlie","Perth","Kalgoorlie","QantasLink","Jul-21",63,59,4,50,50,9,9,2021,7
"Perth-Karratha","Perth","Karratha","QantasLink","Jul-21",111,94,17,89,82,5,12,2021,7
"Perth-Newman","Perth","Newman","QantasLink","Jul-21",91,83,8,75,75,8,8,2021,7
"Perth-Port Hedland","Perth","Port Hedland","QantasLink","Jul-21",84,76,8,70,67,6,9,2021,7
"Port Hedland-Perth","Port Hedland","Perth","QantasLink","Jul-21",85,77,8,62,57,15,20,2021,7
"Port Lincoln-Adelaide","Port Lincoln","Adelaide","QantasLink","Jul-21",119,85,34,77,78,8,7,2021,7
"Port Macquarie-Sydney","Port Macquarie","Sydney","QantasLink","Jul-21",67,25,42,25,25,0,0,2021,7
"Rockhampton-Brisbane","Rockhampton","Brisbane","QantasLink","Jul-21",169,157,12,137,130,20,27,2021,7
"Sunshine Coast-Melbourne","Sunshine Coast","Melbourne","QantasLink","Jul-21",30,23,7,18,18,5,5,2021,7
"Sunshine Coast-Sydney","Sunshine Coast","Sydney","QantasLink","Jul-21",24,7,17,7,7,0,0,2021,7
"Sydney-Albury","Sydney","Albury","QantasLink","Jul-21",68,30,38,28,29,2,1,2021,7
"Sydney-Armidale","Sydney","Armidale","QantasLink","Jul-21",46,26,20,21,21,5,5,2021,7
"Sydney-Ballina","Sydney","Ballina","QantasLink","Jul-21",56,27,29,23,20,4,7,2021,7
"Sydney-Canberra","Sydney","Canberra","QantasLink","Jul-21",165,59,106,55,49,4,10,2021,7
"Sydney-Coffs Harbour","Sydney","Coffs Harbour","QantasLink","Jul-21",66,26,40,26,26,0,0,2021,7
"Sydney-Dubbo","Sydney","Dubbo","QantasLink","Jul-21",73,28,45,27,27,1,1,2021,7
"Sydney-Hobart","Sydney","Hobart","QantasLink","Jul-21",23,3,20,3,3,0,0,2021,7
"Sydney-Launceston","Sydney","Launceston","QantasLink","Jul-21",8,2,6,2,2,0,0,2021,7
"Sydney-Port Macquarie","Sydney","Port Macquarie","QantasLink","Jul-21",71,25,46,22,22,3,3,2021,7
"Sydney-Sunshine Coast","Sydney","Sunshine Coast","QantasLink","Jul-21",28,7,21,7,7,0,0,2021,7
"Sydney-Wagga Wagga","Sydney","Wagga Wagga","QantasLink","Jul-21",70,30,40,27,29,3,1,2021,7
"Townsville-Cairns","Townsville","Cairns","QantasLink","Jul-21",120,116,4,105,108,11,8,2021,7
"Wagga Wagga-Sydney","Wagga Wagga","Sydney","QantasLink","Jul-21",66,30,36,28,28,2,2,2021,7
"Adelaide-Melbourne","Adelaide","Melbourne","Rex Airlines","Jul-21",48,28,20,26,26,2,2,2021,7
"Adelaide-Port Lincoln","Adelaide","Port Lincoln","Rex Airlines","Jul-21",150,123,27,113,105,10,18,2021,7
"Albury-Sydney","Albury","Sydney","Rex Airlines","Jul-21",39,31,8,28,29,3,2,2021,7
"Armidale-Sydney","Armidale","Sydney","Rex Airlines","Jul-21",27,21,6,17,17,4,4,2021,7
"Ballina-Sydney","Ballina","Sydney","Rex Airlines","Jul-21",9,9,0,8,8,1,1,2021,7
"Cairns-Townsville","Cairns","Townsville","Rex Airlines","Jul-21",21,21,0,18,17,3,4,2021,7
"Canberra-Sydney","Canberra","Sydney","Rex Airlines","Jul-21",59,29,30,22,21,7,8,2021,7
"Coffs Harbour-Sydney","Coffs Harbour","Sydney","Rex Airlines","Jul-21",37,22,15,20,20,2,2,2021,7
"Dubbo-Sydney","Dubbo","Sydney","Rex Airlines","Jul-21",47,37,10,34,35,3,2,2021,7
"Gold Coast-Melbourne","Gold Coast","Melbourne","Rex Airlines","Jul-21",50,29,21,28,26,1,3,2021,7
"Gold Coast-Sydney","Gold Coast","Sydney","Rex Airlines","Jul-21",23,11,12,11,11,0,0,2021,7
"Melbourne-Adelaide","Melbourne","Adelaide","Rex Airlines","Jul-21",52,28,24,26,26,2,2,2021,7
"Melbourne-Gold Coast","Melbourne","Gold Coast","Rex Airlines","Jul-21",50,30,20,29,29,1,1,2021,7
"Melbourne-Mildura","Melbourne","Mildura","Rex Airlines","Jul-21",62,51,11,44,42,7,9,2021,7
"Melbourne-Sydney","Melbourne","Sydney","Rex Airlines","Jul-21",59,9,50,9,9,0,0,2021,7
"Mildura-Melbourne","Mildura","Melbourne","Rex Airlines","Jul-21",58,50,8,46,45,4,5,2021,7
"Port Lincoln-Adelaide","Port Lincoln","Adelaide","Rex Airlines","Jul-21",148,123,25,100,102,23,21,2021,7
"Port Macquarie-Sydney","Port Macquarie","Sydney","Rex Airlines","Jul-21",28,18,10,16,15,2,3,2021,7
"Sydney-Albury","Sydney","Albury","Rex Airlines","Jul-21",40,32,8,28,29,4,3,2021,7
"Sydney-Armidale","Sydney","Armidale","Rex Airlines","Jul-21",26,20,6,17,17,3,3,2021,7
"Sydney-Ballina","Sydney","Ballina","Rex Airlines","Jul-21",9,9,0,8,8,1,1,2021,7
"Sydney-Canberra","Sydney","Canberra","Rex Airlines","Jul-21",60,30,30,25,23,5,7,2021,7
"Sydney-Coffs Harbour","Sydney","Coffs Harbour","Rex Airlines","Jul-21",38,22,16,22,21,0,1,2021,7
"Sydney-Dubbo","Sydney","Dubbo","Rex Airlines","Jul-21",47,35,12,35,35,0,0,2021,7
"Sydney-Gold Coast","Sydney","Gold Coast","Rex Airlines","Jul-21",24,11,13,11,11,0,0,2021,7
"Sydney-Melbourne","Sydney","Melbourne","Rex Airlines","Jul-21",59,9,50,9,9,0,0,2021,7
"Sydney-Port Macquarie","Sydney","Port Macquarie","Rex Airlines","Jul-21",27,17,10,16,17,1,0,2021,7
"Sydney-Wagga Wagga","Sydney","Wagga Wagga","Rex Airlines","Jul-21",41,34,7,25,27,9,7,2021,7
"Townsville-Cairns","Townsville","Cairns","Rex Airlines","Jul-21",21,21,0,18,18,3,3,2021,7
"Wagga Wagga-Sydney","Wagga Wagga","Sydney","Rex Airlines","Jul-21",42,34,8,27,28,7,6,2021,7
"Adelaide-Alice Springs","Adelaide","Alice Springs","Virgin Australia","Jul-21",13,13,0,12,11,1,2,2021,7
"Adelaide-Brisbane","Adelaide","Brisbane","Virgin Australia","Jul-21",74,37,37,30,35,7,2,2021,7
"Adelaide-Canberra","Adelaide","Canberra","Virgin Australia","Jul-21",18,13,5,12,12,1,1,2021,7
"Adelaide-Gold Coast","Adelaide","Gold Coast","Virgin Australia","Jul-21",32,19,13,19,19,0,0,2021,7
"Adelaide-Melbourne","Adelaide","Melbourne","Virgin Australia","Jul-21",169,86,83,74,79,12,7,2021,7
"Adelaide-Perth","Adelaide","Perth","Virgin Australia","Jul-21",30,16,14,13,7,3,9,2021,7
"Adelaide-Sydney","Adelaide","Sydney","Virgin Australia","Jul-21",52,27,25,26,26,1,1,2021,7
"Alice Springs-Adelaide","Alice Springs","Adelaide","Virgin Australia","Jul-21",13,13,0,11,12,2,1,2021,7
"Ballina-Sydney","Ballina","Sydney","Virgin Australia","Jul-21",30,20,10,18,19,2,1,2021,7
"Brisbane-Adelaide","Brisbane","Adelaide","Virgin Australia","Jul-21",74,37,37,35,31,2,6,2021,7
"Brisbane-Cairns","Brisbane","Cairns","Virgin Australia","Jul-21",153,145,8,134,138,11,7,2021,7
"Brisbane-Canberra","Brisbane","Canberra","Virgin Australia","Jul-21",82,76,6,69,70,7,6,2021,7
"Brisbane-Darwin","Brisbane","Darwin","Virgin Australia","Jul-21",41,38,3,37,37,1,1,2021,7
"Brisbane-Emerald","Brisbane","Emerald","Virgin Australia","Jul-21",26,26,0,24,24,2,2,2021,7
"Brisbane-Gladstone","Brisbane","Gladstone","Virgin Australia","Jul-21",53,52,1,51,50,1,2,2021,7
"Brisbane-Hamilton Island","Brisbane","Hamilton Island","Virgin Australia","Jul-21",32,31,1,29,29,2,2,2021,7
"Brisbane-Hobart","Brisbane","Hobart","Virgin Australia","Jul-21",42,38,4,35,34,3,4,2021,7
"Brisbane-Mackay","Brisbane","Mackay","Virgin Australia","Jul-21",105,101,4,95,97,6,4,2021,7
"Brisbane-Melbourne","Brisbane","Melbourne","Virgin Australia","Jul-21",218,120,98,103,86,17,34,2021,7
"Brisbane-Mount Isa","Brisbane","Mount Isa","Virgin Australia","Jul-21",17,17,0,15,15,2,2,2021,7
"Brisbane-Newcastle","Brisbane","Newcastle","Virgin Australia","Jul-21",36,27,9,25,25,2,2,2021,7
"Brisbane-Perth","Brisbane","Perth","Virgin Australia","Jul-21",43,29,14,26,12,3,17,2021,7
"Brisbane-Proserpine","Brisbane","Proserpine","Virgin Australia","Jul-21",39,39,0,37,37,2,2,2021,7
"Brisbane-Rockhampton","Brisbane","Rockhampton","Virgin Australia","Jul-21",103,99,4,92,91,7,8,2021,7
"Brisbane-Sydney","Brisbane","Sydney","Virgin Australia","Jul-21",126,38,88,29,35,9,3,2021,7
"Brisbane-Townsville","Brisbane","Townsville","Virgin Australia","Jul-21",116,111,5,102,105,9,6,2021,7
"Broome-Perth","Broome","Perth","Virgin Australia","Jul-21",23,23,0,14,19,9,4,2021,7
"Cairns-Brisbane","Cairns","Brisbane","Virgin Australia","Jul-21",152,145,7,138,140,7,5,2021,7
"Cairns-Melbourne","Cairns","Melbourne","Virgin Australia","Jul-21",61,48,13,45,46,3,2,2021,7
"Cairns-Sydney","Cairns","Sydney","Virgin Australia","Jul-21",30,19,11,17,17,2,2,2021,7
"Canberra-Adelaide","Canberra","Adelaide","Virgin Australia","Jul-21",17,13,4,12,12,1,1,2021,7
"Canberra-Brisbane","Canberra","Brisbane","Virgin Australia","Jul-21",87,78,9,66,66,12,12,2021,7
"Canberra-Melbourne","Canberra","Melbourne","Virgin Australia","Jul-21",61,41,20,38,38,3,3,2021,7
"Darwin-Brisbane","Darwin","Brisbane","Virgin Australia","Jul-21",41,37,4,33,35,4,2,2021,7
"Darwin-Melbourne","Darwin","Melbourne","Virgin Australia","Jul-21",31,18,13,14,13,4,5,2021,7
"Darwin-Perth","Darwin","Perth","Virgin Australia","Jul-21",3,3,0,3,3,0,0,2021,7
"Emerald-Brisbane","Emerald","Brisbane","Virgin Australia","Jul-21",26,26,0,24,25,2,1,2021,7
"Gladstone-Brisbane","Gladstone","Brisbane","Virgin Australia","Jul-21",53,52,1,49,47,3,5,2021,7
"Gold Coast-Adelaide","Gold Coast","Adelaide","Virgin Australia","Jul-21",32,18,14,18,17,0,1,2021,7
"Gold Coast-Melbourne","Gold Coast","Melbourne","Virgin Australia","Jul-21",231,133,98,129,123,4,10,2021,7
"Gold Coast-Sydney","Gold Coast","Sydney","Virgin Australia","Jul-21",101,33,68,32,32,1,1,2021,7
"Hamilton Island-Brisbane","Hamilton Island","Brisbane","Virgin Australia","Jul-21",31,30,1,27,29,3,1,2021,7
"Hamilton Island-Sydney","Hamilton Island","Sydney","Virgin Australia","Jul-21",18,14,4,14,14,0,0,2021,7
"Hobart-Brisbane","Hobart","Brisbane","Virgin Australia","Jul-21",41,38,3,31,32,7,6,2021,7
"Hobart-Melbourne","Hobart","Melbourne","Virgin Australia","Jul-21",80,60,20,58,57,2,3,2021,7
"Hobart-Sydney","Hobart","Sydney","Virgin Australia","Jul-21",31,20,11,18,18,2,2,2021,7
"Kalgoorlie-Perth","Kalgoorlie","Perth","Virgin Australia","Jul-21",27,26,1,18,17,8,9,2021,7
"Karratha-Perth","Karratha","Perth","Virgin Australia","Jul-21",34,34,0,21,25,13,9,2021,7
"Launceston-Melbourne","Launceston","Melbourne","Virgin Australia","Jul-21",58,47,11,45,46,2,1,2021,7
"Launceston-Sydney","Launceston","Sydney","Virgin Australia","Jul-21",22,18,4,18,18,0,0,2021,7
"Mackay-Brisbane","Mackay","Brisbane","Virgin Australia","Jul-21",105,101,4,95,96,6,5,2021,7
"Melbourne-Adelaide","Melbourne","Adelaide","Virgin Australia","Jul-21",167,87,80,78,78,9,9,2021,7
"Melbourne-Brisbane","Melbourne","Brisbane","Virgin Australia","Jul-21",219,124,95,109,116,15,8,2021,7
"Melbourne-Cairns","Melbourne","Cairns","Virgin Australia","Jul-21",61,48,13,46,46,2,2,2021,7
"Melbourne-Canberra","Melbourne","Canberra","Virgin Australia","Jul-21",60,41,19,38,39,3,2,2021,7
"Melbourne-Darwin","Melbourne","Darwin","Virgin Australia","Jul-21",29,17,12,15,13,2,4,2021,7
"Melbourne-Gold Coast","Melbourne","Gold Coast","Virgin Australia","Jul-21",233,135,98,129,131,6,4,2021,7
"Melbourne-Hobart","Melbourne","Hobart","Virgin Australia","Jul-21",79,59,20,57,58,2,1,2021,7
"Melbourne-Launceston","Melbourne","Launceston","Virgin Australia","Jul-21",57,46,11,43,42,3,4,2021,7
"Melbourne-Newcastle","Melbourne","Newcastle","Virgin Australia","Jul-21",20,19,1,18,19,1,0,2021,7
"Melbourne-Perth","Melbourne","Perth","Virgin Australia","Jul-21",54,30,24,29,21,1,9,2021,7
"Melbourne-Sunshine Coast","Melbourne","Sunshine Coast","Virgin Australia","Jul-21",89,56,33,51,53,5,3,2021,7
"Melbourne-Sydney","Melbourne","Sydney","Virgin Australia","Jul-21",197,49,148,48,48,1,1,2021,7
"Mount Isa-Brisbane","Mount Isa","Brisbane","Virgin Australia","Jul-21",17,17,0,14,15,3,2,2021,7
"Newcastle-Brisbane","Newcastle","Brisbane","Virgin Australia","Jul-21",38,27,11,25,25,2,2,2021,7
"Newcastle-Melbourne","Newcastle","Melbourne","Virgin Australia","Jul-21",21,19,2,19,18,0,1,2021,7
"Newman-Perth","Newman","Perth","Virgin Australia","Jul-21",36,35,1,24,22,11,13,2021,7
"Perth-Adelaide","Perth","Adelaide","Virgin Australia","Jul-21",24,17,7,14,14,3,3,2021,7
"Perth-Brisbane","Perth","Brisbane","Virgin Australia","Jul-21",51,29,22,16,24,13,5,2021,7
"Perth-Broome","Perth","Broome","Virgin Australia","Jul-21",23,23,0,14,20,9,3,2021,7
"Perth-Darwin","Perth","Darwin","Virgin Australia","Jul-21",3,3,0,3,3,0,0,2021,7
"Perth-Kalgoorlie","Perth","Kalgoorlie","Virgin Australia","Jul-21",27,26,1,24,24,2,2,2021,7
"Perth-Karratha","Perth","Karratha","Virgin Australia","Jul-21",34,34,0,31,27,3,7,2021,7
"Perth-Melbourne","Perth","Melbourne","Virgin Australia","Jul-21",51,30,21,7,18,23,12,2021,7
"Perth-Newman","Perth","Newman","Virgin Australia","Jul-21",36,35,1,30,29,5,6,2021,7
"Perth-Port Hedland","Perth","Port Hedland","Virgin Australia","Jul-21",8,8,0,6,6,2,2,2021,7
"Perth-Sydney","Perth","Sydney","Virgin Australia","Jul-21",38,25,13,16,24,9,1,2021,7
"Port Hedland-Perth","Port Hedland","Perth","Virgin Australia","Jul-21",8,8,0,4,5,4,3,2021,7
"Proserpine-Brisbane","Proserpine","Brisbane","Virgin Australia","Jul-21",39,39,0,33,34,6,5,2021,7
"Rockhampton-Brisbane","Rockhampton","Brisbane","Virgin Australia","Jul-21",103,99,4,92,95,7,4,2021,7
"Sunshine Coast-Melbourne","Sunshine Coast","Melbourne","Virgin Australia","Jul-21",86,56,30,51,46,5,10,2021,7
"Sunshine Coast-Sydney","Sunshine Coast","Sydney","Virgin Australia","Jul-21",34,22,12,22,22,0,0,2021,7
"Sydney-Adelaide","Sydney","Adelaide","Virgin Australia","Jul-21",53,27,26,26,27,1,0,2021,7
"Sydney-Ballina","Sydney","Ballina","Virgin Australia","Jul-21",30,20,10,17,18,3,2,2021,7
"Sydney-Brisbane","Sydney","Brisbane","Virgin Australia","Jul-21",125,38,87,38,37,0,1,2021,7
"Sydney-Cairns","Sydney","Cairns","Virgin Australia","Jul-21",32,19,13,17,18,2,1,2021,7
"Sydney-Gold Coast","Sydney","Gold Coast","Virgin Australia","Jul-21",102,33,69,33,33,0,0,2021,7
"Sydney-Hamilton Island","Sydney","Hamilton Island","Virgin Australia","Jul-21",18,14,4,13,13,1,1,2021,7
"Sydney-Hobart","Sydney","Hobart","Virgin Australia","Jul-21",32,20,12,17,17,3,3,2021,7
"Sydney-Launceston","Sydney","Launceston","Virgin Australia","Jul-21",21,18,3,17,17,1,1,2021,7
"Sydney-Melbourne","Sydney","Melbourne","Virgin Australia","Jul-21",196,47,149,46,47,1,0,2021,7
"Sydney-Perth","Sydney","Perth","Virgin Australia","Jul-21",37,25,12,25,16,0,9,2021,7
"Sydney-Sunshine Coast","Sydney","Sunshine Coast","Virgin Australia","Jul-21",35,22,13,22,22,0,0,2021,7
"Townsville-Brisbane","Townsville","Brisbane","Virgin Australia","Jul-21",117,110,7,103,106,7,4,2021,7
"Adelaide-Perth","Adelaide","Perth","Virgin Australia Regional Airlines","Jul-21",8,6,2,3,3,3,3,2021,7
"Broome-Perth","Broome","Perth","Virgin Australia Regional Airlines","Jul-21",17,17,0,8,13,9,4,2021,7
"Darwin-Perth","Darwin","Perth","Virgin Australia Regional Airlines","Jul-21",19,18,1,11,13,7,5,2021,7
"Kalgoorlie-Perth","Kalgoorlie","Perth","Virgin Australia Regional Airlines","Jul-21",30,30,0,23,22,7,8,2021,7
"Karratha-Perth","Karratha","Perth","Virgin Australia Regional Airlines","Jul-21",20,20,0,14,14,6,6,2021,7
"Newman-Perth","Newman","Perth","Virgin Australia Regional Airlines","Jul-21",20,20,0,17,16,3,4,2021,7
"Perth-Adelaide","Perth","Adelaide","Virgin Australia Regional Airlines","Jul-21",8,6,2,3,4,3,2,2021,7
"Perth-Broome","Perth","Broome","Virgin Australia Regional Airlines","Jul-21",17,17,0,12,14,5,3,2021,7
"Perth-Darwin","Perth","Darwin","Virgin Australia Regional Airlines","Jul-21",19,18,1,15,16,3,2,2021,7
"Perth-Kalgoorlie","Perth","Kalgoorlie","Virgin Australia Regional Airlines","Jul-21",30,30,0,27,27,3,3,2021,7
"Perth-Karratha","Perth","Karratha","Virgin Australia Regional Airlines","Jul-21",20,20,0,18,17,2,3,2021,7
"Perth-Newman","Perth","Newman","Virgin Australia Regional Airlines","Jul-21",20,20,0,20,20,0,0,2021,7
"Perth-Port Hedland","Perth","Port Hedland","Virgin Australia Regional Airlines","Jul-21",46,43,3,36,36,7,7,2021,7
"Port Hedland-Perth","Port Hedland","Perth","Virgin Australia Regional Airlines","Jul-21",46,42,4,23,21,19,21,2021,7
"Adelaide-Alice Springs","Adelaide","Alice Springs","All Airlines","Jul-21",63,51,12,44,44,7,7,2021,7
"Adelaide-Brisbane","Adelaide","Brisbane","All Airlines","Jul-21",191,107,84,87,98,20,9,2021,7
"Adelaide-Canberra","Adelaide","Canberra","All Airlines","Jul-21",47,33,14,29,29,4,4,2021,7
"Adelaide-Gold Coast","Adelaide","Gold Coast","All Airlines","Jul-21",77,36,41,35,34,1,2,2021,7
"Adelaide-Melbourne","Adelaide","Melbourne","All Airlines","Jul-21",457,242,215,216,223,26,19,2021,7
"Adelaide-Perth","Adelaide","Perth","All Airlines","Jul-21",131,88,43,75,48,13,40,2021,7
"Adelaide-Port Lincoln","Adelaide","Port Lincoln","All Airlines","Jul-21",269,207,62,190,183,17,24,2021,7
"Adelaide-Sydney","Adelaide","Sydney","All Airlines","Jul-21",215,62,153,56,56,6,6,2021,7
"Albury-Sydney","Albury","Sydney","All Airlines","Jul-21",103,62,41,57,58,5,4,2021,7
"Alice Springs-Adelaide","Alice Springs","Adelaide","All Airlines","Jul-21",63,51,12,32,36,19,15,2021,7
"Armidale-Sydney","Armidale","Sydney","All Airlines","Jul-21",70,47,23,38,38,9,9,2021,7
"Ballina-Sydney","Ballina","Sydney","All Airlines","Jul-21",143,60,83,50,48,10,12,2021,7
"Brisbane-Adelaide","Brisbane","Adelaide","All Airlines","Jul-21",190,106,84,99,80,7,26,2021,7
"Brisbane-Cairns","Brisbane","Cairns","All Airlines","Jul-21",398,382,16,354,351,28,31,2021,7
"Brisbane-Canberra","Brisbane","Canberra","All Airlines","Jul-21",241,191,50,178,175,13,16,2021,7
"Brisbane-Darwin","Brisbane","Darwin","All Airlines","Jul-21",113,97,16,89,74,8,23,2021,7
"Brisbane-Emerald","Brisbane","Emerald","All Airlines","Jul-21",152,140,12,129,127,11,13,2021,7
"Brisbane-Gladstone","Brisbane","Gladstone","All Airlines","Jul-21",169,150,19,142,141,8,9,2021,7
"Brisbane-Hamilton Island","Brisbane","Hamilton Island","All Airlines","Jul-21",68,66,2,63,56,3,10,2021,7
"Brisbane-Hobart","Brisbane","Hobart","All Airlines","Jul-21",82,72,10,67,65,5,7,2021,7
"Brisbane-Mackay","Brisbane","Mackay","All Airlines","Jul-21",249,229,20,210,211,19,18,2021,7
"Brisbane-Melbourne","Brisbane","Melbourne","All Airlines","Jul-21",573,289,284,254,232,35,57,2021,7
"Brisbane-Mount Isa","Brisbane","Mount Isa","All Airlines","Jul-21",70,68,2,66,63,2,5,2021,7
"Brisbane-Newcastle","Brisbane","Newcastle","All Airlines","Jul-21",168,99,69,93,94,6,5,2021,7
"Brisbane-Perth","Brisbane","Perth","All Airlines","Jul-21",130,83,47,73,28,10,55,2021,7
"Brisbane-Proserpine","Brisbane","Proserpine","All Airlines","Jul-21",73,73,0,65,65,8,8,2021,7
"Brisbane-Rockhampton","Brisbane","Rockhampton","All Airlines","Jul-21",271,256,15,240,236,16,20,2021,7
"Brisbane-Sydney","Brisbane","Sydney","All Airlines","Jul-21",463,109,354,89,97,20,12,2021,7
"Brisbane-Townsville","Brisbane","Townsville","All Airlines","Jul-21",281,270,11,246,238,24,32,2021,7
"Broome-Perth","Broome","Perth","All Airlines","Jul-21",145,138,7,92,103,46,35,2021,7
"Cairns-Brisbane","Cairns","Brisbane","All Airlines","Jul-21",397,383,14,354,346,29,37,2021,7
"Cairns-Melbourne","Cairns","Melbourne","All Airlines","Jul-21",214,182,32,160,158,22,24,2021,7
"Cairns-Sydney","Cairns","Sydney","All Airlines","Jul-21",129,45,84,42,43,3,2,2021,7
"Cairns-Townsville","Cairns","Townsville","All Airlines","Jul-21",140,140,0,131,128,9,12,2021,7
"Canberra-Adelaide","Canberra","Adelaide","All Airlines","Jul-21",46,33,13,29,29,4,4,2021,7
"Canberra-Brisbane","Canberra","Brisbane","All Airlines","Jul-21",243,191,52,174,174,17,17,2021,7
"Canberra-Melbourne","Canberra","Melbourne","All Airlines","Jul-21",203,113,90,101,99,12,14,2021,7
"Canberra-Sydney","Canberra","Sydney","All Airlines","Jul-21",227,87,140,67,68,20,19,2021,7
"Coffs Harbour-Sydney","Coffs Harbour","Sydney","All Airlines","Jul-21",100,46,54,43,44,3,2,2021,7
"Darwin-Brisbane","Darwin","Brisbane","All Airlines","Jul-21",110,93,17,72,68,21,25,2021,7
"Darwin-Melbourne","Darwin","Melbourne","All Airlines","Jul-21",118,84,34,61,60,23,24,2021,7
"Darwin-Perth","Darwin","Perth","All Airlines","Jul-21",69,60,9,49,48,11,12,2021,7
"Dubbo-Sydney","Dubbo","Sydney","All Airlines","Jul-21",116,65,51,61,60,4,5,2021,7
"Emerald-Brisbane","Emerald","Brisbane","All Airlines","Jul-21",152,139,13,129,130,10,9,2021,7
"Gladstone-Brisbane","Gladstone","Brisbane","All Airlines","Jul-21",169,149,20,139,139,10,10,2021,7
"Gold Coast-Adelaide","Gold Coast","Adelaide","All Airlines","Jul-21",77,35,42,34,32,1,3,2021,7
"Gold Coast-Melbourne","Gold Coast","Melbourne","All Airlines","Jul-21",509,289,220,272,257,17,32,2021,7
"Gold Coast-Sydney","Gold Coast","Sydney","All Airlines","Jul-21",284,62,222,58,59,4,3,2021,7
"Hamilton Island-Brisbane","Hamilton Island","Brisbane","All Airlines","Jul-21",67,65,2,59,62,6,3,2021,7
"Hamilton Island-Sydney","Hamilton Island","Sydney","All Airlines","Jul-21",58,23,35,22,23,1,0,2021,7
"Hobart-Brisbane","Hobart","Brisbane","All Airlines","Jul-21",81,73,8,62,64,11,9,2021,7
"Hobart-Melbourne","Hobart","Melbourne","All Airlines","Jul-21",317,242,75,217,215,25,27,2021,7
"Hobart-Sydney","Hobart","Sydney","All Airlines","Jul-21",108,38,70,36,36,2,2,2021,7
"Kalgoorlie-Perth","Kalgoorlie","Perth","All Airlines","Jul-21",132,126,6,98,95,28,31,2021,7
"Karratha-Perth","Karratha","Perth","All Airlines","Jul-21",205,186,19,153,151,33,35,2021,7
"Launceston-Melbourne","Launceston","Melbourne","All Airlines","Jul-21",200,152,48,136,137,16,15,2021,7
"Launceston-Sydney","Launceston","Sydney","All Airlines","Jul-21",66,38,28,35,35,3,3,2021,7
"Mackay-Brisbane","Mackay","Brisbane","All Airlines","Jul-21",255,235,20,212,217,23,18,2021,7
"Melbourne-Adelaide","Melbourne","Adelaide","All Airlines","Jul-21",457,243,214,219,219,24,24,2021,7
"Melbourne-Brisbane","Melbourne","Brisbane","All Airlines","Jul-21",574,291,283,254,268,37,23,2021,7
"Melbourne-Cairns","Melbourne","Cairns","All Airlines","Jul-21",212,180,32,136,152,44,28,2021,7
"Melbourne-Canberra","Melbourne","Canberra","All Airlines","Jul-21",201,109,92,98,100,11,9,2021,7
"Melbourne-Darwin","Melbourne","Darwin","All Airlines","Jul-21",118,82,36,69,63,13,19,2021,7
"Melbourne-Gold Coast","Melbourne","Gold Coast","All Airlines","Jul-21",513,291,222,260,271,31,20,2021,7
"Melbourne-Hobart","Melbourne","Hobart","All Airlines","Jul-21",319,241,78,219,221,22,20,2021,7
"Melbourne-Launceston","Melbourne","Launceston","All Airlines","Jul-21",198,150,48,133,130,17,20,2021,7
"Melbourne-Mildura","Melbourne","Mildura","All Airlines","Jul-21",166,125,41,95,95,30,30,2021,7
"Melbourne-Newcastle","Melbourne","Newcastle","All Airlines","Jul-21",81,42,39,38,39,4,3,2021,7
"Melbourne-Perth","Melbourne","Perth","All Airlines","Jul-21",169,87,82,79,48,8,39,2021,7
"Melbourne-Sunshine Coast","Melbourne","Sunshine Coast","All Airlines","Jul-21",191,121,70,110,112,11,9,2021,7
"Melbourne-Sydney","Melbourne","Sydney","All Airlines","Jul-21",682,157,525,144,149,13,8,2021,7
"Mildura-Melbourne","Mildura","Melbourne","All Airlines","Jul-21",163,125,38,95,97,30,28,2021,7
"Mount Isa-Brisbane","Mount Isa","Brisbane","All Airlines","Jul-21",70,67,3,62,65,5,2,2021,7
"Newcastle-Brisbane","Newcastle","Brisbane","All Airlines","Jul-21",167,101,66,91,90,10,11,2021,7
"Newcastle-Melbourne","Newcastle","Melbourne","All Airlines","Jul-21",82,42,40,40,38,2,4,2021,7
"Newman-Perth","Newman","Perth","All Airlines","Jul-21",168,159,9,134,121,25,38,2021,7
"Perth-Adelaide","Perth","Adelaide","All Airlines","Jul-21",125,89,36,62,72,27,17,2021,7
"Perth-Brisbane","Perth","Brisbane","All Airlines","Jul-21",140,85,55,46,61,39,24,2021,7
"Perth-Broome","Perth","Broome","All Airlines","Jul-21",145,140,5,115,126,25,14,2021,7
"Perth-Darwin","Perth","Darwin","All Airlines","Jul-21",69,60,9,57,55,3,5,2021,7
"Perth-Kalgoorlie","Perth","Kalgoorlie","All Airlines","Jul-21",132,127,5,112,112,15,15,2021,7
"Perth-Karratha","Perth","Karratha","All Airlines","Jul-21",203,185,18,173,162,12,23,2021,7
"Perth-Melbourne","Perth","Melbourne","All Airlines","Jul-21",163,87,76,43,64,44,23,2021,7
"Perth-Newman","Perth","Newman","All Airlines","Jul-21",169,160,9,147,146,13,14,2021,7
"Perth-Port Hedland","Perth","Port Hedland","All Airlines","Jul-21",176,165,11,148,145,17,20,2021,7
"Perth-Sydney","Perth","Sydney","All Airlines","Jul-21",133,58,75,43,55,15,3,2021,7
"Port Hedland-Perth","Port Hedland","Perth","All Airlines","Jul-21",178,166,12,126,116,40,50,2021,7
"Port Lincoln-Adelaide","Port Lincoln","Adelaide","All Airlines","Jul-21",267,208,59,177,180,31,28,2021,7
"Port Macquarie-Sydney","Port Macquarie","Sydney","All Airlines","Jul-21",95,43,52,41,40,2,3,2021,7
"Proserpine-Brisbane","Proserpine","Brisbane","All Airlines","Jul-21",73,73,0,62,63,11,10,2021,7
"Rockhampton-Brisbane","Rockhampton","Brisbane","All Airlines","Jul-21",272,256,16,229,225,27,31,2021,7
"Sunshine Coast-Melbourne","Sunshine Coast","Melbourne","All Airlines","Jul-21",188,121,67,108,99,13,22,2021,7
"Sunshine Coast-Sydney","Sunshine Coast","Sydney","All Airlines","Jul-21",97,33,64,33,33,0,0,2021,7
"Sydney-Adelaide","Sydney","Adelaide","All Airlines","Jul-21",219,63,156,62,60,1,3,2021,7
"Sydney-Albury","Sydney","Albury","All Airlines","Jul-21",108,62,46,56,58,6,4,2021,7
"Sydney-Armidale","Sydney","Armidale","All Airlines","Jul-21",72,46,26,38,38,8,8,2021,7
"Sydney-Ballina","Sydney","Ballina","All Airlines","Jul-21",147,60,87,52,50,8,10,2021,7
"Sydney-Brisbane","Sydney","Brisbane","All Airlines","Jul-21",461,111,350,102,105,9,6,2021,7
"Sydney-Cairns","Sydney","Cairns","All Airlines","Jul-21",130,45,85,41,41,4,4,2021,7
"Sydney-Canberra","Sydney","Canberra","All Airlines","Jul-21",232,89,143,80,72,9,17,2021,7
"Sydney-Coffs Harbour","Sydney","Coffs Harbour","All Airlines","Jul-21",104,48,56,48,47,0,1,2021,7
"Sydney-Dubbo","Sydney","Dubbo","All Airlines","Jul-21",120,63,57,62,62,1,1,2021,7
"Sydney-Gold Coast","Sydney","Gold Coast","All Airlines","Jul-21",291,62,229,60,60,2,2,2021,7
"Sydney-Hamilton Island","Sydney","Hamilton Island","All Airlines","Jul-21",58,23,35,20,21,3,2,2021,7
"Sydney-Hobart","Sydney","Hobart","All Airlines","Jul-21",114,38,76,35,35,3,3,2021,7
"Sydney-Launceston","Sydney","Launceston","All Airlines","Jul-21",65,38,27,36,36,2,2,2021,7
"Sydney-Melbourne","Sydney","Melbourne","All Airlines","Jul-21",665,139,526,128,129,11,10,2021,7
"Sydney-Perth","Sydney","Perth","All Airlines","Jul-21",137,59,78,53,33,6,26,2021,7
"Sydney-Port Macquarie","Sydney","Port Macquarie","All Airlines","Jul-21",98,42,56,38,39,4,3,2021,7
"Sydney-Sunshine Coast","Sydney","Sunshine Coast","All Airlines","Jul-21",102,33,69,33,33,0,0,2021,7
"Sydney-Wagga Wagga","Sydney","Wagga Wagga","All Airlines","Jul-21",111,64,47,52,56,12,8,2021,7
"Townsville-Brisbane","Townsville","Brisbane","All Airlines","Jul-21",283,269,14,241,237,28,32,2021,7
"Townsville-Cairns","Townsville","Cairns","All Airlines","Jul-21",141,137,4,123,126,14,11,2021,7
"Wagga Wagga-Sydney","Wagga Wagga","Sydney","All Airlines","Jul-21",108,64,44,55,56,9,8,2021,7
"Adelaide-Brisbane","Adelaide","Brisbane","Jetstar","Aug-21",26,14,12,13,14,1,0,2021,8
"Adelaide-Gold Coast","Adelaide","Gold Coast","Jetstar","Aug-21",21,18,3,16,16,2,2,2021,8
"Adelaide-Melbourne","Adelaide","Melbourne","Jetstar","Aug-21",25,14,11,11,12,3,2,2021,8
"Adelaide-Perth","Adelaide","Perth","Jetstar","Aug-21",12,2,10,2,2,0,0,2021,8
"Adelaide-Sydney","Adelaide","Sydney","Jetstar","Aug-21",17,17,0,17,17,0,0,2021,8
"Brisbane-Adelaide","Brisbane","Adelaide","Jetstar","Aug-21",26,14,12,11,11,3,3,2021,8
"Brisbane-Cairns","Brisbane","Cairns","Jetstar","Aug-21",89,62,27,54,52,8,10,2021,8
"Brisbane-Darwin","Brisbane","Darwin","Jetstar","Aug-21",27,11,16,10,7,1,4,2021,8
"Brisbane-Hobart","Brisbane","Hobart","Jetstar","Aug-21",22,17,5,14,14,3,3,2021,8
"Brisbane-Mackay","Brisbane","Mackay","Jetstar","Aug-21",31,26,5,24,24,2,2,2021,8
"Brisbane-Melbourne","Brisbane","Melbourne","Jetstar","Aug-21",29,11,18,8,8,3,3,2021,8
"Brisbane-Newcastle","Brisbane","Newcastle","Jetstar","Aug-21",9,9,0,8,8,1,1,2021,8
"Brisbane-Proserpine","Brisbane","Proserpine","Jetstar","Aug-21",31,30,1,28,25,2,5,2021,8
"Brisbane-Sydney","Brisbane","Sydney","Jetstar","Aug-21",11,0,11,0,0,0,0,2021,8
"Brisbane-Townsville","Brisbane","Townsville","Jetstar","Aug-21",55,45,10,40,39,5,6,2021,8
"Cairns-Brisbane","Cairns","Brisbane","Jetstar","Aug-21",89,62,27,57,59,5,3,2021,8
"Cairns-Melbourne","Cairns","Melbourne","Jetstar","Aug-21",39,17,22,17,17,0,0,2021,8
"Cairns-Sydney","Cairns","Sydney","Jetstar","Aug-21",13,13,0,11,12,2,1,2021,8
"Darwin-Brisbane","Darwin","Brisbane","Jetstar","Aug-21",28,12,16,6,11,6,1,2021,8
"Darwin-Melbourne","Darwin","Melbourne","Jetstar","Aug-21",16,5,11,3,3,2,2,2021,8
"Gold Coast-Adelaide","Gold Coast","Adelaide","Jetstar","Aug-21",21,18,3,17,16,1,2,2021,8
"Gold Coast-Melbourne","Gold Coast","Melbourne","Jetstar","Aug-21",55,5,50,5,5,0,0,2021,8
"Hamilton Island-Sydney","Hamilton Island","Sydney","Jetstar","Aug-21",7,3,4,3,3,0,0,2021,8
"Hobart-Brisbane","Hobart","Brisbane","Jetstar","Aug-21",22,17,5,13,13,4,4,2021,8
"Hobart-Melbourne","Hobart","Melbourne","Jetstar","Aug-21",42,20,22,18,19,2,1,2021,8
"Hobart-Sydney","Hobart","Sydney","Jetstar","Aug-21",15,11,4,11,11,0,0,2021,8
"Launceston-Melbourne","Launceston","Melbourne","Jetstar","Aug-21",27,3,24,3,3,0,0,2021,8
"Launceston-Sydney","Launceston","Sydney","Jetstar","Aug-21",14,14,0,13,14,1,0,2021,8
"Mackay-Brisbane","Mackay","Brisbane","Jetstar","Aug-21",31,26,5,24,25,2,1,2021,8
"Melbourne-Adelaide","Melbourne","Adelaide","Jetstar","Aug-21",25,14,11,12,11,2,3,2021,8
"Melbourne-Brisbane","Melbourne","Brisbane","Jetstar","Aug-21",29,11,18,9,9,2,2,2021,8
"Melbourne-Cairns","Melbourne","Cairns","Jetstar","Aug-21",39,17,22,16,17,1,0,2021,8
"Melbourne-Darwin","Melbourne","Darwin","Jetstar","Aug-21",16,5,11,3,3,2,2,2021,8
"Melbourne-Gold Coast","Melbourne","Gold Coast","Jetstar","Aug-21",55,5,50,4,4,1,1,2021,8
"Melbourne-Hobart","Melbourne","Hobart","Jetstar","Aug-21",42,20,22,19,20,1,0,2021,8
"Melbourne-Launceston","Melbourne","Launceston","Jetstar","Aug-21",27,3,24,3,3,0,0,2021,8
"Melbourne-Newcastle","Melbourne","Newcastle","Jetstar","Aug-21",18,17,1,16,16,1,1,2021,8
"Melbourne-Perth","Melbourne","Perth","Jetstar","Aug-21",3,0,3,0,0,0,0,2021,8
"Melbourne-Sunshine Coast","Melbourne","Sunshine Coast","Jetstar","Aug-21",27,3,24,3,3,0,0,2021,8
"Melbourne-Sydney","Melbourne","Sydney","Jetstar","Aug-21",18,1,17,1,1,0,0,2021,8
"Newcastle-Brisbane","Newcastle","Brisbane","Jetstar","Aug-21",9,9,0,8,8,1,1,2021,8
"Newcastle-Melbourne","Newcastle","Melbourne","Jetstar","Aug-21",18,17,1,16,16,1,1,2021,8
"Perth-Adelaide","Perth","Adelaide","Jetstar","Aug-21",12,2,10,1,2,1,0,2021,8
"Perth-Melbourne","Perth","Melbourne","Jetstar","Aug-21",3,0,3,0,0,0,0,2021,8
"Proserpine-Brisbane","Proserpine","Brisbane","Jetstar","Aug-21",31,30,1,24,24,6,6,2021,8
"Sunshine Coast-Melbourne","Sunshine Coast","Melbourne","Jetstar","Aug-21",27,3,24,3,3,0,0,2021,8
"Sydney-Adelaide","Sydney","Adelaide","Jetstar","Aug-21",17,17,0,16,17,1,0,2021,8
"Sydney-Brisbane","Sydney","Brisbane","Jetstar","Aug-21",10,0,10,0,0,0,0,2021,8
"Sydney-Cairns","Sydney","Cairns","Jetstar","Aug-21",13,13,0,12,12,1,1,2021,8
"Sydney-Hamilton Island","Sydney","Hamilton Island","Jetstar","Aug-21",7,3,4,3,3,0,0,2021,8
"Sydney-Hobart","Sydney","Hobart","Jetstar","Aug-21",15,11,4,11,11,0,0,2021,8
"Sydney-Launceston","Sydney","Launceston","Jetstar","Aug-21",14,14,0,13,13,1,1,2021,8
"Sydney-Melbourne","Sydney","Melbourne","Jetstar","Aug-21",18,1,17,1,1,0,0,2021,8
"Townsville-Brisbane","Townsville","Brisbane","Jetstar","Aug-21",55,45,10,36,38,9,7,2021,8
"Adelaide-Alice Springs","Adelaide","Alice Springs","Qantas","Aug-21",16,15,1,14,13,1,2,2021,8
"Adelaide-Brisbane","Adelaide","Brisbane","Qantas","Aug-21",35,15,20,15,14,0,1,2021,8
"Adelaide-Canberra","Adelaide","Canberra","Qantas","Aug-21",22,12,10,12,12,0,0,2021,8
"Adelaide-Melbourne","Adelaide","Melbourne","Qantas","Aug-21",54,24,30,24,24,0,0,2021,8
"Adelaide-Perth","Adelaide","Perth","Qantas","Aug-21",47,25,22,24,22,1,3,2021,8
"Alice Springs-Adelaide","Alice Springs","Adelaide","Qantas","Aug-21",16,15,1,12,13,3,2,2021,8
"Brisbane-Adelaide","Brisbane","Adelaide","Qantas","Aug-21",36,14,22,14,14,0,0,2021,8
"Brisbane-Cairns","Brisbane","Cairns","Qantas","Aug-21",122,85,37,81,73,4,12,2021,8
"Brisbane-Canberra","Brisbane","Canberra","Qantas","Aug-21",19,4,15,4,4,0,0,2021,8
"Brisbane-Darwin","Brisbane","Darwin","Qantas","Aug-21",50,38,12,35,25,3,13,2021,8
"Brisbane-Hamilton Island","Brisbane","Hamilton Island","Qantas","Aug-21",33,26,7,26,22,0,4,2021,8
"Brisbane-Hobart","Brisbane","Hobart","Qantas","Aug-21",9,2,7,2,2,0,0,2021,8
"Brisbane-Mackay","Brisbane","Mackay","Qantas","Aug-21",76,41,35,41,40,0,1,2021,8
"Brisbane-Melbourne","Brisbane","Melbourne","Qantas","Aug-21",73,21,52,19,19,2,2,2021,8
"Brisbane-Mount Isa","Brisbane","Mount Isa","Qantas","Aug-21",46,35,11,35,32,0,3,2021,8
"Brisbane-Perth","Brisbane","Perth","Qantas","Aug-21",70,23,47,19,16,4,7,2021,8
"Brisbane-Sydney","Brisbane","Sydney","Qantas","Aug-21",43,33,10,27,28,6,5,2021,8
"Brisbane-Townsville","Brisbane","Townsville","Qantas","Aug-21",93,60,33,55,48,5,12,2021,8
"Broome-Perth","Broome","Perth","Qantas","Aug-21",62,61,1,54,54,7,7,2021,8
"Cairns-Brisbane","Cairns","Brisbane","Qantas","Aug-21",118,84,34,76,77,8,7,2021,8
"Cairns-Melbourne","Cairns","Melbourne","Qantas","Aug-21",10,0,10,0,0,0,0,2021,8
"Canberra-Adelaide","Canberra","Adelaide","Qantas","Aug-21",22,12,10,12,12,0,0,2021,8
"Canberra-Brisbane","Canberra","Brisbane","Qantas","Aug-21",17,4,13,4,4,0,0,2021,8
"Darwin-Brisbane","Darwin","Brisbane","Qantas","Aug-21",45,35,10,22,22,13,13,2021,8
"Darwin-Melbourne","Darwin","Melbourne","Qantas","Aug-21",53,43,10,40,37,3,6,2021,8
"Darwin-Perth","Darwin","Perth","Qantas","Aug-21",45,42,3,37,30,5,12,2021,8
"Gold Coast-Melbourne","Gold Coast","Melbourne","Qantas","Aug-21",11,0,11,0,0,0,0,2021,8
"Hamilton Island-Brisbane","Hamilton Island","Brisbane","Qantas","Aug-21",33,26,7,23,23,3,3,2021,8
"Hamilton Island-Sydney","Hamilton Island","Sydney","Qantas","Aug-21",6,1,5,1,1,0,0,2021,8
"Hobart-Brisbane","Hobart","Brisbane","Qantas","Aug-21",9,2,7,1,1,1,1,2021,8
"Kalgoorlie-Perth","Kalgoorlie","Perth","Qantas","Aug-21",20,20,0,14,15,6,5,2021,8
"Karratha-Perth","Karratha","Perth","Qantas","Aug-21",32,30,2,29,29,1,1,2021,8
"Mackay-Brisbane","Mackay","Brisbane","Qantas","Aug-21",75,41,34,40,40,1,1,2021,8
"Melbourne-Adelaide","Melbourne","Adelaide","Qantas","Aug-21",54,24,30,24,24,0,0,2021,8
"Melbourne-Brisbane","Melbourne","Brisbane","Qantas","Aug-21",73,21,52,19,19,2,2,2021,8
"Melbourne-Cairns","Melbourne","Cairns","Qantas","Aug-21",10,0,10,0,0,0,0,2021,8
"Melbourne-Darwin","Melbourne","Darwin","Qantas","Aug-21",54,43,11,43,39,0,4,2021,8
"Melbourne-Gold Coast","Melbourne","Gold Coast","Qantas","Aug-21",11,0,11,0,0,0,0,2021,8
"Melbourne-Perth","Melbourne","Perth","Qantas","Aug-21",44,30,14,23,23,7,7,2021,8
"Melbourne-Sydney","Melbourne","Sydney","Qantas","Aug-21",56,46,10,35,39,11,7,2021,8
"Mount Isa-Brisbane","Mount Isa","Brisbane","Qantas","Aug-21",46,35,11,33,34,2,1,2021,8
"Newman-Perth","Newman","Perth","Qantas","Aug-21",13,13,0,11,11,2,2,2021,8
"Perth-Adelaide","Perth","Adelaide","Qantas","Aug-21",48,26,22,24,25,2,1,2021,8
"Perth-Brisbane","Perth","Brisbane","Qantas","Aug-21",66,23,43,14,13,9,10,2021,8
"Perth-Broome","Perth","Broome","Qantas","Aug-21",62,61,1,57,58,4,3,2021,8
"Perth-Darwin","Perth","Darwin","Qantas","Aug-21",45,42,3,38,38,4,4,2021,8
"Perth-Kalgoorlie","Perth","Kalgoorlie","Qantas","Aug-21",20,20,0,19,18,1,2,2021,8
"Perth-Karratha","Perth","Karratha","Qantas","Aug-21",33,31,2,30,28,1,3,2021,8
"Perth-Melbourne","Perth","Melbourne","Qantas","Aug-21",43,29,14,25,27,4,2,2021,8
"Perth-Newman","Perth","Newman","Qantas","Aug-21",13,13,0,11,11,2,2,2021,8
"Perth-Port Hedland","Perth","Port Hedland","Qantas","Aug-21",43,42,1,41,37,1,5,2021,8
"Perth-Sydney","Perth","Sydney","Qantas","Aug-21",27,26,1,19,21,7,5,2021,8
"Port Hedland-Perth","Port Hedland","Perth","Qantas","Aug-21",44,43,1,34,32,9,11,2021,8
"Sydney-Brisbane","Sydney","Brisbane","Qantas","Aug-21",45,34,11,27,28,7,6,2021,8
"Sydney-Hamilton Island","Sydney","Hamilton Island","Qantas","Aug-21",6,1,5,1,1,0,0,2021,8
"Sydney-Melbourne","Sydney","Melbourne","Qantas","Aug-21",46,36,10,27,30,9,6,2021,8
"Sydney-Perth","Sydney","Perth","Qantas","Aug-21",27,26,1,18,14,8,12,2021,8
"Townsville-Brisbane","Townsville","Brisbane","Qantas","Aug-21",89,59,30,52,50,7,9,2021,8
"Adelaide-Alice Springs","Adelaide","Alice Springs","QantasLink","Aug-21",25,22,3,20,15,2,7,2021,8
"Adelaide-Port Lincoln","Adelaide","Port Lincoln","QantasLink","Aug-21",28,23,5,21,22,2,1,2021,8
"Albury-Sydney","Albury","Sydney","QantasLink","Aug-21",20,13,7,12,12,1,1,2021,8
"Alice Springs-Adelaide","Alice Springs","Adelaide","QantasLink","Aug-21",25,22,3,13,16,9,6,2021,8
"Armidale-Sydney","Armidale","Sydney","QantasLink","Aug-21",14,10,4,9,9,1,1,2021,8
"Ballina-Sydney","Ballina","Sydney","QantasLink","Aug-21",13,8,5,7,7,1,1,2021,8
"Brisbane-Cairns","Brisbane","Cairns","QantasLink","Aug-21",3,2,1,2,1,0,1,2021,8
"Brisbane-Canberra","Brisbane","Canberra","QantasLink","Aug-21",66,35,31,33,33,2,2,2021,8
"Brisbane-Emerald","Brisbane","Emerald","QantasLink","Aug-21",123,89,34,80,81,9,8,2021,8
"Brisbane-Gladstone","Brisbane","Gladstone","QantasLink","Aug-21",99,66,33,62,62,4,4,2021,8
"Brisbane-Hobart","Brisbane","Hobart","QantasLink","Aug-21",4,3,1,2,2,1,1,2021,8
"Brisbane-Mackay","Brisbane","Mackay","QantasLink","Aug-21",15,11,4,10,10,1,1,2021,8
"Brisbane-Mount Isa","Brisbane","Mount Isa","QantasLink","Aug-21",3,3,0,2,2,1,1,2021,8
"Brisbane-Newcastle","Brisbane","Newcastle","QantasLink","Aug-21",6,0,6,0,0,0,0,2021,8
"Brisbane-Rockhampton","Brisbane","Rockhampton","QantasLink","Aug-21",136,102,34,99,97,3,5,2021,8
"Broome-Perth","Broome","Perth","QantasLink","Aug-21",41,38,3,35,35,3,3,2021,8
"Cairns-Brisbane","Cairns","Brisbane","QantasLink","Aug-21",3,2,1,1,1,1,1,2021,8
"Cairns-Townsville","Cairns","Townsville","QantasLink","Aug-21",120,120,0,109,112,11,8,2021,8
"Canberra-Brisbane","Canberra","Brisbane","QantasLink","Aug-21",65,37,28,36,36,1,1,2021,8
"Canberra-Melbourne","Canberra","Melbourne","QantasLink","Aug-21",48,26,22,25,25,1,1,2021,8
"Darwin-Perth","Darwin","Perth","QantasLink","Aug-21",6,5,1,3,4,2,1,2021,8
"Dubbo-Sydney","Dubbo","Sydney","QantasLink","Aug-21",16,10,6,8,8,2,2,2021,8
"Emerald-Brisbane","Emerald","Brisbane","QantasLink","Aug-21",123,89,34,84,86,5,3,2021,8
"Gladstone-Brisbane","Gladstone","Brisbane","QantasLink","Aug-21",98,67,31,61,61,6,6,2021,8
"Hobart-Brisbane","Hobart","Brisbane","QantasLink","Aug-21",4,3,1,2,2,1,1,2021,8
"Hobart-Melbourne","Hobart","Melbourne","QantasLink","Aug-21",47,24,23,20,20,4,4,2021,8
"Kalgoorlie-Perth","Kalgoorlie","Perth","QantasLink","Aug-21",62,57,5,46,47,11,10,2021,8
"Karratha-Perth","Karratha","Perth","QantasLink","Aug-21",110,105,5,89,91,16,14,2021,8
"Launceston-Melbourne","Launceston","Melbourne","QantasLink","Aug-21",35,19,16,16,17,3,2,2021,8
"Mackay-Brisbane","Mackay","Brisbane","QantasLink","Aug-21",18,14,4,13,13,1,1,2021,8
"Melbourne-Canberra","Melbourne","Canberra","QantasLink","Aug-21",49,27,22,25,24,2,3,2021,8
"Melbourne-Hobart","Melbourne","Hobart","QantasLink","Aug-21",51,26,25,22,23,4,3,2021,8
"Melbourne-Launceston","Melbourne","Launceston","QantasLink","Aug-21",35,21,14,18,17,3,4,2021,8
"Melbourne-Mildura","Melbourne","Mildura","QantasLink","Aug-21",52,39,13,36,36,3,3,2021,8
"Melbourne-Sunshine Coast","Melbourne","Sunshine Coast","QantasLink","Aug-21",1,0,1,0,0,0,0,2021,8
"Mildura-Melbourne","Mildura","Melbourne","QantasLink","Aug-21",51,39,12,34,35,5,4,2021,8
"Mount Isa-Brisbane","Mount Isa","Brisbane","QantasLink","Aug-21",3,3,0,3,3,0,0,2021,8
"Newcastle-Brisbane","Newcastle","Brisbane","QantasLink","Aug-21",5,0,5,0,0,0,0,2021,8
"Newman-Perth","Newman","Perth","QantasLink","Aug-21",104,95,9,76,75,19,20,2021,8
"Perth-Broome","Perth","Broome","QantasLink","Aug-21",41,39,2,35,36,4,3,2021,8
"Perth-Darwin","Perth","Darwin","QantasLink","Aug-21",6,5,1,5,5,0,0,2021,8
"Perth-Kalgoorlie","Perth","Kalgoorlie","QantasLink","Aug-21",62,57,5,49,47,8,10,2021,8
"Perth-Karratha","Perth","Karratha","QantasLink","Aug-21",105,101,4,90,90,11,11,2021,8
"Perth-Newman","Perth","Newman","QantasLink","Aug-21",104,96,8,84,85,12,11,2021,8
"Perth-Port Hedland","Perth","Port Hedland","QantasLink","Aug-21",80,75,5,71,69,4,6,2021,8
"Port Hedland-Perth","Port Hedland","Perth","QantasLink","Aug-21",80,74,6,63,57,11,17,2021,8
"Port Lincoln-Adelaide","Port Lincoln","Adelaide","QantasLink","Aug-21",28,23,5,21,22,2,1,2021,8
"Rockhampton-Brisbane","Rockhampton","Brisbane","QantasLink","Aug-21",134,102,32,93,93,9,9,2021,8
"Sunshine Coast-Melbourne","Sunshine Coast","Melbourne","QantasLink","Aug-21",1,0,1,0,0,0,0,2021,8
"Sydney-Albury","Sydney","Albury","QantasLink","Aug-21",20,13,7,12,12,1,1,2021,8
"Sydney-Armidale","Sydney","Armidale","QantasLink","Aug-21",14,10,4,9,9,1,1,2021,8
"Sydney-Ballina","Sydney","Ballina","QantasLink","Aug-21",13,8,5,7,7,1,1,2021,8
"Sydney-Dubbo","Sydney","Dubbo","QantasLink","Aug-21",16,10,6,8,8,2,2,2021,8
"Sydney-Wagga Wagga","Sydney","Wagga Wagga","QantasLink","Aug-21",17,11,6,10,11,1,0,2021,8
"Townsville-Cairns","Townsville","Cairns","QantasLink","Aug-21",119,117,2,111,111,6,6,2021,8
"Wagga Wagga-Sydney","Wagga Wagga","Sydney","QantasLink","Aug-21",17,11,6,11,11,0,0,2021,8
"Adelaide-Port Lincoln","Adelaide","Port Lincoln","Rex Airlines","Aug-21",149,147,2,133,129,14,18,2021,8
"Albury-Sydney","Albury","Sydney","Rex Airlines","Aug-21",14,13,1,13,13,0,0,2021,8
"Armidale-Sydney","Armidale","Sydney","Rex Airlines","Aug-21",9,9,0,8,8,1,1,2021,8
"Ballina-Sydney","Ballina","Sydney","Rex Airlines","Aug-21",9,9,0,7,7,2,2,2021,8
"Cairns-Townsville","Cairns","Townsville","Rex Airlines","Aug-21",22,19,3,18,18,1,1,2021,8
"Dubbo-Sydney","Dubbo","Sydney","Rex Airlines","Aug-21",13,13,0,11,12,2,1,2021,8
"Melbourne-Mildura","Melbourne","Mildura","Rex Airlines","Aug-21",21,19,2,16,17,3,2,2021,8
"Mildura-Melbourne","Mildura","Melbourne","Rex Airlines","Aug-21",21,19,2,16,15,3,4,2021,8
"Port Lincoln-Adelaide","Port Lincoln","Adelaide","Rex Airlines","Aug-21",149,147,2,122,123,25,24,2021,8
"Sydney-Albury","Sydney","Albury","Rex Airlines","Aug-21",14,13,1,12,12,1,1,2021,8
"Sydney-Armidale","Sydney","Armidale","Rex Airlines","Aug-21",9,9,0,8,8,1,1,2021,8
"Sydney-Ballina","Sydney","Ballina","Rex Airlines","Aug-21",9,9,0,7,8,2,1,2021,8
"Sydney-Dubbo","Sydney","Dubbo","Rex Airlines","Aug-21",13,13,0,11,11,2,2,2021,8
"Sydney-Wagga Wagga","Sydney","Wagga Wagga","Rex Airlines","Aug-21",13,12,1,11,10,1,2,2021,8
"Townsville-Cairns","Townsville","Cairns","Rex Airlines","Aug-21",22,19,3,19,19,0,0,2021,8
"Wagga Wagga-Sydney","Wagga Wagga","Sydney","Rex Airlines","Aug-21",13,12,1,12,12,0,0,2021,8
"Adelaide-Alice Springs","Adelaide","Alice Springs","Virgin Australia","Aug-21",13,13,0,12,12,1,1,2021,8
"Adelaide-Brisbane","Adelaide","Brisbane","Virgin Australia","Aug-21",40,22,18,20,20,2,2,2021,8
"Adelaide-Canberra","Adelaide","Canberra","Virgin Australia","Aug-21",15,14,1,13,13,1,1,2021,8
"Adelaide-Gold Coast","Adelaide","Gold Coast","Virgin Australia","Aug-21",16,14,2,14,14,0,0,2021,8
"Adelaide-Melbourne","Adelaide","Melbourne","Virgin Australia","Aug-21",49,23,26,20,22,3,1,2021,8
"Adelaide-Perth","Adelaide","Perth","Virgin Australia","Aug-21",17,14,3,12,11,2,3,2021,8
"Adelaide-Sydney","Adelaide","Sydney","Virgin Australia","Aug-21",22,21,1,20,20,1,1,2021,8
"Alice Springs-Adelaide","Alice Springs","Adelaide","Virgin Australia","Aug-21",13,13,0,12,12,1,1,2021,8
"Ballina-Sydney","Ballina","Sydney","Virgin Australia","Aug-21",18,18,0,18,18,0,0,2021,8
"Brisbane-Adelaide","Brisbane","Adelaide","Virgin Australia","Aug-21",40,22,18,20,21,2,1,2021,8
"Brisbane-Cairns","Brisbane","Cairns","Virgin Australia","Aug-21",110,59,51,54,52,5,7,2021,8
"Brisbane-Canberra","Brisbane","Canberra","Virgin Australia","Aug-21",45,22,23,19,19,3,3,2021,8
"Brisbane-Darwin","Brisbane","Darwin","Virgin Australia","Aug-21",41,29,12,27,27,2,2,2021,8
"Brisbane-Emerald","Brisbane","Emerald","Virgin Australia","Aug-21",26,24,2,24,24,0,0,2021,8
"Brisbane-Gladstone","Brisbane","Gladstone","Virgin Australia","Aug-21",52,32,20,30,29,2,3,2021,8
"Brisbane-Hamilton Island","Brisbane","Hamilton Island","Virgin Australia","Aug-21",31,27,4,26,27,1,0,2021,8
"Brisbane-Hobart","Brisbane","Hobart","Virgin Australia","Aug-21",42,28,14,26,27,2,1,2021,8
"Brisbane-Mackay","Brisbane","Mackay","Virgin Australia","Aug-21",82,53,29,52,53,1,0,2021,8
"Brisbane-Melbourne","Brisbane","Melbourne","Virgin Australia","Aug-21",90,26,64,17,19,9,7,2021,8
"Brisbane-Mount Isa","Brisbane","Mount Isa","Virgin Australia","Aug-21",16,14,2,14,12,0,2,2021,8
"Brisbane-Newcastle","Brisbane","Newcastle","Virgin Australia","Aug-21",13,13,0,13,13,0,0,2021,8
"Brisbane-Perth","Brisbane","Perth","Virgin Australia","Aug-21",29,22,7,20,18,2,4,2021,8
"Brisbane-Proserpine","Brisbane","Proserpine","Virgin Australia","Aug-21",42,30,12,26,26,4,4,2021,8
"Brisbane-Rockhampton","Brisbane","Rockhampton","Virgin Australia","Aug-21",80,49,31,47,47,2,2,2021,8
"Brisbane-Sydney","Brisbane","Sydney","Virgin Australia","Aug-21",22,22,0,11,16,11,6,2021,8
"Brisbane-Townsville","Brisbane","Townsville","Virgin Australia","Aug-21",81,47,34,45,42,2,5,2021,8
"Broome-Perth","Broome","Perth","Virgin Australia","Aug-21",39,38,1,29,34,9,4,2021,8
"Cairns-Brisbane","Cairns","Brisbane","Virgin Australia","Aug-21",110,60,50,49,58,11,2,2021,8
"Cairns-Melbourne","Cairns","Melbourne","Virgin Australia","Aug-21",29,18,11,16,17,2,1,2021,8
"Cairns-Sydney","Cairns","Sydney","Virgin Australia","Aug-21",18,18,0,17,18,1,0,2021,8
"Canberra-Adelaide","Canberra","Adelaide","Virgin Australia","Aug-21",15,14,1,13,13,1,1,2021,8
"Canberra-Brisbane","Canberra","Brisbane","Virgin Australia","Aug-21",48,23,25,20,21,3,2,2021,8
"Canberra-Melbourne","Canberra","Melbourne","Virgin Australia","Aug-21",20,18,2,18,18,0,0,2021,8
"Darwin-Brisbane","Darwin","Brisbane","Virgin Australia","Aug-21",41,29,12,25,28,4,1,2021,8
"Darwin-Melbourne","Darwin","Melbourne","Virgin Australia","Aug-21",32,25,7,20,22,5,3,2021,8
"Darwin-Perth","Darwin","Perth","Virgin Australia","Aug-21",2,2,0,0,0,2,2,2021,8
"Emerald-Brisbane","Emerald","Brisbane","Virgin Australia","Aug-21",26,24,2,23,24,1,0,2021,8
"Gladstone-Brisbane","Gladstone","Brisbane","Virgin Australia","Aug-21",52,32,20,30,27,2,5,2021,8
"Gold Coast-Adelaide","Gold Coast","Adelaide","Virgin Australia","Aug-21",16,14,2,14,12,0,2,2021,8
"Gold Coast-Melbourne","Gold Coast","Melbourne","Virgin Australia","Aug-21",76,24,52,23,24,1,0,2021,8
"Hamilton Island-Brisbane","Hamilton Island","Brisbane","Virgin Australia","Aug-21",31,27,4,27,27,0,0,2021,8
"Hamilton Island-Sydney","Hamilton Island","Sydney","Virgin Australia","Aug-21",12,8,4,8,8,0,0,2021,8
"Hobart-Brisbane","Hobart","Brisbane","Virgin Australia","Aug-21",43,28,15,26,25,2,3,2021,8
"Hobart-Melbourne","Hobart","Melbourne","Virgin Australia","Aug-21",34,23,11,21,22,2,1,2021,8
"Hobart-Sydney","Hobart","Sydney","Virgin Australia","Aug-21",18,18,0,18,18,0,0,2021,8
"Kalgoorlie-Perth","Kalgoorlie","Perth","Virgin Australia","Aug-21",30,30,0,16,15,14,15,2021,8
"Karratha-Perth","Karratha","Perth","Virgin Australia","Aug-21",37,37,0,32,33,5,4,2021,8
"Launceston-Melbourne","Launceston","Melbourne","Virgin Australia","Aug-21",24,18,6,18,17,0,1,2021,8
"Launceston-Sydney","Launceston","Sydney","Virgin Australia","Aug-21",18,18,0,17,18,1,0,2021,8
"Mackay-Brisbane","Mackay","Brisbane","Virgin Australia","Aug-21",83,54,29,53,54,1,0,2021,8
"Melbourne-Adelaide","Melbourne","Adelaide","Virgin Australia","Aug-21",50,23,27,21,22,2,1,2021,8
"Melbourne-Brisbane","Melbourne","Brisbane","Virgin Australia","Aug-21",93,26,67,24,25,2,1,2021,8
"Melbourne-Cairns","Melbourne","Cairns","Virgin Australia","Aug-21",30,18,12,18,18,0,0,2021,8
"Melbourne-Canberra","Melbourne","Canberra","Virgin Australia","Aug-21",18,18,0,18,18,0,0,2021,8
"Melbourne-Darwin","Melbourne","Darwin","Virgin Australia","Aug-21",32,25,7,25,23,0,2,2021,8
"Melbourne-Gold Coast","Melbourne","Gold Coast","Virgin Australia","Aug-21",77,24,53,24,24,0,0,2021,8
"Melbourne-Hobart","Melbourne","Hobart","Virgin Australia","Aug-21",34,23,11,22,22,1,1,2021,8
"Melbourne-Launceston","Melbourne","Launceston","Virgin Australia","Aug-21",24,18,6,18,18,0,0,2021,8
"Melbourne-Newcastle","Melbourne","Newcastle","Virgin Australia","Aug-21",23,18,5,18,18,0,0,2021,8
"Melbourne-Perth","Melbourne","Perth","Virgin Australia","Aug-21",25,22,3,19,18,3,4,2021,8
"Melbourne-Sunshine Coast","Melbourne","Sunshine Coast","Virgin Australia","Aug-21",38,17,21,16,17,1,0,2021,8
"Melbourne-Sydney","Melbourne","Sydney","Virgin Australia","Aug-21",21,21,0,21,21,0,0,2021,8
"Mount Isa-Brisbane","Mount Isa","Brisbane","Virgin Australia","Aug-21",16,14,2,12,13,2,1,2021,8
"Newcastle-Brisbane","Newcastle","Brisbane","Virgin Australia","Aug-21",13,13,0,13,13,0,0,2021,8
"Newcastle-Melbourne","Newcastle","Melbourne","Virgin Australia","Aug-21",18,18,0,13,13,5,5,2021,8
"Newman-Perth","Newman","Perth","Virgin Australia","Aug-21",42,42,0,36,35,6,7,2021,8
"Perth-Adelaide","Perth","Adelaide","Virgin Australia","Aug-21",17,14,3,13,13,1,1,2021,8
"Perth-Brisbane","Perth","Brisbane","Virgin Australia","Aug-21",27,22,5,14,19,8,3,2021,8
"Perth-Broome","Perth","Broome","Virgin Australia","Aug-21",38,38,0,32,34,6,4,2021,8
"Perth-Darwin","Perth","Darwin","Virgin Australia","Aug-21",2,2,0,0,0,2,2,2021,8
"Perth-Kalgoorlie","Perth","Kalgoorlie","Virgin Australia","Aug-21",30,30,0,29,29,1,1,2021,8
"Perth-Karratha","Perth","Karratha","Virgin Australia","Aug-21",37,37,0,36,36,1,1,2021,8
"Perth-Melbourne","Perth","Melbourne","Virgin Australia","Aug-21",24,23,1,9,17,14,6,2021,8
"Perth-Newman","Perth","Newman","Virgin Australia","Aug-21",42,42,0,39,38,3,4,2021,8
"Perth-Port Hedland","Perth","Port Hedland","Virgin Australia","Aug-21",12,12,0,10,9,2,3,2021,8
"Perth-Sydney","Perth","Sydney","Virgin Australia","Aug-21",23,23,0,14,20,9,3,2021,8
"Port Hedland-Perth","Port Hedland","Perth","Virgin Australia","Aug-21",12,12,0,5,7,7,5,2021,8
"Proserpine-Brisbane","Proserpine","Brisbane","Virgin Australia","Aug-21",47,30,17,27,28,3,2,2021,8
"Rockhampton-Brisbane","Rockhampton","Brisbane","Virgin Australia","Aug-21",81,50,31,48,49,2,1,2021,8
"Sunshine Coast-Melbourne","Sunshine Coast","Melbourne","Virgin Australia","Aug-21",37,17,20,17,17,0,0,2021,8
"Sydney-Adelaide","Sydney","Adelaide","Virgin Australia","Aug-21",22,22,0,20,19,2,3,2021,8
"Sydney-Ballina","Sydney","Ballina","Virgin Australia","Aug-21",18,18,0,18,18,0,0,2021,8
"Sydney-Brisbane","Sydney","Brisbane","Virgin Australia","Aug-21",22,22,0,22,21,0,1,2021,8
"Sydney-Cairns","Sydney","Cairns","Virgin Australia","Aug-21",18,18,0,17,18,1,0,2021,8
"Sydney-Hamilton Island","Sydney","Hamilton Island","Virgin Australia","Aug-21",12,8,4,8,8,0,0,2021,8
"Sydney-Hobart","Sydney","Hobart","Virgin Australia","Aug-21",18,18,0,17,17,1,1,2021,8
"Sydney-Launceston","Sydney","Launceston","Virgin Australia","Aug-21",18,18,0,15,16,3,2,2021,8
"Sydney-Melbourne","Sydney","Melbourne","Virgin Australia","Aug-21",22,22,0,22,22,0,0,2021,8
"Sydney-Perth","Sydney","Perth","Virgin Australia","Aug-21",24,24,0,23,18,1,6,2021,8
"Townsville-Brisbane","Townsville","Brisbane","Virgin Australia","Aug-21",82,48,34,44,48,4,0,2021,8
"Adelaide-Perth","Adelaide","Perth","Virgin Australia Regional Airlines","Aug-21",8,8,0,8,8,0,0,2021,8
"Broome-Perth","Broome","Perth","Virgin Australia Regional Airlines","Aug-21",14,14,0,11,11,3,3,2021,8
"Darwin-Perth","Darwin","Perth","Virgin Australia Regional Airlines","Aug-21",22,22,0,13,13,9,9,2021,8
"Kalgoorlie-Perth","Kalgoorlie","Perth","Virgin Australia Regional Airlines","Aug-21",33,32,1,21,23,11,9,2021,8
"Karratha-Perth","Karratha","Perth","Virgin Australia Regional Airlines","Aug-21",17,17,0,13,12,4,5,2021,8
"Newman-Perth","Newman","Perth","Virgin Australia Regional Airlines","Aug-21",17,17,0,17,16,0,1,2021,8
"Perth-Adelaide","Perth","Adelaide","Virgin Australia Regional Airlines","Aug-21",8,8,0,8,8,0,0,2021,8
"Perth-Broome","Perth","Broome","Virgin Australia Regional Airlines","Aug-21",14,14,0,13,14,1,0,2021,8
"Perth-Darwin","Perth","Darwin","Virgin Australia Regional Airlines","Aug-21",22,22,0,19,19,3,3,2021,8
"Perth-Kalgoorlie","Perth","Kalgoorlie","Virgin Australia Regional Airlines","Aug-21",33,32,1,25,25,7,7,2021,8
"Perth-Karratha","Perth","Karratha","Virgin Australia Regional Airlines","Aug-21",17,17,0,15,12,2,5,2021,8
"Perth-Newman","Perth","Newman","Virgin Australia Regional Airlines","Aug-21",17,17,0,15,16,2,1,2021,8
"Perth-Port Hedland","Perth","Port Hedland","Virgin Australia Regional Airlines","Aug-21",41,41,0,39,36,2,5,2021,8
"Port Hedland-Perth","Port Hedland","Perth","Virgin Australia Regional Airlines","Aug-21",41,41,0,33,32,8,9,2021,8
"Adelaide-Alice Springs","Adelaide","Alice Springs","All Airlines","Aug-21",54,50,4,46,40,4,10,2021,8
"Adelaide-Brisbane","Adelaide","Brisbane","All Airlines","Aug-21",101,51,50,48,48,3,3,2021,8
"Adelaide-Canberra","Adelaide","Canberra","All Airlines","Aug-21",37,26,11,25,25,1,1,2021,8
"Adelaide-Gold Coast","Adelaide","Gold Coast","All Airlines","Aug-21",37,32,5,30,30,2,2,2021,8
"Adelaide-Melbourne","Adelaide","Melbourne","All Airlines","Aug-21",128,61,67,55,58,6,3,2021,8
"Adelaide-Perth","Adelaide","Perth","All Airlines","Aug-21",84,49,35,46,43,3,6,2021,8
"Adelaide-Port Lincoln","Adelaide","Port Lincoln","All Airlines","Aug-21",177,170,7,154,151,16,19,2021,8
"Adelaide-Sydney","Adelaide","Sydney","All Airlines","Aug-21",39,38,1,37,37,1,1,2021,8
"Albury-Sydney","Albury","Sydney","All Airlines","Aug-21",34,26,8,25,25,1,1,2021,8
"Alice Springs-Adelaide","Alice Springs","Adelaide","All Airlines","Aug-21",54,50,4,37,41,13,9,2021,8
"Armidale-Sydney","Armidale","Sydney","All Airlines","Aug-21",23,19,4,17,17,2,2,2021,8
"Ballina-Sydney","Ballina","Sydney","All Airlines","Aug-21",40,35,5,32,32,3,3,2021,8
"Brisbane-Adelaide","Brisbane","Adelaide","All Airlines","Aug-21",102,50,52,45,46,5,4,2021,8
"Brisbane-Cairns","Brisbane","Cairns","All Airlines","Aug-21",324,208,116,191,178,17,30,2021,8
"Brisbane-Canberra","Brisbane","Canberra","All Airlines","Aug-21",130,61,69,56,56,5,5,2021,8
"Brisbane-Darwin","Brisbane","Darwin","All Airlines","Aug-21",118,78,40,72,59,6,19,2021,8
"Brisbane-Emerald","Brisbane","Emerald","All Airlines","Aug-21",149,113,36,104,105,9,8,2021,8
"Brisbane-Gladstone","Brisbane","Gladstone","All Airlines","Aug-21",151,98,53,92,91,6,7,2021,8
"Brisbane-Hamilton Island","Brisbane","Hamilton Island","All Airlines","Aug-21",64,53,11,52,49,1,4,2021,8
"Brisbane-Hobart","Brisbane","Hobart","All Airlines","Aug-21",77,50,27,44,45,6,5,2021,8
"Brisbane-Mackay","Brisbane","Mackay","All Airlines","Aug-21",204,131,73,127,127,4,4,2021,8
"Brisbane-Melbourne","Brisbane","Melbourne","All Airlines","Aug-21",192,58,134,44,46,14,12,2021,8
"Brisbane-Mount Isa","Brisbane","Mount Isa","All Airlines","Aug-21",65,52,13,51,46,1,6,2021,8
"Brisbane-Newcastle","Brisbane","Newcastle","All Airlines","Aug-21",28,22,6,21,21,1,1,2021,8
"Brisbane-Perth","Brisbane","Perth","All Airlines","Aug-21",99,45,54,39,34,6,11,2021,8
"Brisbane-Proserpine","Brisbane","Proserpine","All Airlines","Aug-21",73,60,13,54,51,6,9,2021,8
"Brisbane-Rockhampton","Brisbane","Rockhampton","All Airlines","Aug-21",216,151,65,146,144,5,7,2021,8
"Brisbane-Sydney","Brisbane","Sydney","All Airlines","Aug-21",76,55,21,38,44,17,11,2021,8
"Brisbane-Townsville","Brisbane","Townsville","All Airlines","Aug-21",229,152,77,140,129,12,23,2021,8
"Broome-Perth","Broome","Perth","All Airlines","Aug-21",156,151,5,129,134,22,17,2021,8
"Cairns-Brisbane","Cairns","Brisbane","All Airlines","Aug-21",320,208,112,183,195,25,13,2021,8
"Cairns-Melbourne","Cairns","Melbourne","All Airlines","Aug-21",78,35,43,33,34,2,1,2021,8
"Cairns-Sydney","Cairns","Sydney","All Airlines","Aug-21",31,31,0,28,30,3,1,2021,8
"Cairns-Townsville","Cairns","Townsville","All Airlines","Aug-21",142,139,3,127,130,12,9,2021,8
"Canberra-Adelaide","Canberra","Adelaide","All Airlines","Aug-21",37,26,11,25,25,1,1,2021,8
"Canberra-Brisbane","Canberra","Brisbane","All Airlines","Aug-21",130,64,66,60,61,4,3,2021,8
"Canberra-Melbourne","Canberra","Melbourne","All Airlines","Aug-21",68,44,24,43,43,1,1,2021,8
"Darwin-Brisbane","Darwin","Brisbane","All Airlines","Aug-21",114,76,38,53,61,23,15,2021,8
"Darwin-Melbourne","Darwin","Melbourne","All Airlines","Aug-21",101,73,28,63,62,10,11,2021,8
"Darwin-Perth","Darwin","Perth","All Airlines","Aug-21",75,71,4,53,47,18,24,2021,8
"Dubbo-Sydney","Dubbo","Sydney","All Airlines","Aug-21",29,23,6,19,20,4,3,2021,8
"Emerald-Brisbane","Emerald","Brisbane","All Airlines","Aug-21",149,113,36,107,110,6,3,2021,8
"Gladstone-Brisbane","Gladstone","Brisbane","All Airlines","Aug-21",150,99,51,91,88,8,11,2021,8
"Gold Coast-Adelaide","Gold Coast","Adelaide","All Airlines","Aug-21",37,32,5,31,28,1,4,2021,8
"Gold Coast-Melbourne","Gold Coast","Melbourne","All Airlines","Aug-21",142,29,113,28,29,1,0,2021,8
"Hamilton Island-Brisbane","Hamilton Island","Brisbane","All Airlines","Aug-21",64,53,11,50,50,3,3,2021,8
"Hamilton Island-Sydney","Hamilton Island","Sydney","All Airlines","Aug-21",25,12,13,12,12,0,0,2021,8
"Hobart-Brisbane","Hobart","Brisbane","All Airlines","Aug-21",78,50,28,42,41,8,9,2021,8
"Hobart-Melbourne","Hobart","Melbourne","All Airlines","Aug-21",123,67,56,59,61,8,6,2021,8
"Hobart-Sydney","Hobart","Sydney","All Airlines","Aug-21",33,29,4,29,29,0,0,2021,8
"Kalgoorlie-Perth","Kalgoorlie","Perth","All Airlines","Aug-21",145,139,6,97,100,42,39,2021,8
"Karratha-Perth","Karratha","Perth","All Airlines","Aug-21",196,189,7,163,165,26,24,2021,8
"Launceston-Melbourne","Launceston","Melbourne","All Airlines","Aug-21",86,40,46,37,37,3,3,2021,8
"Launceston-Sydney","Launceston","Sydney","All Airlines","Aug-21",32,32,0,30,32,2,0,2021,8
"Mackay-Brisbane","Mackay","Brisbane","All Airlines","Aug-21",207,135,72,130,132,5,3,2021,8
"Melbourne-Adelaide","Melbourne","Adelaide","All Airlines","Aug-21",129,61,68,57,57,4,4,2021,8
"Melbourne-Brisbane","Melbourne","Brisbane","All Airlines","Aug-21",195,58,137,52,53,6,5,2021,8
"Melbourne-Cairns","Melbourne","Cairns","All Airlines","Aug-21",79,35,44,34,35,1,0,2021,8
"Melbourne-Canberra","Melbourne","Canberra","All Airlines","Aug-21",67,45,22,43,42,2,3,2021,8
"Melbourne-Darwin","Melbourne","Darwin","All Airlines","Aug-21",102,73,29,71,65,2,8,2021,8
"Melbourne-Gold Coast","Melbourne","Gold Coast","All Airlines","Aug-21",143,29,114,28,28,1,1,2021,8
"Melbourne-Hobart","Melbourne","Hobart","All Airlines","Aug-21",127,69,58,63,65,6,4,2021,8
"Melbourne-Launceston","Melbourne","Launceston","All Airlines","Aug-21",86,42,44,39,38,3,4,2021,8
"Melbourne-Mildura","Melbourne","Mildura","All Airlines","Aug-21",73,58,15,52,53,6,5,2021,8
"Melbourne-Newcastle","Melbourne","Newcastle","All Airlines","Aug-21",41,35,6,34,34,1,1,2021,8
"Melbourne-Perth","Melbourne","Perth","All Airlines","Aug-21",72,52,20,42,41,10,11,2021,8
"Melbourne-Sunshine Coast","Melbourne","Sunshine Coast","All Airlines","Aug-21",66,20,46,19,20,1,0,2021,8
"Melbourne-Sydney","Melbourne","Sydney","All Airlines","Aug-21",95,68,27,57,61,11,7,2021,8
"Mildura-Melbourne","Mildura","Melbourne","All Airlines","Aug-21",72,58,14,50,50,8,8,2021,8
"Mount Isa-Brisbane","Mount Isa","Brisbane","All Airlines","Aug-21",65,52,13,48,50,4,2,2021,8
"Newcastle-Brisbane","Newcastle","Brisbane","All Airlines","Aug-21",27,22,5,21,21,1,1,2021,8
"Newcastle-Melbourne","Newcastle","Melbourne","All Airlines","Aug-21",36,35,1,29,29,6,6,2021,8
"Newman-Perth","Newman","Perth","All Airlines","Aug-21",176,167,9,140,137,27,30,2021,8
"Perth-Adelaide","Perth","Adelaide","All Airlines","Aug-21",85,50,35,46,48,4,2,2021,8
"Perth-Brisbane","Perth","Brisbane","All Airlines","Aug-21",93,45,48,28,32,17,13,2021,8
"Perth-Broome","Perth","Broome","All Airlines","Aug-21",155,152,3,137,142,15,10,2021,8
"Perth-Darwin","Perth","Darwin","All Airlines","Aug-21",75,71,4,62,62,9,9,2021,8
"Perth-Kalgoorlie","Perth","Kalgoorlie","All Airlines","Aug-21",145,139,6,122,119,17,20,2021,8
"Perth-Karratha","Perth","Karratha","All Airlines","Aug-21",192,186,6,171,166,15,20,2021,8
"Perth-Melbourne","Perth","Melbourne","All Airlines","Aug-21",70,52,18,34,44,18,8,2021,8
"Perth-Newman","Perth","Newman","All Airlines","Aug-21",176,168,8,149,150,19,18,2021,8
"Perth-Port Hedland","Perth","Port Hedland","All Airlines","Aug-21",176,170,6,161,151,9,19,2021,8
"Perth-Sydney","Perth","Sydney","All Airlines","Aug-21",50,49,1,33,41,16,8,2021,8
"Port Hedland-Perth","Port Hedland","Perth","All Airlines","Aug-21",177,170,7,135,128,35,42,2021,8
"Port Lincoln-Adelaide","Port Lincoln","Adelaide","All Airlines","Aug-21",177,170,7,143,145,27,25,2021,8
"Proserpine-Brisbane","Proserpine","Brisbane","All Airlines","Aug-21",78,60,18,51,52,9,8,2021,8
"Rockhampton-Brisbane","Rockhampton","Brisbane","All Airlines","Aug-21",215,152,63,141,142,11,10,2021,8
"Sunshine Coast-Melbourne","Sunshine Coast","Melbourne","All Airlines","Aug-21",65,20,45,20,20,0,0,2021,8
"Sydney-Adelaide","Sydney","Adelaide","All Airlines","Aug-21",39,39,0,36,36,3,3,2021,8
"Sydney-Albury","Sydney","Albury","All Airlines","Aug-21",34,26,8,24,24,2,2,2021,8
"Sydney-Armidale","Sydney","Armidale","All Airlines","Aug-21",23,19,4,17,17,2,2,2021,8
"Sydney-Ballina","Sydney","Ballina","All Airlines","Aug-21",40,35,5,32,33,3,2,2021,8
"Sydney-Brisbane","Sydney","Brisbane","All Airlines","Aug-21",77,56,21,49,49,7,7,2021,8
"Sydney-Cairns","Sydney","Cairns","All Airlines","Aug-21",31,31,0,29,30,2,1,2021,8
"Sydney-Dubbo","Sydney","Dubbo","All Airlines","Aug-21",29,23,6,19,19,4,4,2021,8
"Sydney-Hamilton Island","Sydney","Hamilton Island","All Airlines","Aug-21",25,12,13,12,12,0,0,2021,8
"Sydney-Hobart","Sydney","Hobart","All Airlines","Aug-21",33,29,4,28,28,1,1,2021,8
"Sydney-Launceston","Sydney","Launceston","All Airlines","Aug-21",32,32,0,28,29,4,3,2021,8
"Sydney-Melbourne","Sydney","Melbourne","All Airlines","Aug-21",86,59,27,50,53,9,6,2021,8
"Sydney-Perth","Sydney","Perth","All Airlines","Aug-21",51,50,1,41,32,9,18,2021,8
"Sydney-Wagga Wagga","Sydney","Wagga Wagga","All Airlines","Aug-21",30,23,7,21,21,2,2,2021,8
"Townsville-Brisbane","Townsville","Brisbane","All Airlines","Aug-21",226,152,74,132,136,20,16,2021,8
"Townsville-Cairns","Townsville","Cairns","All Airlines","Aug-21",141,136,5,130,130,6,6,2021,8
"Wagga Wagga-Sydney","Wagga Wagga","Sydney","All Airlines","Aug-21",30,23,7,23,23,0,0,2021,8
"Adelaide-Brisbane","Adelaide","Brisbane","Jetstar","Sep-21",32,29,3,28,29,1,0,2021,9
"Adelaide-Gold Coast","Adelaide","Gold Coast","Jetstar","Sep-21",25,25,0,25,25,0,0,2021,9
"Adelaide-Melbourne","Adelaide","Melbourne","Jetstar","Sep-21",22,17,5,15,16,2,1,2021,9
"Adelaide-Perth","Adelaide","Perth","Jetstar","Sep-21",26,26,0,25,24,1,2,2021,9
"Adelaide-Sydney","Adelaide","Sydney","Jetstar","Sep-21",16,16,0,14,15,2,1,2021,9
"Brisbane-Adelaide","Brisbane","Adelaide","Jetstar","Sep-21",32,29,3,21,24,8,5,2021,9
"Brisbane-Cairns","Brisbane","Cairns","Jetstar","Sep-21",102,102,0,87,88,15,14,2021,9
"Brisbane-Darwin","Brisbane","Darwin","Jetstar","Sep-21",27,27,0,25,24,2,3,2021,9
"Brisbane-Hobart","Brisbane","Hobart","Jetstar","Sep-21",25,25,0,23,23,2,2,2021,9
"Brisbane-Mackay","Brisbane","Mackay","Jetstar","Sep-21",30,30,0,26,28,4,2,2021,9
"Brisbane-Melbourne","Brisbane","Melbourne","Jetstar","Sep-21",23,18,5,15,15,3,3,2021,9
"Brisbane-Newcastle","Brisbane","Newcastle","Jetstar","Sep-21",8,8,0,8,8,0,0,2021,9
"Brisbane-Proserpine","Brisbane","Proserpine","Jetstar","Sep-21",36,36,0,32,32,4,4,2021,9
"Brisbane-Townsville","Brisbane","Townsville","Jetstar","Sep-21",60,59,1,47,48,12,11,2021,9
"Cairns-Brisbane","Cairns","Brisbane","Jetstar","Sep-21",102,102,0,95,93,7,9,2021,9
"Cairns-Melbourne","Cairns","Melbourne","Jetstar","Sep-21",17,12,5,11,11,1,1,2021,9
"Cairns-Sydney","Cairns","Sydney","Jetstar","Sep-21",12,12,0,12,12,0,0,2021,9
"Darwin-Brisbane","Darwin","Brisbane","Jetstar","Sep-21",26,26,0,21,20,5,6,2021,9
"Gold Coast-Adelaide","Gold Coast","Adelaide","Jetstar","Sep-21",25,25,0,24,24,1,1,2021,9
"Hobart-Brisbane","Hobart","Brisbane","Jetstar","Sep-21",25,25,0,24,24,1,1,2021,9
"Hobart-Melbourne","Hobart","Melbourne","Jetstar","Sep-21",25,22,3,22,22,0,0,2021,9
"Hobart-Sydney","Hobart","Sydney","Jetstar","Sep-21",12,12,0,12,12,0,0,2021,9
"Launceston-Melbourne","Launceston","Melbourne","Jetstar","Sep-21",4,0,4,0,0,0,0,2021,9
"Launceston-Sydney","Launceston","Sydney","Jetstar","Sep-21",11,11,0,11,11,0,0,2021,9
"Mackay-Brisbane","Mackay","Brisbane","Jetstar","Sep-21",30,29,1,24,27,5,2,2021,9
"Melbourne-Adelaide","Melbourne","Adelaide","Jetstar","Sep-21",22,17,5,13,12,4,5,2021,9
"Melbourne-Brisbane","Melbourne","Brisbane","Jetstar","Sep-21",22,17,5,12,13,5,4,2021,9
"Melbourne-Cairns","Melbourne","Cairns","Jetstar","Sep-21",17,12,5,10,12,2,0,2021,9
"Melbourne-Hobart","Melbourne","Hobart","Jetstar","Sep-21",25,22,3,22,22,0,0,2021,9
"Melbourne-Launceston","Melbourne","Launceston","Jetstar","Sep-21",4,0,4,0,0,0,0,2021,9
"Melbourne-Newcastle","Melbourne","Newcastle","Jetstar","Sep-21",17,16,1,15,15,1,1,2021,9
"Melbourne-Sydney","Melbourne","Sydney","Jetstar","Sep-21",14,10,4,9,10,1,0,2021,9
"Newcastle-Brisbane","Newcastle","Brisbane","Jetstar","Sep-21",8,8,0,8,8,0,0,2021,9
"Newcastle-Melbourne","Newcastle","Melbourne","Jetstar","Sep-21",17,16,1,16,16,0,0,2021,9
"Perth-Adelaide","Perth","Adelaide","Jetstar","Sep-21",26,26,0,17,21,9,5,2021,9
"Proserpine-Brisbane","Proserpine","Brisbane","Jetstar","Sep-21",37,36,1,32,33,4,3,2021,9
"Sydney-Adelaide","Sydney","Adelaide","Jetstar","Sep-21",16,16,0,15,15,1,1,2021,9
"Sydney-Cairns","Sydney","Cairns","Jetstar","Sep-21",12,12,0,12,12,0,0,2021,9
"Sydney-Hobart","Sydney","Hobart","Jetstar","Sep-21",12,12,0,12,12,0,0,2021,9
"Sydney-Launceston","Sydney","Launceston","Jetstar","Sep-21",11,11,0,11,11,0,0,2021,9
"Sydney-Melbourne","Sydney","Melbourne","Jetstar","Sep-21",14,10,4,8,9,2,1,2021,9
"Townsville-Brisbane","Townsville","Brisbane","Jetstar","Sep-21",60,59,1,47,49,12,10,2021,9
"Adelaide-Alice Springs","Adelaide","Alice Springs","Qantas","Sep-21",30,28,2,28,28,0,0,2021,9
"Adelaide-Brisbane","Adelaide","Brisbane","Qantas","Sep-21",63,61,2,56,57,5,4,2021,9
"Adelaide-Canberra","Adelaide","Canberra","Qantas","Sep-21",17,16,1,15,16,1,0,2021,9
"Adelaide-Perth","Adelaide","Perth","Qantas","Sep-21",68,66,2,60,53,6,13,2021,9
"Alice Springs-Adelaide","Alice Springs","Adelaide","Qantas","Sep-21",30,28,2,26,24,2,4,2021,9
"Brisbane-Adelaide","Brisbane","Adelaide","Qantas","Sep-21",64,62,2,58,57,4,5,2021,9
"Brisbane-Cairns","Brisbane","Cairns","Qantas","Sep-21",118,114,4,112,110,2,4,2021,9
"Brisbane-Canberra","Brisbane","Canberra","Qantas","Sep-21",3,0,3,0,0,0,0,2021,9
"Brisbane-Darwin","Brisbane","Darwin","Qantas","Sep-21",48,48,0,46,39,2,9,2021,9
"Brisbane-Hamilton Island","Brisbane","Hamilton Island","Qantas","Sep-21",35,35,0,34,32,1,3,2021,9
"Brisbane-Hobart","Brisbane","Hobart","Qantas","Sep-21",32,32,0,31,30,1,2,2021,9
"Brisbane-Mackay","Brisbane","Mackay","Qantas","Sep-21",80,76,4,76,76,0,0,2021,9
"Brisbane-Mount Isa","Brisbane","Mount Isa","Qantas","Sep-21",43,42,1,40,37,2,5,2021,9
"Brisbane-Perth","Brisbane","Perth","Qantas","Sep-21",56,26,30,25,22,1,4,2021,9
"Brisbane-Sydney","Brisbane","Sydney","Qantas","Sep-21",27,27,0,24,25,3,2,2021,9
"Brisbane-Townsville","Brisbane","Townsville","Qantas","Sep-21",112,109,3,105,104,4,5,2021,9
"Broome-Perth","Broome","Perth","Qantas","Sep-21",67,67,0,59,62,8,5,2021,9
"Cairns-Brisbane","Cairns","Brisbane","Qantas","Sep-21",116,113,3,109,105,4,8,2021,9
"Canberra-Adelaide","Canberra","Adelaide","Qantas","Sep-21",17,16,1,16,16,0,0,2021,9
"Canberra-Brisbane","Canberra","Brisbane","Qantas","Sep-21",3,0,3,0,0,0,0,2021,9
"Darwin-Brisbane","Darwin","Brisbane","Qantas","Sep-21",47,47,0,39,35,8,12,2021,9
"Darwin-Melbourne","Darwin","Melbourne","Qantas","Sep-21",21,19,2,18,17,1,2,2021,9
"Darwin-Perth","Darwin","Perth","Qantas","Sep-21",58,58,0,52,48,6,10,2021,9
"Hamilton Island-Brisbane","Hamilton Island","Brisbane","Qantas","Sep-21",35,35,0,27,27,8,8,2021,9
"Hobart-Brisbane","Hobart","Brisbane","Qantas","Sep-21",32,32,0,29,30,3,2,2021,9
"Kalgoorlie-Perth","Kalgoorlie","Perth","Qantas","Sep-21",17,17,0,14,14,3,3,2021,9
"Karratha-Perth","Karratha","Perth","Qantas","Sep-21",47,47,0,42,44,5,3,2021,9
"Mackay-Brisbane","Mackay","Brisbane","Qantas","Sep-21",80,76,4,74,74,2,2,2021,9
"Melbourne-Darwin","Melbourne","Darwin","Qantas","Sep-21",22,20,2,19,17,1,3,2021,9
"Melbourne-Perth","Melbourne","Perth","Qantas","Sep-21",25,22,3,19,20,3,2,2021,9
"Melbourne-Sydney","Melbourne","Sydney","Qantas","Sep-21",43,43,0,41,41,2,2,2021,9
"Mount Isa-Brisbane","Mount Isa","Brisbane","Qantas","Sep-21",43,41,2,35,36,6,5,2021,9
"Newman-Perth","Newman","Perth","Qantas","Sep-21",14,14,0,10,11,4,3,2021,9
"Perth-Adelaide","Perth","Adelaide","Qantas","Sep-21",68,66,2,57,60,9,6,2021,9
"Perth-Brisbane","Perth","Brisbane","Qantas","Sep-21",55,26,29,26,22,0,4,2021,9
"Perth-Broome","Perth","Broome","Qantas","Sep-21",65,65,0,64,64,1,1,2021,9
"Perth-Darwin","Perth","Darwin","Qantas","Sep-21",58,58,0,56,51,2,7,2021,9
"Perth-Kalgoorlie","Perth","Kalgoorlie","Qantas","Sep-21",17,17,0,15,16,2,1,2021,9
"Perth-Karratha","Perth","Karratha","Qantas","Sep-21",48,48,0,44,44,4,4,2021,9
"Perth-Melbourne","Perth","Melbourne","Qantas","Sep-21",25,22,3,21,22,1,0,2021,9
"Perth-Newman","Perth","Newman","Qantas","Sep-21",14,14,0,14,14,0,0,2021,9
"Perth-Port Hedland","Perth","Port Hedland","Qantas","Sep-21",45,45,0,45,42,0,3,2021,9
"Perth-Sydney","Perth","Sydney","Qantas","Sep-21",20,20,0,19,17,1,3,2021,9
"Port Hedland-Perth","Port Hedland","Perth","Qantas","Sep-21",44,44,0,41,40,3,4,2021,9
"Sydney-Brisbane","Sydney","Brisbane","Qantas","Sep-21",33,32,1,30,31,2,1,2021,9
"Sydney-Melbourne","Sydney","Melbourne","Qantas","Sep-21",30,30,0,30,30,0,0,2021,9
"Sydney-Perth","Sydney","Perth","Qantas","Sep-21",21,19,2,19,18,0,1,2021,9
"Townsville-Brisbane","Townsville","Brisbane","Qantas","Sep-21",111,110,1,102,98,8,12,2021,9
"Adelaide-Gold Coast","Adelaide","Gold Coast","QantasLink","Sep-21",4,4,0,2,3,2,1,2021,9
"Adelaide-Port Lincoln","Adelaide","Port Lincoln","QantasLink","Sep-21",30,30,0,29,29,1,1,2021,9
"Albury-Sydney","Albury","Sydney","QantasLink","Sep-21",8,8,0,7,7,1,1,2021,9
"Armidale-Sydney","Armidale","Sydney","QantasLink","Sep-21",8,8,0,8,8,0,0,2021,9
"Ballina-Sydney","Ballina","Sydney","QantasLink","Sep-21",8,8,0,6,6,2,2,2021,9
"Brisbane-Cairns","Brisbane","Cairns","QantasLink","Sep-21",22,22,0,17,16,5,6,2021,9
"Brisbane-Canberra","Brisbane","Canberra","QantasLink","Sep-21",19,17,2,15,14,2,3,2021,9
"Brisbane-Emerald","Brisbane","Emerald","QantasLink","Sep-21",110,95,15,93,93,2,2,2021,9
"Brisbane-Gladstone","Brisbane","Gladstone","QantasLink","Sep-21",110,84,26,83,84,1,0,2021,9
"Brisbane-Mackay","Brisbane","Mackay","QantasLink","Sep-21",29,29,0,27,26,2,3,2021,9
"Brisbane-Proserpine","Brisbane","Proserpine","QantasLink","Sep-21",14,14,0,13,13,1,1,2021,9
"Brisbane-Rockhampton","Brisbane","Rockhampton","QantasLink","Sep-21",126,110,16,103,102,7,8,2021,9
"Broome-Perth","Broome","Perth","QantasLink","Sep-21",31,30,1,27,27,3,3,2021,9
"Cairns-Brisbane","Cairns","Brisbane","QantasLink","Sep-21",22,21,1,12,7,9,14,2021,9
"Cairns-Townsville","Cairns","Townsville","QantasLink","Sep-21",117,114,3,108,109,6,5,2021,9
"Canberra-Brisbane","Canberra","Brisbane","QantasLink","Sep-21",18,17,1,12,13,5,4,2021,9
"Canberra-Melbourne","Canberra","Melbourne","QantasLink","Sep-21",23,22,1,20,19,2,3,2021,9
"Dubbo-Sydney","Dubbo","Sydney","QantasLink","Sep-21",8,8,0,8,8,0,0,2021,9
"Emerald-Brisbane","Emerald","Brisbane","QantasLink","Sep-21",110,95,15,93,93,2,2,2021,9
"Gladstone-Brisbane","Gladstone","Brisbane","QantasLink","Sep-21",109,84,25,83,82,1,2,2021,9
"Gold Coast-Adelaide","Gold Coast","Adelaide","QantasLink","Sep-21",4,4,0,3,3,1,1,2021,9
"Kalgoorlie-Perth","Kalgoorlie","Perth","QantasLink","Sep-21",57,57,0,49,50,8,7,2021,9
"Karratha-Perth","Karratha","Perth","QantasLink","Sep-21",93,93,0,81,79,12,14,2021,9
"Launceston-Melbourne","Launceston","Melbourne","QantasLink","Sep-21",19,17,2,15,15,2,2,2021,9
"Mackay-Brisbane","Mackay","Brisbane","QantasLink","Sep-21",34,34,0,32,32,2,2,2021,9
"Melbourne-Canberra","Melbourne","Canberra","QantasLink","Sep-21",23,22,1,21,20,1,2,2021,9
"Melbourne-Launceston","Melbourne","Launceston","QantasLink","Sep-21",19,17,2,15,16,2,1,2021,9
"Melbourne-Mildura","Melbourne","Mildura","QantasLink","Sep-21",31,28,3,28,26,0,2,2021,9
"Mildura-Melbourne","Mildura","Melbourne","QantasLink","Sep-21",30,28,2,26,27,2,1,2021,9
"Newman-Perth","Newman","Perth","QantasLink","Sep-21",103,101,2,95,92,6,9,2021,9
"Perth-Broome","Perth","Broome","QantasLink","Sep-21",31,30,1,28,29,2,1,2021,9
"Perth-Kalgoorlie","Perth","Kalgoorlie","QantasLink","Sep-21",57,57,0,53,53,4,4,2021,9
"Perth-Karratha","Perth","Karratha","QantasLink","Sep-21",88,88,0,79,77,9,11,2021,9
"Perth-Newman","Perth","Newman","QantasLink","Sep-21",103,101,2,91,93,10,8,2021,9
"Perth-Port Hedland","Perth","Port Hedland","QantasLink","Sep-21",78,78,0,75,70,3,8,2021,9
"Port Hedland-Perth","Port Hedland","Perth","QantasLink","Sep-21",78,77,1,67,57,10,20,2021,9
"Port Lincoln-Adelaide","Port Lincoln","Adelaide","QantasLink","Sep-21",30,30,0,30,29,0,1,2021,9
"Proserpine-Brisbane","Proserpine","Brisbane","QantasLink","Sep-21",14,14,0,12,13,2,1,2021,9
"Rockhampton-Brisbane","Rockhampton","Brisbane","QantasLink","Sep-21",126,110,16,101,98,9,12,2021,9
"Sydney-Albury","Sydney","Albury","QantasLink","Sep-21",8,8,0,8,7,0,1,2021,9
"Sydney-Armidale","Sydney","Armidale","QantasLink","Sep-21",8,8,0,7,7,1,1,2021,9
"Sydney-Ballina","Sydney","Ballina","QantasLink","Sep-21",8,8,0,8,7,0,1,2021,9
"Sydney-Dubbo","Sydney","Dubbo","QantasLink","Sep-21",8,8,0,8,8,0,0,2021,9
"Sydney-Wagga Wagga","Sydney","Wagga Wagga","QantasLink","Sep-21",8,8,0,8,7,0,1,2021,9
"Townsville-Cairns","Townsville","Cairns","QantasLink","Sep-21",117,113,4,104,107,9,6,2021,9
"Wagga Wagga-Sydney","Wagga Wagga","Sydney","QantasLink","Sep-21",8,8,0,7,7,1,1,2021,9
"Adelaide-Port Lincoln","Adelaide","Port Lincoln","Rex Airlines","Sep-21",168,167,1,153,150,14,17,2021,9
"Albury-Sydney","Albury","Sydney","Rex Airlines","Sep-21",7,7,0,7,7,0,0,2021,9
"Armidale-Sydney","Armidale","Sydney","Rex Airlines","Sep-21",9,9,0,8,8,1,1,2021,9
"Ballina-Sydney","Ballina","Sydney","Rex Airlines","Sep-21",8,8,0,7,8,1,0,2021,9
"Cairns-Townsville","Cairns","Townsville","Rex Airlines","Sep-21",13,13,0,13,13,0,0,2021,9
"Dubbo-Sydney","Dubbo","Sydney","Rex Airlines","Sep-21",14,14,0,13,13,1,1,2021,9
"Melbourne-Mildura","Melbourne","Mildura","Rex Airlines","Sep-21",8,8,0,6,7,2,1,2021,9
"Mildura-Melbourne","Mildura","Melbourne","Rex Airlines","Sep-21",8,8,0,8,7,0,1,2021,9
"Port Lincoln-Adelaide","Port Lincoln","Adelaide","Rex Airlines","Sep-21",168,167,1,147,143,20,24,2021,9
"Sydney-Albury","Sydney","Albury","Rex Airlines","Sep-21",9,9,0,9,9,0,0,2021,9
"Sydney-Armidale","Sydney","Armidale","Rex Airlines","Sep-21",9,9,0,8,8,1,1,2021,9
"Sydney-Ballina","Sydney","Ballina","Rex Airlines","Sep-21",8,8,0,8,8,0,0,2021,9
"Sydney-Dubbo","Sydney","Dubbo","Rex Airlines","Sep-21",14,14,0,13,13,1,1,2021,9
"Sydney-Wagga Wagga","Sydney","Wagga Wagga","Rex Airlines","Sep-21",7,7,0,6,6,1,1,2021,9
"Townsville-Cairns","Townsville","Cairns","Rex Airlines","Sep-21",13,13,0,12,12,1,1,2021,9
"Wagga Wagga-Sydney","Wagga Wagga","Sydney","Rex Airlines","Sep-21",9,9,0,7,7,2,2,2021,9
"Adelaide-Alice Springs","Adelaide","Alice Springs","Virgin Australia","Sep-21",13,13,0,10,11,3,2,2021,9
"Adelaide-Brisbane","Adelaide","Brisbane","Virgin Australia","Sep-21",59,57,2,48,54,9,3,2021,9
"Adelaide-Canberra","Adelaide","Canberra","Virgin Australia","Sep-21",12,12,0,12,12,0,0,2021,9
"Adelaide-Gold Coast","Adelaide","Gold Coast","Virgin Australia","Sep-21",22,16,6,16,16,0,0,2021,9
"Adelaide-Melbourne","Adelaide","Melbourne","Virgin Australia","Sep-21",21,21,0,19,20,2,1,2021,9
"Adelaide-Perth","Adelaide","Perth","Virgin Australia","Sep-21",55,53,2,47,48,6,5,2021,9
"Adelaide-Sydney","Adelaide","Sydney","Virgin Australia","Sep-21",22,21,1,18,19,3,2,2021,9
"Alice Springs-Adelaide","Alice Springs","Adelaide","Virgin Australia","Sep-21",13,13,0,9,8,4,5,2021,9
"Ballina-Sydney","Ballina","Sydney","Virgin Australia","Sep-21",17,17,0,14,14,3,3,2021,9
"Brisbane-Adelaide","Brisbane","Adelaide","Virgin Australia","Sep-21",62,58,4,55,57,3,1,2021,9
"Brisbane-Cairns","Brisbane","Cairns","Virgin Australia","Sep-21",123,122,1,115,117,7,5,2021,9
"Brisbane-Canberra","Brisbane","Canberra","Virgin Australia","Sep-21",17,17,0,16,16,1,1,2021,9
"Brisbane-Darwin","Brisbane","Darwin","Virgin Australia","Sep-21",31,31,0,27,30,4,1,2021,9
"Brisbane-Emerald","Brisbane","Emerald","Virgin Australia","Sep-21",26,26,0,24,24,2,2,2021,9
"Brisbane-Gladstone","Brisbane","Gladstone","Virgin Australia","Sep-21",50,43,7,42,40,1,3,2021,9
"Brisbane-Hamilton Island","Brisbane","Hamilton Island","Virgin Australia","Sep-21",38,38,0,36,37,2,1,2021,9
"Brisbane-Hobart","Brisbane","Hobart","Virgin Australia","Sep-21",42,42,0,40,41,2,1,2021,9
"Brisbane-Mackay","Brisbane","Mackay","Virgin Australia","Sep-21",87,85,2,81,82,4,3,2021,9
"Brisbane-Melbourne","Brisbane","Melbourne","Virgin Australia","Sep-21",21,21,0,12,14,9,7,2021,9
"Brisbane-Mount Isa","Brisbane","Mount Isa","Virgin Australia","Sep-21",16,16,0,16,15,0,1,2021,9
"Brisbane-Newcastle","Brisbane","Newcastle","Virgin Australia","Sep-21",15,15,0,15,15,0,0,2021,9
"Brisbane-Perth","Brisbane","Perth","Virgin Australia","Sep-21",23,22,1,18,18,4,4,2021,9
"Brisbane-Proserpine","Brisbane","Proserpine","Virgin Australia","Sep-21",44,44,0,43,43,1,1,2021,9
"Brisbane-Rockhampton","Brisbane","Rockhampton","Virgin Australia","Sep-21",80,76,4,72,73,4,3,2021,9
"Brisbane-Sydney","Brisbane","Sydney","Virgin Australia","Sep-21",25,25,0,16,19,9,6,2021,9
"Brisbane-Townsville","Brisbane","Townsville","Virgin Australia","Sep-21",87,86,1,79,83,7,3,2021,9
"Broome-Perth","Broome","Perth","Virgin Australia","Sep-21",63,63,0,54,59,9,4,2021,9
"Cairns-Brisbane","Cairns","Brisbane","Virgin Australia","Sep-21",122,121,1,113,119,8,2,2021,9
"Cairns-Melbourne","Cairns","Melbourne","Virgin Australia","Sep-21",16,16,0,15,15,1,1,2021,9
"Cairns-Sydney","Cairns","Sydney","Virgin Australia","Sep-21",17,16,1,16,16,0,0,2021,9
"Canberra-Adelaide","Canberra","Adelaide","Virgin Australia","Sep-21",12,12,0,12,12,0,0,2021,9
"Canberra-Brisbane","Canberra","Brisbane","Virgin Australia","Sep-21",17,17,0,17,17,0,0,2021,9
"Canberra-Melbourne","Canberra","Melbourne","Virgin Australia","Sep-21",17,17,0,17,17,0,0,2021,9
"Darwin-Brisbane","Darwin","Brisbane","Virgin Australia","Sep-21",31,31,0,24,27,7,4,2021,9
"Darwin-Melbourne","Darwin","Melbourne","Virgin Australia","Sep-21",16,16,0,10,10,6,6,2021,9
"Darwin-Perth","Darwin","Perth","Virgin Australia","Sep-21",18,18,0,14,14,4,4,2021,9
"Emerald-Brisbane","Emerald","Brisbane","Virgin Australia","Sep-21",26,26,0,24,24,2,2,2021,9
"Gladstone-Brisbane","Gladstone","Brisbane","Virgin Australia","Sep-21",50,43,7,40,39,3,4,2021,9
"Gold Coast-Adelaide","Gold Coast","Adelaide","Virgin Australia","Sep-21",22,16,6,16,16,0,0,2021,9
"Hamilton Island-Brisbane","Hamilton Island","Brisbane","Virgin Australia","Sep-21",38,38,0,35,35,3,3,2021,9
"Hobart-Brisbane","Hobart","Brisbane","Virgin Australia","Sep-21",42,42,0,37,38,5,4,2021,9
"Hobart-Melbourne","Hobart","Melbourne","Virgin Australia","Sep-21",21,21,0,20,20,1,1,2021,9
"Hobart-Sydney","Hobart","Sydney","Virgin Australia","Sep-21",17,17,0,17,17,0,0,2021,9
"Kalgoorlie-Perth","Kalgoorlie","Perth","Virgin Australia","Sep-21",27,27,0,11,16,16,11,2021,9
"Karratha-Perth","Karratha","Perth","Virgin Australia","Sep-21",32,32,0,20,26,12,6,2021,9
"Launceston-Melbourne","Launceston","Melbourne","Virgin Australia","Sep-21",17,17,0,17,17,0,0,2021,9
"Launceston-Sydney","Launceston","Sydney","Virgin Australia","Sep-21",17,17,0,16,16,1,1,2021,9
"Mackay-Brisbane","Mackay","Brisbane","Virgin Australia","Sep-21",86,84,2,81,83,3,1,2021,9
"Melbourne-Adelaide","Melbourne","Adelaide","Virgin Australia","Sep-21",21,21,0,21,21,0,0,2021,9
"Melbourne-Brisbane","Melbourne","Brisbane","Virgin Australia","Sep-21",21,21,0,21,21,0,0,2021,9
"Melbourne-Cairns","Melbourne","Cairns","Virgin Australia","Sep-21",16,16,0,14,14,2,2,2021,9
"Melbourne-Canberra","Melbourne","Canberra","Virgin Australia","Sep-21",17,17,0,17,17,0,0,2021,9
"Melbourne-Darwin","Melbourne","Darwin","Virgin Australia","Sep-21",16,16,0,15,13,1,3,2021,9
"Melbourne-Hobart","Melbourne","Hobart","Virgin Australia","Sep-21",21,21,0,19,20,2,1,2021,9
"Melbourne-Launceston","Melbourne","Launceston","Virgin Australia","Sep-21",17,17,0,16,16,1,1,2021,9
"Melbourne-Newcastle","Melbourne","Newcastle","Virgin Australia","Sep-21",17,17,0,14,15,3,2,2021,9
"Melbourne-Perth","Melbourne","Perth","Virgin Australia","Sep-21",21,21,0,16,18,5,3,2021,9
"Melbourne-Sydney","Melbourne","Sydney","Virgin Australia","Sep-21",26,26,0,24,24,2,2,2021,9
"Mount Isa-Brisbane","Mount Isa","Brisbane","Virgin Australia","Sep-21",16,16,0,16,16,0,0,2021,9
"Newcastle-Brisbane","Newcastle","Brisbane","Virgin Australia","Sep-21",15,15,0,15,15,0,0,2021,9
"Newcastle-Melbourne","Newcastle","Melbourne","Virgin Australia","Sep-21",17,17,0,15,14,2,3,2021,9
"Newman-Perth","Newman","Perth","Virgin Australia","Sep-21",43,43,0,37,37,6,6,2021,9
"Perth-Adelaide","Perth","Adelaide","Virgin Australia","Sep-21",54,53,1,46,46,7,7,2021,9
"Perth-Brisbane","Perth","Brisbane","Virgin Australia","Sep-21",23,22,1,16,21,6,1,2021,9
"Perth-Broome","Perth","Broome","Virgin Australia","Sep-21",63,63,0,60,60,3,3,2021,9
"Perth-Darwin","Perth","Darwin","Virgin Australia","Sep-21",18,18,0,17,17,1,1,2021,9
"Perth-Kalgoorlie","Perth","Kalgoorlie","Virgin Australia","Sep-21",27,27,0,27,27,0,0,2021,9
"Perth-Karratha","Perth","Karratha","Virgin Australia","Sep-21",32,32,0,29,27,3,5,2021,9
"Perth-Melbourne","Perth","Melbourne","Virgin Australia","Sep-21",21,21,0,6,10,15,11,2021,9
"Perth-Newman","Perth","Newman","Virgin Australia","Sep-21",43,43,0,42,42,1,1,2021,9
"Perth-Port Hedland","Perth","Port Hedland","Virgin Australia","Sep-21",15,15,0,15,14,0,1,2021,9
"Perth-Sydney","Perth","Sydney","Virgin Australia","Sep-21",22,21,1,12,19,9,2,2021,9
"Port Hedland-Perth","Port Hedland","Perth","Virgin Australia","Sep-21",15,15,0,8,11,7,4,2021,9
"Proserpine-Brisbane","Proserpine","Brisbane","Virgin Australia","Sep-21",44,44,0,43,43,1,1,2021,9
"Rockhampton-Brisbane","Rockhampton","Brisbane","Virgin Australia","Sep-21",78,75,3,72,71,3,4,2021,9
"Sydney-Adelaide","Sydney","Adelaide","Virgin Australia","Sep-21",23,23,0,21,20,2,3,2021,9
"Sydney-Ballina","Sydney","Ballina","Virgin Australia","Sep-21",17,17,0,15,14,2,3,2021,9
"Sydney-Brisbane","Sydney","Brisbane","Virgin Australia","Sep-21",25,25,0,24,24,1,1,2021,9
"Sydney-Cairns","Sydney","Cairns","Virgin Australia","Sep-21",17,17,0,16,17,1,0,2021,9
"Sydney-Hobart","Sydney","Hobart","Virgin Australia","Sep-21",17,17,0,17,17,0,0,2021,9
"Sydney-Launceston","Sydney","Launceston","Virgin Australia","Sep-21",17,17,0,13,14,4,3,2021,9
"Sydney-Melbourne","Sydney","Melbourne","Virgin Australia","Sep-21",26,26,0,23,23,3,3,2021,9
"Sydney-Perth","Sydney","Perth","Virgin Australia","Sep-21",22,22,0,20,19,2,3,2021,9
"Townsville-Brisbane","Townsville","Brisbane","Virgin Australia","Sep-21",86,85,1,81,82,4,3,2021,9
"Adelaide-Perth","Adelaide","Perth","Virgin Australia Regional Airlines","Sep-21",6,6,0,5,6,1,0,2021,9
"Broome-Perth","Broome","Perth","Virgin Australia Regional Airlines","Sep-21",15,15,0,13,15,2,0,2021,9
"Darwin-Perth","Darwin","Perth","Virgin Australia Regional Airlines","Sep-21",15,15,0,11,12,4,3,2021,9
"Kalgoorlie-Perth","Kalgoorlie","Perth","Virgin Australia Regional Airlines","Sep-21",30,30,0,26,26,4,4,2021,9
"Karratha-Perth","Karratha","Perth","Virgin Australia Regional Airlines","Sep-21",20,20,0,10,13,10,7,2021,9
"Newman-Perth","Newman","Perth","Virgin Australia Regional Airlines","Sep-21",13,13,0,13,13,0,0,2021,9
"Perth-Adelaide","Perth","Adelaide","Virgin Australia Regional Airlines","Sep-21",6,6,0,6,6,0,0,2021,9
"Perth-Broome","Perth","Broome","Virgin Australia Regional Airlines","Sep-21",15,15,0,15,15,0,0,2021,9
"Perth-Darwin","Perth","Darwin","Virgin Australia Regional Airlines","Sep-21",15,15,0,14,14,1,1,2021,9
"Perth-Kalgoorlie","Perth","Kalgoorlie","Virgin Australia Regional Airlines","Sep-21",30,30,0,28,28,2,2,2021,9
"Perth-Karratha","Perth","Karratha","Virgin Australia Regional Airlines","Sep-21",20,20,0,18,18,2,2,2021,9
"Perth-Newman","Perth","Newman","Virgin Australia Regional Airlines","Sep-21",13,13,0,13,13,0,0,2021,9
"Perth-Port Hedland","Perth","Port Hedland","Virgin Australia Regional Airlines","Sep-21",37,37,0,36,36,1,1,2021,9
"Port Hedland-Perth","Port Hedland","Perth","Virgin Australia Regional Airlines","Sep-21",37,37,0,28,30,9,7,2021,9
"Adelaide-Alice Springs","Adelaide","Alice Springs","All Airlines","Sep-21",43,41,2,38,39,3,2,2021,9
"Adelaide-Brisbane","Adelaide","Brisbane","All Airlines","Sep-21",154,147,7,132,140,15,7,2021,9
"Adelaide-Canberra","Adelaide","Canberra","All Airlines","Sep-21",29,28,1,27,28,1,0,2021,9
"Adelaide-Gold Coast","Adelaide","Gold Coast","All Airlines","Sep-21",51,45,6,43,44,2,1,2021,9
"Adelaide-Melbourne","Adelaide","Melbourne","All Airlines","Sep-21",43,38,5,34,36,4,2,2021,9
"Adelaide-Perth","Adelaide","Perth","All Airlines","Sep-21",155,151,4,137,131,14,20,2021,9
"Adelaide-Port Lincoln","Adelaide","Port Lincoln","All Airlines","Sep-21",198,197,1,182,179,15,18,2021,9
"Adelaide-Sydney","Adelaide","Sydney","All Airlines","Sep-21",38,37,1,32,34,5,3,2021,9
"Albury-Sydney","Albury","Sydney","All Airlines","Sep-21",15,15,0,14,14,1,1,2021,9
"Alice Springs-Adelaide","Alice Springs","Adelaide","All Airlines","Sep-21",43,41,2,35,32,6,9,2021,9
"Armidale-Sydney","Armidale","Sydney","All Airlines","Sep-21",17,17,0,16,16,1,1,2021,9
"Ballina-Sydney","Ballina","Sydney","All Airlines","Sep-21",33,33,0,27,28,6,5,2021,9
"Brisbane-Adelaide","Brisbane","Adelaide","All Airlines","Sep-21",158,149,9,134,138,15,11,2021,9
"Brisbane-Cairns","Brisbane","Cairns","All Airlines","Sep-21",365,360,5,331,331,29,29,2021,9
"Brisbane-Canberra","Brisbane","Canberra","All Airlines","Sep-21",39,34,5,31,30,3,4,2021,9
"Brisbane-Darwin","Brisbane","Darwin","All Airlines","Sep-21",106,106,0,98,93,8,13,2021,9
"Brisbane-Emerald","Brisbane","Emerald","All Airlines","Sep-21",136,121,15,117,117,4,4,2021,9
"Brisbane-Gladstone","Brisbane","Gladstone","All Airlines","Sep-21",160,127,33,125,124,2,3,2021,9
"Brisbane-Hamilton Island","Brisbane","Hamilton Island","All Airlines","Sep-21",73,73,0,70,69,3,4,2021,9
"Brisbane-Hobart","Brisbane","Hobart","All Airlines","Sep-21",99,99,0,94,94,5,5,2021,9
"Brisbane-Mackay","Brisbane","Mackay","All Airlines","Sep-21",226,220,6,210,212,10,8,2021,9
"Brisbane-Melbourne","Brisbane","Melbourne","All Airlines","Sep-21",44,39,5,27,29,12,10,2021,9
"Brisbane-Mount Isa","Brisbane","Mount Isa","All Airlines","Sep-21",59,58,1,56,52,2,6,2021,9
"Brisbane-Newcastle","Brisbane","Newcastle","All Airlines","Sep-21",23,23,0,23,23,0,0,2021,9
"Brisbane-Perth","Brisbane","Perth","All Airlines","Sep-21",79,48,31,43,40,5,8,2021,9
"Brisbane-Proserpine","Brisbane","Proserpine","All Airlines","Sep-21",94,94,0,88,88,6,6,2021,9
"Brisbane-Rockhampton","Brisbane","Rockhampton","All Airlines","Sep-21",206,186,20,175,175,11,11,2021,9
"Brisbane-Sydney","Brisbane","Sydney","All Airlines","Sep-21",52,52,0,40,44,12,8,2021,9
"Brisbane-Townsville","Brisbane","Townsville","All Airlines","Sep-21",259,254,5,231,235,23,19,2021,9
"Broome-Perth","Broome","Perth","All Airlines","Sep-21",176,175,1,153,163,22,12,2021,9
"Cairns-Brisbane","Cairns","Brisbane","All Airlines","Sep-21",362,357,5,329,324,28,33,2021,9
"Cairns-Melbourne","Cairns","Melbourne","All Airlines","Sep-21",33,28,5,26,26,2,2,2021,9
"Cairns-Sydney","Cairns","Sydney","All Airlines","Sep-21",29,28,1,28,28,0,0,2021,9
"Cairns-Townsville","Cairns","Townsville","All Airlines","Sep-21",130,127,3,121,122,6,5,2021,9
"Canberra-Adelaide","Canberra","Adelaide","All Airlines","Sep-21",29,28,1,28,28,0,0,2021,9
"Canberra-Brisbane","Canberra","Brisbane","All Airlines","Sep-21",38,34,4,29,30,5,4,2021,9
"Canberra-Melbourne","Canberra","Melbourne","All Airlines","Sep-21",40,39,1,37,36,2,3,2021,9
"Darwin-Brisbane","Darwin","Brisbane","All Airlines","Sep-21",104,104,0,84,82,20,22,2021,9
"Darwin-Melbourne","Darwin","Melbourne","All Airlines","Sep-21",37,35,2,28,27,7,8,2021,9
"Darwin-Perth","Darwin","Perth","All Airlines","Sep-21",91,91,0,77,74,14,17,2021,9
"Dubbo-Sydney","Dubbo","Sydney","All Airlines","Sep-21",22,22,0,21,21,1,1,2021,9
"Emerald-Brisbane","Emerald","Brisbane","All Airlines","Sep-21",136,121,15,117,117,4,4,2021,9
"Gladstone-Brisbane","Gladstone","Brisbane","All Airlines","Sep-21",159,127,32,123,121,4,6,2021,9
"Gold Coast-Adelaide","Gold Coast","Adelaide","All Airlines","Sep-21",51,45,6,43,43,2,2,2021,9
"Hamilton Island-Brisbane","Hamilton Island","Brisbane","All Airlines","Sep-21",73,73,0,62,62,11,11,2021,9
"Hobart-Brisbane","Hobart","Brisbane","All Airlines","Sep-21",99,99,0,90,92,9,7,2021,9
"Hobart-Melbourne","Hobart","Melbourne","All Airlines","Sep-21",46,43,3,42,42,1,1,2021,9
"Hobart-Sydney","Hobart","Sydney","All Airlines","Sep-21",29,29,0,29,29,0,0,2021,9
"Kalgoorlie-Perth","Kalgoorlie","Perth","All Airlines","Sep-21",131,131,0,100,106,31,25,2021,9
"Karratha-Perth","Karratha","Perth","All Airlines","Sep-21",192,192,0,153,162,39,30,2021,9
"Launceston-Melbourne","Launceston","Melbourne","All Airlines","Sep-21",40,34,6,32,32,2,2,2021,9
"Launceston-Sydney","Launceston","Sydney","All Airlines","Sep-21",28,28,0,27,27,1,1,2021,9
"Mackay-Brisbane","Mackay","Brisbane","All Airlines","Sep-21",230,223,7,211,216,12,7,2021,9
"Melbourne-Adelaide","Melbourne","Adelaide","All Airlines","Sep-21",43,38,5,34,33,4,5,2021,9
"Melbourne-Brisbane","Melbourne","Brisbane","All Airlines","Sep-21",43,38,5,33,34,5,4,2021,9
"Melbourne-Cairns","Melbourne","Cairns","All Airlines","Sep-21",33,28,5,24,26,4,2,2021,9
"Melbourne-Canberra","Melbourne","Canberra","All Airlines","Sep-21",40,39,1,38,37,1,2,2021,9
"Melbourne-Darwin","Melbourne","Darwin","All Airlines","Sep-21",38,36,2,34,30,2,6,2021,9
"Melbourne-Hobart","Melbourne","Hobart","All Airlines","Sep-21",46,43,3,41,42,2,1,2021,9
"Melbourne-Launceston","Melbourne","Launceston","All Airlines","Sep-21",40,34,6,31,32,3,2,2021,9
"Melbourne-Mildura","Melbourne","Mildura","All Airlines","Sep-21",39,36,3,34,33,2,3,2021,9
"Melbourne-Newcastle","Melbourne","Newcastle","All Airlines","Sep-21",34,33,1,29,30,4,3,2021,9
"Melbourne-Perth","Melbourne","Perth","All Airlines","Sep-21",46,43,3,35,38,8,5,2021,9
"Melbourne-Sydney","Melbourne","Sydney","All Airlines","Sep-21",83,79,4,74,75,5,4,2021,9
"Mildura-Melbourne","Mildura","Melbourne","All Airlines","Sep-21",38,36,2,34,34,2,2,2021,9
"Mount Isa-Brisbane","Mount Isa","Brisbane","All Airlines","Sep-21",59,57,2,51,52,6,5,2021,9
"Newcastle-Brisbane","Newcastle","Brisbane","All Airlines","Sep-21",23,23,0,23,23,0,0,2021,9
"Newcastle-Melbourne","Newcastle","Melbourne","All Airlines","Sep-21",34,33,1,31,30,2,3,2021,9
"Newman-Perth","Newman","Perth","All Airlines","Sep-21",173,171,2,155,153,16,18,2021,9
"Perth-Adelaide","Perth","Adelaide","All Airlines","Sep-21",154,151,3,126,133,25,18,2021,9
"Perth-Brisbane","Perth","Brisbane","All Airlines","Sep-21",78,48,30,42,43,6,5,2021,9
"Perth-Broome","Perth","Broome","All Airlines","Sep-21",174,173,1,167,168,6,5,2021,9
"Perth-Darwin","Perth","Darwin","All Airlines","Sep-21",91,91,0,87,82,4,9,2021,9
"Perth-Kalgoorlie","Perth","Kalgoorlie","All Airlines","Sep-21",131,131,0,123,124,8,7,2021,9
"Perth-Karratha","Perth","Karratha","All Airlines","Sep-21",188,188,0,170,166,18,22,2021,9
"Perth-Melbourne","Perth","Melbourne","All Airlines","Sep-21",46,43,3,27,32,16,11,2021,9
"Perth-Newman","Perth","Newman","All Airlines","Sep-21",173,171,2,160,162,11,9,2021,9
"Perth-Port Hedland","Perth","Port Hedland","All Airlines","Sep-21",175,175,0,171,162,4,13,2021,9
"Perth-Sydney","Perth","Sydney","All Airlines","Sep-21",42,41,1,31,36,10,5,2021,9
"Port Hedland-Perth","Port Hedland","Perth","All Airlines","Sep-21",174,173,1,144,138,29,35,2021,9
"Port Lincoln-Adelaide","Port Lincoln","Adelaide","All Airlines","Sep-21",198,197,1,177,172,20,25,2021,9
"Proserpine-Brisbane","Proserpine","Brisbane","All Airlines","Sep-21",95,94,1,87,89,7,5,2021,9
"Rockhampton-Brisbane","Rockhampton","Brisbane","All Airlines","Sep-21",204,185,19,173,169,12,16,2021,9
"Sydney-Adelaide","Sydney","Adelaide","All Airlines","Sep-21",39,39,0,36,35,3,4,2021,9
"Sydney-Albury","Sydney","Albury","All Airlines","Sep-21",17,17,0,17,16,0,1,2021,9
"Sydney-Armidale","Sydney","Armidale","All Airlines","Sep-21",17,17,0,15,15,2,2,2021,9
"Sydney-Ballina","Sydney","Ballina","All Airlines","Sep-21",33,33,0,31,29,2,4,2021,9
"Sydney-Brisbane","Sydney","Brisbane","All Airlines","Sep-21",58,57,1,54,55,3,2,2021,9
"Sydney-Cairns","Sydney","Cairns","All Airlines","Sep-21",29,29,0,28,29,1,0,2021,9
"Sydney-Dubbo","Sydney","Dubbo","All Airlines","Sep-21",22,22,0,21,21,1,1,2021,9
"Sydney-Hobart","Sydney","Hobart","All Airlines","Sep-21",29,29,0,29,29,0,0,2021,9
"Sydney-Launceston","Sydney","Launceston","All Airlines","Sep-21",28,28,0,24,25,4,3,2021,9
"Sydney-Melbourne","Sydney","Melbourne","All Airlines","Sep-21",70,66,4,61,62,5,4,2021,9
"Sydney-Perth","Sydney","Perth","All Airlines","Sep-21",43,41,2,39,37,2,4,2021,9
"Sydney-Wagga Wagga","Sydney","Wagga Wagga","All Airlines","Sep-21",15,15,0,14,13,1,2,2021,9
"Townsville-Brisbane","Townsville","Brisbane","All Airlines","Sep-21",257,254,3,230,229,24,25,2021,9
"Townsville-Cairns","Townsville","Cairns","All Airlines","Sep-21",130,126,4,116,119,10,7,2021,9
"Wagga Wagga-Sydney","Wagga Wagga","Sydney","All Airlines","Sep-21",17,17,0,14,14,3,3,2021,9
"Adelaide-Brisbane","Adelaide","Brisbane","Jetstar","Oct-21",32,27,5,22,23,5,4,2021,10
"Adelaide-Melbourne","Adelaide","Melbourne","Jetstar","Oct-21",18,18,0,16,17,2,1,2021,10
"Adelaide-Perth","Adelaide","Perth","Jetstar","Oct-21",26,24,2,22,22,2,2,2021,10
"Adelaide-Sydney","Adelaide","Sydney","Jetstar","Oct-21",19,19,0,19,19,0,0,2021,10
"Brisbane-Adelaide","Brisbane","Adelaide","Jetstar","Oct-21",32,27,5,13,16,14,11,2021,10
"Brisbane-Cairns","Brisbane","Cairns","Jetstar","Oct-21",100,100,0,81,87,19,13,2021,10
"Brisbane-Darwin","Brisbane","Darwin","Jetstar","Oct-21",23,23,0,21,18,2,5,2021,10
"Brisbane-Hobart","Brisbane","Hobart","Jetstar","Oct-21",26,24,2,21,21,3,3,2021,10
"Brisbane-Mackay","Brisbane","Mackay","Jetstar","Oct-21",31,31,0,26,30,5,1,2021,10
"Brisbane-Melbourne","Brisbane","Melbourne","Jetstar","Oct-21",18,18,0,5,7,13,11,2021,10
"Brisbane-Newcastle","Brisbane","Newcastle","Jetstar","Oct-21",10,10,0,8,8,2,2,2021,10
"Brisbane-Proserpine","Brisbane","Proserpine","Jetstar","Oct-21",38,36,2,32,32,4,4,2021,10
"Brisbane-Townsville","Brisbane","Townsville","Jetstar","Oct-21",62,61,1,51,52,10,9,2021,10
"Cairns-Brisbane","Cairns","Brisbane","Jetstar","Oct-21",101,101,0,92,90,9,11,2021,10
"Cairns-Melbourne","Cairns","Melbourne","Jetstar","Oct-21",13,13,0,13,12,0,1,2021,10
"Cairns-Sydney","Cairns","Sydney","Jetstar","Oct-21",15,15,0,12,13,3,2,2021,10
"Darwin-Brisbane","Darwin","Brisbane","Jetstar","Oct-21",23,23,0,12,14,11,9,2021,10
"Hobart-Brisbane","Hobart","Brisbane","Jetstar","Oct-21",26,24,2,19,20,5,4,2021,10
"Hobart-Melbourne","Hobart","Melbourne","Jetstar","Oct-21",23,23,0,21,20,2,3,2021,10
"Hobart-Sydney","Hobart","Sydney","Jetstar","Oct-21",14,14,0,13,13,1,1,2021,10
"Launceston-Sydney","Launceston","Sydney","Jetstar","Oct-21",15,15,0,14,14,1,1,2021,10
"Mackay-Brisbane","Mackay","Brisbane","Jetstar","Oct-21",31,31,0,30,29,1,2,2021,10
"Melbourne-Adelaide","Melbourne","Adelaide","Jetstar","Oct-21",18,18,0,14,18,4,0,2021,10
"Melbourne-Brisbane","Melbourne","Brisbane","Jetstar","Oct-21",18,18,0,15,16,3,2,2021,10
"Melbourne-Cairns","Melbourne","Cairns","Jetstar","Oct-21",14,14,0,12,13,2,1,2021,10
"Melbourne-Hobart","Melbourne","Hobart","Jetstar","Oct-21",23,23,0,20,20,3,3,2021,10
"Melbourne-Newcastle","Melbourne","Newcastle","Jetstar","Oct-21",18,18,0,18,18,0,0,2021,10
"Melbourne-Sydney","Melbourne","Sydney","Jetstar","Oct-21",14,12,2,10,11,2,1,2021,10
"Newcastle-Brisbane","Newcastle","Brisbane","Jetstar","Oct-21",10,10,0,8,7,2,3,2021,10
"Newcastle-Melbourne","Newcastle","Melbourne","Jetstar","Oct-21",18,18,0,18,18,0,0,2021,10
"Perth-Adelaide","Perth","Adelaide","Jetstar","Oct-21",26,24,2,11,20,13,4,2021,10
"Proserpine-Brisbane","Proserpine","Brisbane","Jetstar","Oct-21",38,36,2,29,26,7,10,2021,10
"Sydney-Adelaide","Sydney","Adelaide","Jetstar","Oct-21",19,19,0,17,18,2,1,2021,10
"Sydney-Cairns","Sydney","Cairns","Jetstar","Oct-21",15,15,0,14,13,1,2,2021,10
"Sydney-Hobart","Sydney","Hobart","Jetstar","Oct-21",14,14,0,13,13,1,1,2021,10
"Sydney-Launceston","Sydney","Launceston","Jetstar","Oct-21",15,15,0,15,15,0,0,2021,10
"Sydney-Melbourne","Sydney","Melbourne","Jetstar","Oct-21",15,13,2,12,12,1,1,2021,10
"Townsville-Brisbane","Townsville","Brisbane","Jetstar","Oct-21",62,61,1,51,49,10,12,2021,10
"Adelaide-Alice Springs","Adelaide","Alice Springs","Qantas","Oct-21",31,31,0,30,29,1,2,2021,10
"Adelaide-Brisbane","Adelaide","Brisbane","Qantas","Oct-21",82,76,6,74,73,2,3,2021,10
"Adelaide-Canberra","Adelaide","Canberra","Qantas","Oct-21",18,16,2,16,16,0,0,2021,10
"Adelaide-Perth","Adelaide","Perth","Qantas","Oct-21",86,86,0,81,76,5,10,2021,10
"Alice Springs-Adelaide","Alice Springs","Adelaide","Qantas","Oct-21",31,31,0,27,27,4,4,2021,10
"Brisbane-Adelaide","Brisbane","Adelaide","Qantas","Oct-21",82,76,6,71,69,5,7,2021,10
"Brisbane-Cairns","Brisbane","Cairns","Qantas","Oct-21",121,121,0,116,116,5,5,2021,10
"Brisbane-Darwin","Brisbane","Darwin","Qantas","Oct-21",44,39,5,36,34,3,5,2021,10
"Brisbane-Hamilton Island","Brisbane","Hamilton Island","Qantas","Oct-21",39,39,0,33,31,6,8,2021,10
"Brisbane-Hobart","Brisbane","Hobart","Qantas","Oct-21",23,22,1,21,22,1,0,2021,10
"Brisbane-Mackay","Brisbane","Mackay","Qantas","Oct-21",80,74,6,73,72,1,2,2021,10
"Brisbane-Mount Isa","Brisbane","Mount Isa","Qantas","Oct-21",34,34,0,31,29,3,5,2021,10
"Brisbane-Perth","Brisbane","Perth","Qantas","Oct-21",47,35,12,31,24,4,11,2021,10
"Brisbane-Sydney","Brisbane","Sydney","Qantas","Oct-21",31,31,0,27,28,4,3,2021,10
"Brisbane-Townsville","Brisbane","Townsville","Qantas","Oct-21",109,98,11,93,90,5,8,2021,10
"Broome-Perth","Broome","Perth","Qantas","Oct-21",45,45,0,40,43,5,2,2021,10
"Cairns-Brisbane","Cairns","Brisbane","Qantas","Oct-21",120,119,1,114,108,5,11,2021,10
"Canberra-Adelaide","Canberra","Adelaide","Qantas","Oct-21",18,16,2,16,16,0,0,2021,10
"Darwin-Brisbane","Darwin","Brisbane","Qantas","Oct-21",42,37,5,31,22,6,15,2021,10
"Darwin-Perth","Darwin","Perth","Qantas","Oct-21",60,60,0,56,54,4,6,2021,10
"Hamilton Island-Brisbane","Hamilton Island","Brisbane","Qantas","Oct-21",38,38,0,27,24,11,14,2021,10
"Hobart-Brisbane","Hobart","Brisbane","Qantas","Oct-21",23,21,2,21,20,0,1,2021,10
"Kalgoorlie-Perth","Kalgoorlie","Perth","Qantas","Oct-21",13,13,0,9,12,4,1,2021,10
"Karratha-Perth","Karratha","Perth","Qantas","Oct-21",32,31,1,27,30,4,1,2021,10
"Mackay-Brisbane","Mackay","Brisbane","Qantas","Oct-21",80,71,9,69,67,2,4,2021,10
"Melbourne-Perth","Melbourne","Perth","Qantas","Oct-21",21,20,1,16,17,4,3,2021,10
"Melbourne-Sydney","Melbourne","Sydney","Qantas","Oct-21",62,62,0,57,58,5,4,2021,10
"Mount Isa-Brisbane","Mount Isa","Brisbane","Qantas","Oct-21",34,34,0,29,28,5,6,2021,10
"Newman-Perth","Newman","Perth","Qantas","Oct-21",8,8,0,6,6,2,2,2021,10
"Perth-Adelaide","Perth","Adelaide","Qantas","Oct-21",85,85,0,72,73,13,12,2021,10
"Perth-Brisbane","Perth","Brisbane","Qantas","Oct-21",47,35,12,32,30,3,5,2021,10
"Perth-Broome","Perth","Broome","Qantas","Oct-21",45,45,0,42,43,3,2,2021,10
"Perth-Darwin","Perth","Darwin","Qantas","Oct-21",61,61,0,58,55,3,6,2021,10
"Perth-Kalgoorlie","Perth","Kalgoorlie","Qantas","Oct-21",14,14,0,13,12,1,2,2021,10
"Perth-Karratha","Perth","Karratha","Qantas","Oct-21",32,31,1,29,27,2,4,2021,10
"Perth-Melbourne","Perth","Melbourne","Qantas","Oct-21",21,21,0,19,16,2,5,2021,10
"Perth-Newman","Perth","Newman","Qantas","Oct-21",8,8,0,8,8,0,0,2021,10
"Perth-Port Hedland","Perth","Port Hedland","Qantas","Oct-21",40,40,0,37,33,3,7,2021,10
"Perth-Sydney","Perth","Sydney","Qantas","Oct-21",17,17,0,14,15,3,2,2021,10
"Port Hedland-Perth","Port Hedland","Perth","Qantas","Oct-21",40,40,0,35,36,5,4,2021,10
"Sydney-Brisbane","Sydney","Brisbane","Qantas","Oct-21",33,32,1,29,27,3,5,2021,10
"Sydney-Melbourne","Sydney","Melbourne","Qantas","Oct-21",46,46,0,44,44,2,2,2021,10
"Sydney-Perth","Sydney","Perth","Qantas","Oct-21",16,16,0,13,11,3,5,2021,10
"Townsville-Brisbane","Townsville","Brisbane","Qantas","Oct-21",107,97,10,91,83,6,14,2021,10
"Adelaide-Port Lincoln","Adelaide","Port Lincoln","QantasLink","Oct-21",51,51,0,47,47,4,4,2021,10
"Albury-Sydney","Albury","Sydney","QantasLink","Oct-21",15,15,0,15,14,0,1,2021,10
"Armidale-Sydney","Armidale","Sydney","QantasLink","Oct-21",15,14,1,11,12,3,2,2021,10
"Ballina-Sydney","Ballina","Sydney","QantasLink","Oct-21",23,23,0,16,14,7,9,2021,10
"Brisbane-Cairns","Brisbane","Cairns","QantasLink","Oct-21",15,15,0,14,14,1,1,2021,10
"Brisbane-Canberra","Brisbane","Canberra","QantasLink","Oct-21",18,18,0,14,15,4,3,2021,10
"Brisbane-Emerald","Brisbane","Emerald","QantasLink","Oct-21",117,107,10,98,97,9,10,2021,10
"Brisbane-Gladstone","Brisbane","Gladstone","QantasLink","Oct-21",109,91,18,86,86,5,5,2021,10
"Brisbane-Hobart","Brisbane","Hobart","QantasLink","Oct-21",16,16,0,13,13,3,3,2021,10
"Brisbane-Mackay","Brisbane","Mackay","QantasLink","Oct-21",27,19,8,15,14,4,5,2021,10
"Brisbane-Mount Isa","Brisbane","Mount Isa","QantasLink","Oct-21",19,18,1,13,15,5,3,2021,10
"Brisbane-Proserpine","Brisbane","Proserpine","QantasLink","Oct-21",35,34,1,32,32,2,2,2021,10
"Brisbane-Rockhampton","Brisbane","Rockhampton","QantasLink","Oct-21",138,123,15,111,113,12,10,2021,10
"Broome-Perth","Broome","Perth","QantasLink","Oct-21",51,51,0,41,42,10,9,2021,10
"Cairns-Brisbane","Cairns","Brisbane","QantasLink","Oct-21",15,15,0,14,10,1,5,2021,10
"Cairns-Townsville","Cairns","Townsville","QantasLink","Oct-21",118,114,4,106,107,8,7,2021,10
"Canberra-Brisbane","Canberra","Brisbane","QantasLink","Oct-21",18,18,0,14,16,4,2,2021,10
"Canberra-Melbourne","Canberra","Melbourne","QantasLink","Oct-21",22,22,0,19,18,3,4,2021,10
"Dubbo-Sydney","Dubbo","Sydney","QantasLink","Oct-21",16,16,0,11,11,5,5,2021,10
"Emerald-Brisbane","Emerald","Brisbane","QantasLink","Oct-21",116,106,10,96,95,10,11,2021,10
"Gladstone-Brisbane","Gladstone","Brisbane","QantasLink","Oct-21",109,90,19,79,79,11,11,2021,10
"Hobart-Brisbane","Hobart","Brisbane","QantasLink","Oct-21",16,16,0,13,12,3,4,2021,10
"Kalgoorlie-Perth","Kalgoorlie","Perth","QantasLink","Oct-21",61,59,2,49,50,10,9,2021,10
"Karratha-Perth","Karratha","Perth","QantasLink","Oct-21",104,102,2,91,96,11,6,2021,10
"Launceston-Melbourne","Launceston","Melbourne","QantasLink","Oct-21",17,17,0,16,16,1,1,2021,10
"Mackay-Brisbane","Mackay","Brisbane","QantasLink","Oct-21",31,24,7,16,16,8,8,2021,10
"Melbourne-Canberra","Melbourne","Canberra","QantasLink","Oct-21",22,22,0,20,20,2,2,2021,10
"Melbourne-Launceston","Melbourne","Launceston","QantasLink","Oct-21",17,17,0,16,16,1,1,2021,10
"Melbourne-Mildura","Melbourne","Mildura","QantasLink","Oct-21",13,13,0,11,10,2,3,2021,10
"Mildura-Melbourne","Mildura","Melbourne","QantasLink","Oct-21",13,13,0,9,9,4,4,2021,10
"Mount Isa-Brisbane","Mount Isa","Brisbane","QantasLink","Oct-21",19,18,1,16,16,2,2,2021,10
"Newman-Perth","Newman","Perth","QantasLink","Oct-21",106,100,6,85,88,15,12,2021,10
"Perth-Broome","Perth","Broome","QantasLink","Oct-21",50,50,0,47,46,3,4,2021,10
"Perth-Kalgoorlie","Perth","Kalgoorlie","QantasLink","Oct-21",61,60,1,53,53,7,7,2021,10
"Perth-Karratha","Perth","Karratha","QantasLink","Oct-21",101,100,1,95,91,5,9,2021,10
"Perth-Newman","Perth","Newman","QantasLink","Oct-21",106,100,6,95,91,5,9,2021,10
"Perth-Port Hedland","Perth","Port Hedland","QantasLink","Oct-21",79,78,1,69,63,9,15,2021,10
"Port Hedland-Perth","Port Hedland","Perth","QantasLink","Oct-21",79,78,1,63,64,15,14,2021,10
"Port Lincoln-Adelaide","Port Lincoln","Adelaide","QantasLink","Oct-21",51,51,0,46,47,5,4,2021,10
"Proserpine-Brisbane","Proserpine","Brisbane","QantasLink","Oct-21",35,33,2,28,28,5,5,2021,10
"Rockhampton-Brisbane","Rockhampton","Brisbane","QantasLink","Oct-21",138,122,16,103,94,19,28,2021,10
"Sydney-Albury","Sydney","Albury","QantasLink","Oct-21",15,15,0,15,15,0,0,2021,10
"Sydney-Armidale","Sydney","Armidale","QantasLink","Oct-21",15,14,1,12,12,2,2,2021,10
"Sydney-Ballina","Sydney","Ballina","QantasLink","Oct-21",24,24,0,21,20,3,4,2021,10
"Sydney-Dubbo","Sydney","Dubbo","QantasLink","Oct-21",16,16,0,12,13,4,3,2021,10
"Sydney-Wagga Wagga","Sydney","Wagga Wagga","QantasLink","Oct-21",16,15,1,13,13,2,2,2021,10
"Townsville-Cairns","Townsville","Cairns","QantasLink","Oct-21",118,114,4,107,110,7,4,2021,10
"Wagga Wagga-Sydney","Wagga Wagga","Sydney","QantasLink","Oct-21",16,15,1,13,12,2,3,2021,10
"Adelaide-Port Lincoln","Adelaide","Port Lincoln","Rex Airlines","Oct-21",170,170,0,157,148,13,22,2021,10
"Albury-Sydney","Albury","Sydney","Rex Airlines","Oct-21",8,8,0,6,8,2,0,2021,10
"Armidale-Sydney","Armidale","Sydney","Rex Airlines","Oct-21",8,8,0,6,6,2,2,2021,10
"Ballina-Sydney","Ballina","Sydney","Rex Airlines","Oct-21",9,9,0,9,8,0,1,2021,10
"Cairns-Townsville","Cairns","Townsville","Rex Airlines","Oct-21",14,14,0,13,13,1,1,2021,10
"Dubbo-Sydney","Dubbo","Sydney","Rex Airlines","Oct-21",14,14,0,12,13,2,1,2021,10
"Melbourne-Mildura","Melbourne","Mildura","Rex Airlines","Oct-21",10,10,0,9,8,1,2,2021,10
"Mildura-Melbourne","Mildura","Melbourne","Rex Airlines","Oct-21",10,10,0,9,9,1,1,2021,10
"Port Lincoln-Adelaide","Port Lincoln","Adelaide","Rex Airlines","Oct-21",170,170,0,145,148,25,22,2021,10
"Sydney-Albury","Sydney","Albury","Rex Airlines","Oct-21",9,9,0,7,7,2,2,2021,10
"Sydney-Armidale","Sydney","Armidale","Rex Airlines","Oct-21",8,8,0,5,5,3,3,2021,10
"Sydney-Ballina","Sydney","Ballina","Rex Airlines","Oct-21",9,9,0,9,9,0,0,2021,10
"Sydney-Dubbo","Sydney","Dubbo","Rex Airlines","Oct-21",14,14,0,11,10,3,4,2021,10
"Sydney-Wagga Wagga","Sydney","Wagga Wagga","Rex Airlines","Oct-21",9,9,0,8,8,1,1,2021,10
"Townsville-Cairns","Townsville","Cairns","Rex Airlines","Oct-21",14,14,0,13,13,1,1,2021,10
"Wagga Wagga-Sydney","Wagga Wagga","Sydney","Rex Airlines","Oct-21",10,10,0,7,9,3,1,2021,10
"Adelaide-Alice Springs","Adelaide","Alice Springs","Virgin Australia","Oct-21",13,13,0,12,12,1,1,2021,10
"Adelaide-Brisbane","Adelaide","Brisbane","Virgin Australia","Oct-21",92,82,10,74,76,8,6,2021,10
"Adelaide-Canberra","Adelaide","Canberra","Virgin Australia","Oct-21",14,14,0,12,12,2,2,2021,10
"Adelaide-Melbourne","Adelaide","Melbourne","Virgin Australia","Oct-21",23,23,0,19,21,4,2,2021,10
"Adelaide-Perth","Adelaide","Perth","Virgin Australia","Oct-21",37,37,0,33,31,4,6,2021,10
"Adelaide-Sydney","Adelaide","Sydney","Virgin Australia","Oct-21",20,20,0,18,18,2,2,2021,10
"Alice Springs-Adelaide","Alice Springs","Adelaide","Virgin Australia","Oct-21",13,13,0,12,12,1,1,2021,10
"Ballina-Sydney","Ballina","Sydney","Virgin Australia","Oct-21",18,18,0,17,16,1,2,2021,10
"Brisbane-Adelaide","Brisbane","Adelaide","Virgin Australia","Oct-21",93,82,11,75,75,7,7,2021,10
"Brisbane-Cairns","Brisbane","Cairns","Virgin Australia","Oct-21",152,150,2,136,141,14,9,2021,10
"Brisbane-Canberra","Brisbane","Canberra","Virgin Australia","Oct-21",18,18,0,17,16,1,2,2021,10
"Brisbane-Darwin","Brisbane","Darwin","Virgin Australia","Oct-21",32,31,1,31,31,0,0,2021,10
"Brisbane-Emerald","Brisbane","Emerald","Virgin Australia","Oct-21",26,26,0,25,26,1,0,2021,10
"Brisbane-Gladstone","Brisbane","Gladstone","Virgin Australia","Oct-21",50,49,1,45,45,4,4,2021,10
"Brisbane-Hamilton Island","Brisbane","Hamilton Island","Virgin Australia","Oct-21",54,54,0,53,53,1,1,2021,10
"Brisbane-Hobart","Brisbane","Hobart","Virgin Australia","Oct-21",59,54,5,48,51,6,3,2021,10
"Brisbane-Mackay","Brisbane","Mackay","Virgin Australia","Oct-21",118,104,14,99,100,5,4,2021,10
"Brisbane-Melbourne","Brisbane","Melbourne","Virgin Australia","Oct-21",23,22,1,6,9,16,13,2021,10
"Brisbane-Mount Isa","Brisbane","Mount Isa","Virgin Australia","Oct-21",17,17,0,17,15,0,2,2021,10
"Brisbane-Newcastle","Brisbane","Newcastle","Virgin Australia","Oct-21",18,17,1,17,17,0,0,2021,10
"Brisbane-Perth","Brisbane","Perth","Virgin Australia","Oct-21",25,24,1,22,24,2,0,2021,10
"Brisbane-Proserpine","Brisbane","Proserpine","Virgin Australia","Oct-21",57,57,0,51,50,6,7,2021,10
"Brisbane-Rockhampton","Brisbane","Rockhampton","Virgin Australia","Oct-21",103,98,5,88,88,10,10,2021,10
"Brisbane-Sydney","Brisbane","Sydney","Virgin Australia","Oct-21",26,26,0,10,13,16,13,2021,10
"Brisbane-Townsville","Brisbane","Townsville","Virgin Australia","Oct-21",124,113,11,105,106,8,7,2021,10
"Broome-Perth","Broome","Perth","Virgin Australia","Oct-21",62,62,0,47,60,15,2,2021,10
"Cairns-Brisbane","Cairns","Brisbane","Virgin Australia","Oct-21",152,150,2,139,136,11,14,2021,10
"Cairns-Melbourne","Cairns","Melbourne","Virgin Australia","Oct-21",19,19,0,18,17,1,2,2021,10
"Cairns-Sydney","Cairns","Sydney","Virgin Australia","Oct-21",18,18,0,17,16,1,2,2021,10
"Canberra-Adelaide","Canberra","Adelaide","Virgin Australia","Oct-21",14,14,0,13,13,1,1,2021,10
"Canberra-Brisbane","Canberra","Brisbane","Virgin Australia","Oct-21",18,18,0,17,16,1,2,2021,10
"Canberra-Melbourne","Canberra","Melbourne","Virgin Australia","Oct-21",18,18,0,18,18,0,0,2021,10
"Darwin-Brisbane","Darwin","Brisbane","Virgin Australia","Oct-21",32,31,1,26,28,5,3,2021,10
"Darwin-Perth","Darwin","Perth","Virgin Australia","Oct-21",19,19,0,13,14,6,5,2021,10
"Emerald-Brisbane","Emerald","Brisbane","Virgin Australia","Oct-21",27,27,0,27,26,0,1,2021,10
"Gladstone-Brisbane","Gladstone","Brisbane","Virgin Australia","Oct-21",50,49,1,43,40,6,9,2021,10
"Hamilton Island-Brisbane","Hamilton Island","Brisbane","Virgin Australia","Oct-21",54,54,0,52,51,2,3,2021,10
"Hobart-Brisbane","Hobart","Brisbane","Virgin Australia","Oct-21",59,53,6,42,42,11,11,2021,10
"Hobart-Melbourne","Hobart","Melbourne","Virgin Australia","Oct-21",23,23,0,20,20,3,3,2021,10
"Hobart-Sydney","Hobart","Sydney","Virgin Australia","Oct-21",18,17,1,16,17,1,0,2021,10
"Kalgoorlie-Perth","Kalgoorlie","Perth","Virgin Australia","Oct-21",25,25,0,16,15,9,10,2021,10
"Karratha-Perth","Karratha","Perth","Virgin Australia","Oct-21",31,31,0,27,30,4,1,2021,10
"Launceston-Melbourne","Launceston","Melbourne","Virgin Australia","Oct-21",18,17,1,15,15,2,2,2021,10
"Launceston-Sydney","Launceston","Sydney","Virgin Australia","Oct-21",18,18,0,18,18,0,0,2021,10
"Mackay-Brisbane","Mackay","Brisbane","Virgin Australia","Oct-21",118,104,14,96,98,8,6,2021,10
"Melbourne-Adelaide","Melbourne","Adelaide","Virgin Australia","Oct-21",23,23,0,22,22,1,1,2021,10
"Melbourne-Brisbane","Melbourne","Brisbane","Virgin Australia","Oct-21",23,23,0,22,22,1,1,2021,10
"Melbourne-Cairns","Melbourne","Cairns","Virgin Australia","Oct-21",19,19,0,18,18,1,1,2021,10
"Melbourne-Canberra","Melbourne","Canberra","Virgin Australia","Oct-21",18,18,0,17,17,1,1,2021,10
"Melbourne-Hobart","Melbourne","Hobart","Virgin Australia","Oct-21",23,23,0,21,21,2,2,2021,10
"Melbourne-Launceston","Melbourne","Launceston","Virgin Australia","Oct-21",18,17,1,16,16,1,1,2021,10
"Melbourne-Newcastle","Melbourne","Newcastle","Virgin Australia","Oct-21",18,18,0,13,13,5,5,2021,10
"Melbourne-Perth","Melbourne","Perth","Virgin Australia","Oct-21",23,23,0,20,21,3,2,2021,10
"Melbourne-Sydney","Melbourne","Sydney","Virgin Australia","Oct-21",33,33,0,30,32,3,1,2021,10
"Mount Isa-Brisbane","Mount Isa","Brisbane","Virgin Australia","Oct-21",17,17,0,16,14,1,3,2021,10
"Newcastle-Brisbane","Newcastle","Brisbane","Virgin Australia","Oct-21",18,17,1,17,17,0,0,2021,10
"Newcastle-Melbourne","Newcastle","Melbourne","Virgin Australia","Oct-21",18,18,0,13,13,5,5,2021,10
"Newman-Perth","Newman","Perth","Virgin Australia","Oct-21",41,40,1,23,29,17,11,2021,10
"Perth-Adelaide","Perth","Adelaide","Virgin Australia","Oct-21",37,37,0,36,36,1,1,2021,10
"Perth-Brisbane","Perth","Brisbane","Virgin Australia","Oct-21",25,24,1,17,21,7,3,2021,10
"Perth-Broome","Perth","Broome","Virgin Australia","Oct-21",62,62,0,58,57,4,5,2021,10
"Perth-Darwin","Perth","Darwin","Virgin Australia","Oct-21",19,19,0,17,17,2,2,2021,10
"Perth-Kalgoorlie","Perth","Kalgoorlie","Virgin Australia","Oct-21",25,25,0,24,25,1,0,2021,10
"Perth-Karratha","Perth","Karratha","Virgin Australia","Oct-21",31,31,0,31,27,0,4,2021,10
"Perth-Melbourne","Perth","Melbourne","Virgin Australia","Oct-21",23,22,1,15,19,7,3,2021,10
"Perth-Newman","Perth","Newman","Virgin Australia","Oct-21",41,41,0,38,36,3,5,2021,10
"Perth-Port Hedland","Perth","Port Hedland","Virgin Australia","Oct-21",11,11,0,9,8,2,3,2021,10
"Perth-Sydney","Perth","Sydney","Virgin Australia","Oct-21",21,21,0,15,21,6,0,2021,10
"Port Hedland-Perth","Port Hedland","Perth","Virgin Australia","Oct-21",11,11,0,6,8,5,3,2021,10
"Proserpine-Brisbane","Proserpine","Brisbane","Virgin Australia","Oct-21",57,57,0,48,49,9,8,2021,10
"Rockhampton-Brisbane","Rockhampton","Brisbane","Virgin Australia","Oct-21",104,99,5,92,93,7,6,2021,10
"Sydney-Adelaide","Sydney","Adelaide","Virgin Australia","Oct-21",20,19,1,19,19,0,0,2021,10
"Sydney-Ballina","Sydney","Ballina","Virgin Australia","Oct-21",18,18,0,17,17,1,1,2021,10
"Sydney-Brisbane","Sydney","Brisbane","Virgin Australia","Oct-21",25,25,0,22,24,3,1,2021,10
"Sydney-Cairns","Sydney","Cairns","Virgin Australia","Oct-21",18,18,0,17,18,1,0,2021,10
"Sydney-Hobart","Sydney","Hobart","Virgin Australia","Oct-21",18,18,0,18,18,0,0,2021,10
"Sydney-Launceston","Sydney","Launceston","Virgin Australia","Oct-21",18,18,0,17,18,1,0,2021,10
"Sydney-Melbourne","Sydney","Melbourne","Virgin Australia","Oct-21",33,33,0,28,29,5,4,2021,10
"Sydney-Perth","Sydney","Perth","Virgin Australia","Oct-21",21,21,0,20,20,1,1,2021,10
"Townsville-Brisbane","Townsville","Brisbane","Virgin Australia","Oct-21",124,113,11,105,104,8,9,2021,10
"Adelaide-Perth","Adelaide","Perth","Virgin Australia Regional Airlines","Oct-21",10,8,2,6,7,2,1,2021,10
"Broome-Perth","Broome","Perth","Virgin Australia Regional Airlines","Oct-21",19,17,2,12,14,5,3,2021,10
"Darwin-Perth","Darwin","Perth","Virgin Australia Regional Airlines","Oct-21",18,17,1,16,15,1,2,2021,10
"Kalgoorlie-Perth","Kalgoorlie","Perth","Virgin Australia Regional Airlines","Oct-21",31,31,0,26,29,5,2,2021,10
"Karratha-Perth","Karratha","Perth","Virgin Australia Regional Airlines","Oct-21",21,21,0,10,15,11,6,2021,10
"Newman-Perth","Newman","Perth","Virgin Australia Regional Airlines","Oct-21",14,14,0,11,10,3,4,2021,10
"Perth-Adelaide","Perth","Adelaide","Virgin Australia Regional Airlines","Oct-21",10,8,2,8,7,0,1,2021,10
"Perth-Broome","Perth","Broome","Virgin Australia Regional Airlines","Oct-21",19,17,2,16,15,1,2,2021,10
"Perth-Darwin","Perth","Darwin","Virgin Australia Regional Airlines","Oct-21",18,18,0,18,17,0,1,2021,10
"Perth-Kalgoorlie","Perth","Kalgoorlie","Virgin Australia Regional Airlines","Oct-21",31,31,0,29,28,2,3,2021,10
"Perth-Karratha","Perth","Karratha","Virgin Australia Regional Airlines","Oct-21",21,21,0,17,16,4,5,2021,10
"Perth-Newman","Perth","Newman","Virgin Australia Regional Airlines","Oct-21",14,14,0,11,11,3,3,2021,10
"Perth-Port Hedland","Perth","Port Hedland","Virgin Australia Regional Airlines","Oct-21",41,41,0,37,38,4,3,2021,10
"Port Hedland-Perth","Port Hedland","Perth","Virgin Australia Regional Airlines","Oct-21",41,41,0,32,34,9,7,2021,10
"Adelaide-Alice Springs","Adelaide","Alice Springs","All Airlines","Oct-21",44,44,0,42,41,2,3,2021,10
"Adelaide-Brisbane","Adelaide","Brisbane","All Airlines","Oct-21",206,185,21,170,172,15,13,2021,10
"Adelaide-Canberra","Adelaide","Canberra","All Airlines","Oct-21",32,30,2,28,28,2,2,2021,10
"Adelaide-Melbourne","Adelaide","Melbourne","All Airlines","Oct-21",41,41,0,35,38,6,3,2021,10
"Adelaide-Perth","Adelaide","Perth","All Airlines","Oct-21",159,155,4,142,136,13,19,2021,10
"Adelaide-Port Lincoln","Adelaide","Port Lincoln","All Airlines","Oct-21",221,221,0,204,195,17,26,2021,10
"Adelaide-Sydney","Adelaide","Sydney","All Airlines","Oct-21",39,39,0,37,37,2,2,2021,10
"Albury-Sydney","Albury","Sydney","All Airlines","Oct-21",23,23,0,21,22,2,1,2021,10
"Alice Springs-Adelaide","Alice Springs","Adelaide","All Airlines","Oct-21",44,44,0,39,39,5,5,2021,10
"Armidale-Sydney","Armidale","Sydney","All Airlines","Oct-21",23,22,1,17,18,5,4,2021,10
"Ballina-Sydney","Ballina","Sydney","All Airlines","Oct-21",50,50,0,42,38,8,12,2021,10
"Brisbane-Adelaide","Brisbane","Adelaide","All Airlines","Oct-21",207,185,22,159,160,26,25,2021,10
"Brisbane-Cairns","Brisbane","Cairns","All Airlines","Oct-21",388,386,2,347,358,39,28,2021,10
"Brisbane-Canberra","Brisbane","Canberra","All Airlines","Oct-21",36,36,0,31,31,5,5,2021,10
"Brisbane-Darwin","Brisbane","Darwin","All Airlines","Oct-21",99,93,6,88,83,5,10,2021,10
"Brisbane-Emerald","Brisbane","Emerald","All Airlines","Oct-21",143,133,10,123,123,10,10,2021,10
"Brisbane-Gladstone","Brisbane","Gladstone","All Airlines","Oct-21",159,140,19,131,131,9,9,2021,10
"Brisbane-Hamilton Island","Brisbane","Hamilton Island","All Airlines","Oct-21",93,93,0,86,84,7,9,2021,10
"Brisbane-Hobart","Brisbane","Hobart","All Airlines","Oct-21",124,116,8,103,107,13,9,2021,10
"Brisbane-Mackay","Brisbane","Mackay","All Airlines","Oct-21",256,228,28,213,216,15,12,2021,10
"Brisbane-Melbourne","Brisbane","Melbourne","All Airlines","Oct-21",41,40,1,11,16,29,24,2021,10
"Brisbane-Mount Isa","Brisbane","Mount Isa","All Airlines","Oct-21",70,69,1,61,59,8,10,2021,10
"Brisbane-Newcastle","Brisbane","Newcastle","All Airlines","Oct-21",28,27,1,25,25,2,2,2021,10
"Brisbane-Perth","Brisbane","Perth","All Airlines","Oct-21",72,59,13,53,48,6,11,2021,10
"Brisbane-Proserpine","Brisbane","Proserpine","All Airlines","Oct-21",130,127,3,115,114,12,13,2021,10
"Brisbane-Rockhampton","Brisbane","Rockhampton","All Airlines","Oct-21",241,221,20,199,201,22,20,2021,10
"Brisbane-Sydney","Brisbane","Sydney","All Airlines","Oct-21",57,57,0,37,41,20,16,2021,10
"Brisbane-Townsville","Brisbane","Townsville","All Airlines","Oct-21",295,272,23,249,248,23,24,2021,10
"Broome-Perth","Broome","Perth","All Airlines","Oct-21",177,175,2,140,159,35,16,2021,10
"Cairns-Brisbane","Cairns","Brisbane","All Airlines","Oct-21",388,385,3,359,344,26,41,2021,10
"Cairns-Melbourne","Cairns","Melbourne","All Airlines","Oct-21",32,32,0,31,29,1,3,2021,10
"Cairns-Sydney","Cairns","Sydney","All Airlines","Oct-21",33,33,0,29,29,4,4,2021,10
"Cairns-Townsville","Cairns","Townsville","All Airlines","Oct-21",132,128,4,119,120,9,8,2021,10
"Canberra-Adelaide","Canberra","Adelaide","All Airlines","Oct-21",32,30,2,29,29,1,1,2021,10
"Canberra-Brisbane","Canberra","Brisbane","All Airlines","Oct-21",36,36,0,31,32,5,4,2021,10
"Canberra-Melbourne","Canberra","Melbourne","All Airlines","Oct-21",40,40,0,37,36,3,4,2021,10
"Darwin-Brisbane","Darwin","Brisbane","All Airlines","Oct-21",97,91,6,69,64,22,27,2021,10
"Darwin-Perth","Darwin","Perth","All Airlines","Oct-21",97,96,1,85,83,11,13,2021,10
"Dubbo-Sydney","Dubbo","Sydney","All Airlines","Oct-21",30,30,0,23,24,7,6,2021,10
"Emerald-Brisbane","Emerald","Brisbane","All Airlines","Oct-21",143,133,10,123,121,10,12,2021,10
"Gladstone-Brisbane","Gladstone","Brisbane","All Airlines","Oct-21",159,139,20,122,119,17,20,2021,10
"Hamilton Island-Brisbane","Hamilton Island","Brisbane","All Airlines","Oct-21",92,92,0,79,75,13,17,2021,10
"Hobart-Brisbane","Hobart","Brisbane","All Airlines","Oct-21",124,114,10,95,94,19,20,2021,10
"Hobart-Melbourne","Hobart","Melbourne","All Airlines","Oct-21",46,46,0,41,40,5,6,2021,10
"Hobart-Sydney","Hobart","Sydney","All Airlines","Oct-21",32,31,1,29,30,2,1,2021,10
"Kalgoorlie-Perth","Kalgoorlie","Perth","All Airlines","Oct-21",130,128,2,100,106,28,22,2021,10
"Karratha-Perth","Karratha","Perth","All Airlines","Oct-21",188,185,3,155,171,30,14,2021,10
"Launceston-Melbourne","Launceston","Melbourne","All Airlines","Oct-21",35,34,1,31,31,3,3,2021,10
"Launceston-Sydney","Launceston","Sydney","All Airlines","Oct-21",33,33,0,32,32,1,1,2021,10
"Mackay-Brisbane","Mackay","Brisbane","All Airlines","Oct-21",260,230,30,211,210,19,20,2021,10
"Melbourne-Adelaide","Melbourne","Adelaide","All Airlines","Oct-21",41,41,0,36,40,5,1,2021,10
"Melbourne-Brisbane","Melbourne","Brisbane","All Airlines","Oct-21",41,41,0,37,38,4,3,2021,10
"Melbourne-Cairns","Melbourne","Cairns","All Airlines","Oct-21",33,33,0,30,31,3,2,2021,10
"Melbourne-Canberra","Melbourne","Canberra","All Airlines","Oct-21",40,40,0,37,37,3,3,2021,10
"Melbourne-Hobart","Melbourne","Hobart","All Airlines","Oct-21",46,46,0,41,41,5,5,2021,10
"Melbourne-Launceston","Melbourne","Launceston","All Airlines","Oct-21",35,34,1,32,32,2,2,2021,10
"Melbourne-Mildura","Melbourne","Mildura","All Airlines","Oct-21",23,23,0,20,18,3,5,2021,10
"Melbourne-Newcastle","Melbourne","Newcastle","All Airlines","Oct-21",36,36,0,31,31,5,5,2021,10
"Melbourne-Perth","Melbourne","Perth","All Airlines","Oct-21",44,43,1,36,38,7,5,2021,10
"Melbourne-Sydney","Melbourne","Sydney","All Airlines","Oct-21",109,107,2,97,101,10,6,2021,10
"Mildura-Melbourne","Mildura","Melbourne","All Airlines","Oct-21",23,23,0,18,18,5,5,2021,10
"Mount Isa-Brisbane","Mount Isa","Brisbane","All Airlines","Oct-21",70,69,1,61,58,8,11,2021,10
"Newcastle-Brisbane","Newcastle","Brisbane","All Airlines","Oct-21",28,27,1,25,24,2,3,2021,10
"Newcastle-Melbourne","Newcastle","Melbourne","All Airlines","Oct-21",36,36,0,31,31,5,5,2021,10
"Newman-Perth","Newman","Perth","All Airlines","Oct-21",169,162,7,125,133,37,29,2021,10
"Perth-Adelaide","Perth","Adelaide","All Airlines","Oct-21",158,154,4,127,136,27,18,2021,10
"Perth-Brisbane","Perth","Brisbane","All Airlines","Oct-21",72,59,13,49,51,10,8,2021,10
"Perth-Broome","Perth","Broome","All Airlines","Oct-21",176,174,2,163,161,11,13,2021,10
"Perth-Darwin","Perth","Darwin","All Airlines","Oct-21",98,98,0,93,89,5,9,2021,10
"Perth-Kalgoorlie","Perth","Kalgoorlie","All Airlines","Oct-21",131,130,1,119,118,11,12,2021,10
"Perth-Karratha","Perth","Karratha","All Airlines","Oct-21",185,183,2,172,161,11,22,2021,10
"Perth-Melbourne","Perth","Melbourne","All Airlines","Oct-21",44,43,1,34,35,9,8,2021,10
"Perth-Newman","Perth","Newman","All Airlines","Oct-21",169,163,6,152,146,11,17,2021,10
"Perth-Port Hedland","Perth","Port Hedland","All Airlines","Oct-21",171,170,1,152,142,18,28,2021,10
"Perth-Sydney","Perth","Sydney","All Airlines","Oct-21",38,38,0,29,36,9,2,2021,10
"Port Hedland-Perth","Port Hedland","Perth","All Airlines","Oct-21",171,170,1,136,142,34,28,2021,10
"Port Lincoln-Adelaide","Port Lincoln","Adelaide","All Airlines","Oct-21",221,221,0,191,195,30,26,2021,10
"Proserpine-Brisbane","Proserpine","Brisbane","All Airlines","Oct-21",130,126,4,105,103,21,23,2021,10
"Rockhampton-Brisbane","Rockhampton","Brisbane","All Airlines","Oct-21",242,221,21,195,187,26,34,2021,10
"Sydney-Adelaide","Sydney","Adelaide","All Airlines","Oct-21",39,38,1,36,37,2,1,2021,10
"Sydney-Albury","Sydney","Albury","All Airlines","Oct-21",24,24,0,22,22,2,2,2021,10
"Sydney-Armidale","Sydney","Armidale","All Airlines","Oct-21",23,22,1,17,17,5,5,2021,10
"Sydney-Ballina","Sydney","Ballina","All Airlines","Oct-21",51,51,0,47,46,4,5,2021,10
"Sydney-Brisbane","Sydney","Brisbane","All Airlines","Oct-21",58,57,1,51,51,6,6,2021,10
"Sydney-Cairns","Sydney","Cairns","All Airlines","Oct-21",33,33,0,31,31,2,2,2021,10
"Sydney-Dubbo","Sydney","Dubbo","All Airlines","Oct-21",30,30,0,23,23,7,7,2021,10
"Sydney-Hobart","Sydney","Hobart","All Airlines","Oct-21",32,32,0,31,31,1,1,2021,10
"Sydney-Launceston","Sydney","Launceston","All Airlines","Oct-21",33,33,0,32,33,1,0,2021,10
"Sydney-Melbourne","Sydney","Melbourne","All Airlines","Oct-21",94,92,2,84,85,8,7,2021,10
"Sydney-Perth","Sydney","Perth","All Airlines","Oct-21",37,37,0,33,31,4,6,2021,10
"Sydney-Wagga Wagga","Sydney","Wagga Wagga","All Airlines","Oct-21",25,24,1,21,21,3,3,2021,10
"Townsville-Brisbane","Townsville","Brisbane","All Airlines","Oct-21",293,271,22,247,236,24,35,2021,10
"Townsville-Cairns","Townsville","Cairns","All Airlines","Oct-21",132,128,4,120,123,8,5,2021,10
"Wagga Wagga-Sydney","Wagga Wagga","Sydney","All Airlines","Oct-21",26,25,1,20,21,5,4,2021,10
"Adelaide-Brisbane","Adelaide","Brisbane","Jetstar","Nov-21",30,30,0,29,25,1,5,2021,11
"Adelaide-Melbourne","Adelaide","Melbourne","Jetstar","Nov-21",26,23,3,18,19,5,4,2021,11
"Adelaide-Perth","Adelaide","Perth","Jetstar","Nov-21",26,26,0,24,24,2,2,2021,11
"Adelaide-Sydney","Adelaide","Sydney","Jetstar","Nov-21",26,24,2,16,17,8,7,2021,11
"Ballina-Sydney","Ballina","Sydney","Jetstar","Nov-21",121,118,3,69,80,49,38,2021,11
"Brisbane-Adelaide","Brisbane","Adelaide","Jetstar","Nov-21",30,30,0,19,18,11,12,2021,11
"Brisbane-Cairns","Brisbane","Cairns","Jetstar","Nov-21",79,79,0,62,62,17,17,2021,11
"Brisbane-Darwin","Brisbane","Darwin","Jetstar","Nov-21",21,21,0,19,13,2,8,2021,11
"Brisbane-Hobart","Brisbane","Hobart","Jetstar","Nov-21",38,38,0,32,36,6,2,2021,11
"Brisbane-Mackay","Brisbane","Mackay","Jetstar","Nov-21",30,30,0,21,24,9,6,2021,11
"Brisbane-Melbourne","Brisbane","Melbourne","Jetstar","Nov-21",17,17,0,9,9,8,8,2021,11
"Brisbane-Newcastle","Brisbane","Newcastle","Jetstar","Nov-21",8,8,0,8,8,0,0,2021,11
"Brisbane-Perth","Brisbane","Perth","Jetstar","Nov-21",13,13,0,8,8,5,5,2021,11
"Brisbane-Proserpine","Brisbane","Proserpine","Jetstar","Nov-21",35,35,0,25,21,10,14,2021,11
"Brisbane-Townsville","Brisbane","Townsville","Jetstar","Nov-21",46,46,0,38,36,8,10,2021,11
"Cairns-Brisbane","Cairns","Brisbane","Jetstar","Nov-21",79,79,0,68,60,11,19,2021,11
"Cairns-Melbourne","Cairns","Melbourne","Jetstar","Nov-21",13,13,0,11,12,2,1,2021,11
"Cairns-Sydney","Cairns","Sydney","Jetstar","Nov-21",12,12,0,11,10,1,2,2021,11
"Darwin-Brisbane","Darwin","Brisbane","Jetstar","Nov-21",22,22,0,14,11,8,11,2021,11
"Hobart-Brisbane","Hobart","Brisbane","Jetstar","Nov-21",38,38,0,29,34,9,4,2021,11
"Hobart-Melbourne","Hobart","Melbourne","Jetstar","Nov-21",21,21,0,17,18,4,3,2021,11
"Hobart-Sydney","Hobart","Sydney","Jetstar","Nov-21",13,13,0,9,11,4,2,2021,11
"Launceston-Sydney","Launceston","Sydney","Jetstar","Nov-21",13,12,1,8,8,4,4,2021,11
"Mackay-Brisbane","Mackay","Brisbane","Jetstar","Nov-21",30,29,1,20,24,9,5,2021,11
"Melbourne-Adelaide","Melbourne","Adelaide","Jetstar","Nov-21",25,23,2,17,19,6,4,2021,11
"Melbourne-Brisbane","Melbourne","Brisbane","Jetstar","Nov-21",17,17,0,12,12,5,5,2021,11
"Melbourne-Cairns","Melbourne","Cairns","Jetstar","Nov-21",13,13,0,11,11,2,2,2021,11
"Melbourne-Hobart","Melbourne","Hobart","Jetstar","Nov-21",21,21,0,17,19,4,2,2021,11
"Melbourne-Newcastle","Melbourne","Newcastle","Jetstar","Nov-21",45,42,3,28,25,14,17,2021,11
"Melbourne-Sydney","Melbourne","Sydney","Jetstar","Nov-21",192,186,6,152,156,34,30,2021,11
"Newcastle-Brisbane","Newcastle","Brisbane","Jetstar","Nov-21",8,8,0,8,8,0,0,2021,11
"Newcastle-Melbourne","Newcastle","Melbourne","Jetstar","Nov-21",45,42,3,20,26,22,16,2021,11
"Perth-Adelaide","Perth","Adelaide","Jetstar","Nov-21",26,26,0,16,17,10,9,2021,11
"Perth-Brisbane","Perth","Brisbane","Jetstar","Nov-21",13,13,0,7,7,6,6,2021,11
"Proserpine-Brisbane","Proserpine","Brisbane","Jetstar","Nov-21",36,35,1,21,22,14,13,2021,11
"Sydney-Adelaide","Sydney","Adelaide","Jetstar","Nov-21",25,24,1,17,20,7,4,2021,11
"Sydney-Ballina","Sydney","Ballina","Jetstar","Nov-21",121,119,2,92,88,27,31,2021,11
"Sydney-Cairns","Sydney","Cairns","Jetstar","Nov-21",12,12,0,11,11,1,1,2021,11
"Sydney-Hobart","Sydney","Hobart","Jetstar","Nov-21",13,13,0,12,12,1,1,2021,11
"Sydney-Launceston","Sydney","Launceston","Jetstar","Nov-21",13,12,1,9,7,3,5,2021,11
"Sydney-Melbourne","Sydney","Melbourne","Jetstar","Nov-21",193,186,7,151,168,35,18,2021,11
"Townsville-Brisbane","Townsville","Brisbane","Jetstar","Nov-21",47,46,1,35,37,11,9,2021,11
"Adelaide-Alice Springs","Adelaide","Alice Springs","Qantas","Nov-21",28,24,4,24,23,0,1,2021,11
"Adelaide-Brisbane","Adelaide","Brisbane","Qantas","Nov-21",93,93,0,90,89,3,4,2021,11
"Adelaide-Canberra","Adelaide","Canberra","Qantas","Nov-21",19,17,2,17,17,0,0,2021,11
"Adelaide-Melbourne","Adelaide","Melbourne","Qantas","Nov-21",31,29,2,26,25,3,4,2021,11
"Adelaide-Perth","Adelaide","Perth","Qantas","Nov-21",98,97,1,87,87,10,10,2021,11
"Adelaide-Sydney","Adelaide","Sydney","Qantas","Nov-21",38,37,1,35,36,2,1,2021,11
"Alice Springs-Adelaide","Alice Springs","Adelaide","Qantas","Nov-21",28,24,4,21,22,3,2,2021,11
"Ballina-Sydney","Ballina","Sydney","Qantas","Nov-21",7,7,0,7,7,0,0,2021,11
"Brisbane-Adelaide","Brisbane","Adelaide","Qantas","Nov-21",93,93,0,90,89,3,4,2021,11
"Brisbane-Cairns","Brisbane","Cairns","Qantas","Nov-21",109,109,0,106,104,3,5,2021,11
"Brisbane-Darwin","Brisbane","Darwin","Qantas","Nov-21",42,41,1,40,34,1,7,2021,11
"Brisbane-Hamilton Island","Brisbane","Hamilton Island","Qantas","Nov-21",35,34,1,33,32,1,2,2021,11
"Brisbane-Mackay","Brisbane","Mackay","Qantas","Nov-21",102,100,2,94,92,6,8,2021,11
"Brisbane-Mount Isa","Brisbane","Mount Isa","Qantas","Nov-21",38,38,0,38,37,0,1,2021,11
"Brisbane-Perth","Brisbane","Perth","Qantas","Nov-21",87,87,0,85,64,2,23,2021,11
"Brisbane-Sydney","Brisbane","Sydney","Qantas","Nov-21",35,35,0,23,23,12,12,2021,11
"Brisbane-Townsville","Brisbane","Townsville","Qantas","Nov-21",124,124,0,119,119,5,5,2021,11
"Broome-Perth","Broome","Perth","Qantas","Nov-21",10,10,0,9,9,1,1,2021,11
"Cairns-Brisbane","Cairns","Brisbane","Qantas","Nov-21",108,107,1,103,102,4,5,2021,11
"Canberra-Adelaide","Canberra","Adelaide","Qantas","Nov-21",19,17,2,16,16,1,1,2021,11
"Darwin-Brisbane","Darwin","Brisbane","Qantas","Nov-21",41,41,0,34,39,7,2,2021,11
"Darwin-Melbourne","Darwin","Melbourne","Qantas","Nov-21",17,16,1,15,15,1,1,2021,11
"Darwin-Perth","Darwin","Perth","Qantas","Nov-21",39,34,5,29,27,5,7,2021,11
"Hamilton Island-Brisbane","Hamilton Island","Brisbane","Qantas","Nov-21",35,34,1,31,31,3,3,2021,11
"Kalgoorlie-Perth","Kalgoorlie","Perth","Qantas","Nov-21",16,15,1,11,10,4,5,2021,11
"Karratha-Perth","Karratha","Perth","Qantas","Nov-21",36,35,1,25,26,10,9,2021,11
"Mackay-Brisbane","Mackay","Brisbane","Qantas","Nov-21",101,99,2,89,92,10,7,2021,11
"Melbourne-Adelaide","Melbourne","Adelaide","Qantas","Nov-21",31,29,2,28,27,1,2,2021,11
"Melbourne-Darwin","Melbourne","Darwin","Qantas","Nov-21",17,16,1,15,15,1,1,2021,11
"Melbourne-Perth","Melbourne","Perth","Qantas","Nov-21",22,22,0,17,17,5,5,2021,11
"Melbourne-Sydney","Melbourne","Sydney","Qantas","Nov-21",375,372,3,361,356,11,16,2021,11
"Mount Isa-Brisbane","Mount Isa","Brisbane","Qantas","Nov-21",38,38,0,33,37,5,1,2021,11
"Newman-Perth","Newman","Perth","Qantas","Nov-21",10,9,1,5,6,4,3,2021,11
"Perth-Adelaide","Perth","Adelaide","Qantas","Nov-21",98,97,1,86,92,11,5,2021,11
"Perth-Brisbane","Perth","Brisbane","Qantas","Nov-21",86,86,0,72,78,14,8,2021,11
"Perth-Broome","Perth","Broome","Qantas","Nov-21",10,10,0,9,9,1,1,2021,11
"Perth-Darwin","Perth","Darwin","Qantas","Nov-21",40,35,5,31,33,4,2,2021,11
"Perth-Kalgoorlie","Perth","Kalgoorlie","Qantas","Nov-21",15,15,0,14,14,1,1,2021,11
"Perth-Karratha","Perth","Karratha","Qantas","Nov-21",36,35,1,30,29,5,6,2021,11
"Perth-Melbourne","Perth","Melbourne","Qantas","Nov-21",22,22,0,20,19,2,3,2021,11
"Perth-Newman","Perth","Newman","Qantas","Nov-21",10,9,1,7,8,2,1,2021,11
"Perth-Port Hedland","Perth","Port Hedland","Qantas","Nov-21",43,43,0,37,38,6,5,2021,11
"Perth-Sydney","Perth","Sydney","Qantas","Nov-21",17,17,0,16,17,1,0,2021,11
"Port Hedland-Perth","Port Hedland","Perth","Qantas","Nov-21",43,43,0,34,35,9,8,2021,11
"Sydney-Adelaide","Sydney","Adelaide","Qantas","Nov-21",39,38,1,37,37,1,1,2021,11
"Sydney-Ballina","Sydney","Ballina","Qantas","Nov-21",7,7,0,7,7,0,0,2021,11
"Sydney-Brisbane","Sydney","Brisbane","Qantas","Nov-21",37,37,0,30,30,7,7,2021,11
"Sydney-Melbourne","Sydney","Melbourne","Qantas","Nov-21",357,354,3,339,342,15,12,2021,11
"Sydney-Perth","Sydney","Perth","Qantas","Nov-21",18,18,0,12,12,6,6,2021,11
"Townsville-Brisbane","Townsville","Brisbane","Qantas","Nov-21",125,124,1,116,117,8,7,2021,11
"Adelaide-Port Lincoln","Adelaide","Port Lincoln","QantasLink","Nov-21",85,84,1,73,75,11,9,2021,11
"Albury-Sydney","Albury","Sydney","QantasLink","Nov-21",57,57,0,55,55,2,2,2021,11
"Armidale-Sydney","Armidale","Sydney","QantasLink","Nov-21",63,59,4,44,45,15,14,2021,11
"Ballina-Sydney","Ballina","Sydney","QantasLink","Nov-21",87,87,0,69,72,18,15,2021,11
"Brisbane-Cairns","Brisbane","Cairns","QantasLink","Nov-21",30,30,0,28,28,2,2,2021,11
"Brisbane-Canberra","Brisbane","Canberra","QantasLink","Nov-21",17,17,0,14,14,3,3,2021,11
"Brisbane-Emerald","Brisbane","Emerald","QantasLink","Nov-21",117,116,1,108,105,8,11,2021,11
"Brisbane-Gladstone","Brisbane","Gladstone","QantasLink","Nov-21",113,109,4,103,97,6,12,2021,11
"Brisbane-Hobart","Brisbane","Hobart","QantasLink","Nov-21",55,54,1,49,49,5,5,2021,11
"Brisbane-Mackay","Brisbane","Mackay","QantasLink","Nov-21",10,10,0,9,9,1,1,2021,11
"Brisbane-Mount Isa","Brisbane","Mount Isa","QantasLink","Nov-21",14,14,0,14,12,0,2,2021,11
"Brisbane-Rockhampton","Brisbane","Rockhampton","QantasLink","Nov-21",168,161,7,149,148,12,13,2021,11
"Brisbane-Proserpine","Brisbane","Proserpine","QantasLink","Nov-21",46,46,0,44,44,2,2,2021,11
"Proserpine-Brisbane","Proserpine","Brisbane","QantasLink","Nov-21",45,45,0,42,44,3,1,2021,11
"Broome-Perth","Broome","Perth","QantasLink","Nov-21",72,70,2,63,65,7,5,2021,11
"Cairns-Brisbane","Cairns","Brisbane","QantasLink","Nov-21",30,30,0,29,29,1,1,2021,11
"Cairns-Townsville","Cairns","Townsville","QantasLink","Nov-21",132,130,2,125,126,5,4,2021,11
"Canberra-Brisbane","Canberra","Brisbane","QantasLink","Nov-21",17,17,0,15,15,2,2,2021,11
"Canberra-Melbourne","Canberra","Melbourne","QantasLink","Nov-21",117,109,8,98,95,11,14,2021,11
"Canberra-Sydney","Canberra","Sydney","QantasLink","Nov-21",169,158,11,138,137,20,21,2021,11
"Coffs Harbour-Sydney","Coffs Harbour","Sydney","QantasLink","Nov-21",84,82,2,70,72,12,10,2021,11
"Dubbo-Sydney","Dubbo","Sydney","QantasLink","Nov-21",67,65,2,47,55,18,10,2021,11
"Emerald-Brisbane","Emerald","Brisbane","QantasLink","Nov-21",117,116,1,105,107,11,9,2021,11
"Gladstone-Brisbane","Gladstone","Brisbane","QantasLink","Nov-21",115,112,3,100,100,12,12,2021,11
"Hobart-Brisbane","Hobart","Brisbane","QantasLink","Nov-21",55,53,2,50,51,3,2,2021,11
"Kalgoorlie-Perth","Kalgoorlie","Perth","QantasLink","Nov-21",58,55,3,42,45,13,10,2021,11
"Karratha-Perth","Karratha","Perth","QantasLink","Nov-21",107,100,7,87,88,13,12,2021,11
"Launceston-Melbourne","Launceston","Melbourne","QantasLink","Nov-21",18,17,1,16,16,1,1,2021,11
"Mackay-Brisbane","Mackay","Brisbane","QantasLink","Nov-21",15,14,1,14,14,0,0,2021,11
"Melbourne-Canberra","Melbourne","Canberra","QantasLink","Nov-21",117,111,6,103,102,8,9,2021,11
"Melbourne-Launceston","Melbourne","Launceston","QantasLink","Nov-21",17,17,0,15,16,2,1,2021,11
"Melbourne-Mildura","Melbourne","Mildura","QantasLink","Nov-21",56,56,0,53,55,3,1,2021,11
"Melbourne-Newcastle","Melbourne","Newcastle","QantasLink","Nov-21",17,16,1,14,13,2,3,2021,11
"Mildura-Melbourne","Mildura","Melbourne","QantasLink","Nov-21",56,56,0,52,54,4,2,2021,11
"Mount Isa-Brisbane","Mount Isa","Brisbane","QantasLink","Nov-21",14,14,0,12,12,2,2,2021,11
"Newcastle-Melbourne","Newcastle","Melbourne","QantasLink","Nov-21",16,15,1,12,14,3,1,2021,11
"Newman-Perth","Newman","Perth","QantasLink","Nov-21",108,104,4,88,84,16,20,2021,11
"Perth-Broome","Perth","Broome","QantasLink","Nov-21",73,71,2,64,67,7,4,2021,11
"Perth-Kalgoorlie","Perth","Kalgoorlie","QantasLink","Nov-21",58,57,1,46,46,11,11,2021,11
"Perth-Karratha","Perth","Karratha","QantasLink","Nov-21",109,104,5,92,89,12,15,2021,11
"Perth-Newman","Perth","Newman","QantasLink","Nov-21",108,105,3,97,96,8,9,2021,11
"Perth-Port Hedland","Perth","Port Hedland","QantasLink","Nov-21",89,88,1,80,80,8,8,2021,11
"Port Hedland-Perth","Port Hedland","Perth","QantasLink","Nov-21",89,86,3,76,70,10,16,2021,11
"Port Lincoln-Adelaide","Port Lincoln","Adelaide","QantasLink","Nov-21",85,83,2,74,72,9,11,2021,11
"Port Macquarie-Sydney","Port Macquarie","Sydney","QantasLink","Nov-21",62,58,4,46,49,12,9,2021,11
"Rockhampton-Brisbane","Rockhampton","Brisbane","QantasLink","Nov-21",168,159,9,142,140,17,19,2021,11
"Sydney-Albury","Sydney","Albury","QantasLink","Nov-21",57,57,0,52,57,5,0,2021,11
"Sydney-Armidale","Sydney","Armidale","QantasLink","Nov-21",62,59,3,48,45,11,14,2021,11
"Sydney-Ballina","Sydney","Ballina","QantasLink","Nov-21",88,88,0,78,76,10,12,2021,11
"Sydney-Canberra","Sydney","Canberra","QantasLink","Nov-21",169,161,8,139,138,22,23,2021,11
"Sydney-Coffs Harbour","Sydney","Coffs Harbour","QantasLink","Nov-21",85,83,2,74,72,9,11,2021,11
"Sydney-Dubbo","Sydney","Dubbo","QantasLink","Nov-21",67,66,1,58,57,8,9,2021,11
"Sydney-Port Macquarie","Sydney","Port Macquarie","QantasLink","Nov-21",60,56,4,45,47,11,9,2021,11
"Sydney-Wagga Wagga","Sydney","Wagga Wagga","QantasLink","Nov-21",70,66,4,57,55,9,11,2021,11
"Townsville-Cairns","Townsville","Cairns","QantasLink","Nov-21",132,129,3,114,118,15,11,2021,11
"Wagga Wagga-Sydney","Wagga Wagga","Sydney","QantasLink","Nov-21",70,66,4,52,58,14,8,2021,11
"Adelaide-Melbourne","Adelaide","Melbourne","Rex Airlines","Nov-21",7,6,1,5,5,1,1,2021,11
"Adelaide-Port Lincoln","Adelaide","Port Lincoln","Rex Airlines","Nov-21",168,167,1,149,142,18,25,2021,11
"Albury-Sydney","Albury","Sydney","Rex Airlines","Nov-21",23,23,0,21,20,2,3,2021,11
"Armidale-Sydney","Armidale","Sydney","Rex Airlines","Nov-21",22,22,0,17,16,5,6,2021,11
"Ballina-Sydney","Ballina","Sydney","Rex Airlines","Nov-21",9,9,0,7,7,2,2,2021,11
"Cairns-Townsville","Cairns","Townsville","Rex Airlines","Nov-21",13,13,0,13,13,0,0,2021,11
"Canberra-Sydney","Canberra","Sydney","Rex Airlines","Nov-21",46,46,0,42,38,4,8,2021,11
"Coffs Harbour-Sydney","Coffs Harbour","Sydney","Rex Airlines","Nov-21",38,38,0,34,32,4,6,2021,11
"Dubbo-Sydney","Dubbo","Sydney","Rex Airlines","Nov-21",28,28,0,23,21,5,7,2021,11
"Melbourne-Adelaide","Melbourne","Adelaide","Rex Airlines","Nov-21",7,6,1,6,6,0,0,2021,11
"Melbourne-Mildura","Melbourne","Mildura","Rex Airlines","Nov-21",18,18,0,18,17,0,1,2021,11
"Melbourne-Sydney","Melbourne","Sydney","Rex Airlines","Nov-21",49,49,0,47,46,2,3,2021,11
"Mildura-Melbourne","Mildura","Melbourne","Rex Airlines","Nov-21",18,18,0,15,16,3,2,2021,11
"Port Lincoln-Adelaide","Port Lincoln","Adelaide","Rex Airlines","Nov-21",168,167,1,138,136,29,31,2021,11
"Port Macquarie-Sydney","Port Macquarie","Sydney","Rex Airlines","Nov-21",37,37,0,33,30,4,7,2021,11
"Sydney-Albury","Sydney","Albury","Rex Airlines","Nov-21",23,23,0,18,20,5,3,2021,11
"Sydney-Armidale","Sydney","Armidale","Rex Airlines","Nov-21",22,22,0,15,15,7,7,2021,11
"Sydney-Ballina","Sydney","Ballina","Rex Airlines","Nov-21",9,9,0,8,8,1,1,2021,11
"Sydney-Canberra","Sydney","Canberra","Rex Airlines","Nov-21",47,47,0,39,36,8,11,2021,11
"Sydney-Coffs Harbour","Sydney","Coffs Harbour","Rex Airlines","Nov-21",39,39,0,33,32,6,7,2021,11
"Sydney-Dubbo","Sydney","Dubbo","Rex Airlines","Nov-21",29,29,0,23,25,6,4,2021,11
"Sydney-Melbourne","Sydney","Melbourne","Rex Airlines","Nov-21",49,49,0,45,47,4,2,2021,11
"Sydney-Port Macquarie","Sydney","Port Macquarie","Rex Airlines","Nov-21",38,38,0,33,33,5,5,2021,11
"Sydney-Wagga Wagga","Sydney","Wagga Wagga","Rex Airlines","Nov-21",24,24,0,18,18,6,6,2021,11
"Townsville-Cairns","Townsville","Cairns","Rex Airlines","Nov-21",13,13,0,12,12,1,1,2021,11
"Wagga Wagga-Sydney","Wagga Wagga","Sydney","Rex Airlines","Nov-21",24,24,0,19,18,5,6,2021,11
"Adelaide-Alice Springs","Adelaide","Alice Springs","Virgin Australia","Nov-21",13,13,0,12,10,1,3,2021,11
"Adelaide-Brisbane","Adelaide","Brisbane","Virgin Australia","Nov-21",92,87,5,77,81,10,6,2021,11
"Adelaide-Canberra","Adelaide","Canberra","Virgin Australia","Nov-21",14,14,0,14,14,0,0,2021,11
"Adelaide-Melbourne","Adelaide","Melbourne","Virgin Australia","Nov-21",54,51,3,44,46,7,5,2021,11
"Adelaide-Perth","Adelaide","Perth","Virgin Australia","Nov-21",41,40,1,34,33,6,7,2021,11
"Adelaide-Sydney","Adelaide","Sydney","Virgin Australia","Nov-21",32,32,0,24,26,8,6,2021,11
"Alice Springs-Adelaide","Alice Springs","Adelaide","Virgin Australia","Nov-21",13,13,0,10,13,3,0,2021,11
"Ballina-Sydney","Ballina","Sydney","Virgin Australia","Nov-21",73,71,2,56,62,15,9,2021,11
"Brisbane-Adelaide","Brisbane","Adelaide","Virgin Australia","Nov-21",92,86,6,81,79,5,7,2021,11
"Brisbane-Cairns","Brisbane","Cairns","Virgin Australia","Nov-21",145,143,2,124,122,19,21,2021,11
"Brisbane-Canberra","Brisbane","Canberra","Virgin Australia","Nov-21",18,17,1,17,17,0,0,2021,11
"Brisbane-Darwin","Brisbane","Darwin","Virgin Australia","Nov-21",28,26,2,24,21,2,5,2021,11
"Brisbane-Emerald","Brisbane","Emerald","Virgin Australia","Nov-21",26,26,0,23,24,3,2,2021,11
"Brisbane-Gladstone","Brisbane","Gladstone","Virgin Australia","Nov-21",35,35,0,32,29,3,6,2021,11
"Brisbane-Hamilton Island","Brisbane","Hamilton Island","Virgin Australia","Nov-21",60,59,1,56,52,3,7,2021,11
"Brisbane-Hobart","Brisbane","Hobart","Virgin Australia","Nov-21",48,47,1,37,43,10,4,2021,11
"Brisbane-Mackay","Brisbane","Mackay","Virgin Australia","Nov-21",106,101,5,89,85,12,16,2021,11
"Brisbane-Melbourne","Brisbane","Melbourne","Virgin Australia","Nov-21",29,25,4,8,6,17,19,2021,11
"Brisbane-Mount Isa","Brisbane","Mount Isa","Virgin Australia","Nov-21",20,19,1,18,16,1,3,2021,11
"Brisbane-Newcastle","Brisbane","Newcastle","Virgin Australia","Nov-21",13,13,0,12,12,1,1,2021,11
"Brisbane-Perth","Brisbane","Perth","Virgin Australia","Nov-21",50,48,2,35,28,13,20,2021,11
"Brisbane-Proserpine","Brisbane","Proserpine","Virgin Australia","Nov-21",49,49,0,47,46,2,3,2021,11
"Brisbane-Rockhampton","Brisbane","Rockhampton","Virgin Australia","Nov-21",90,87,3,75,69,12,18,2021,11
"Brisbane-Sydney","Brisbane","Sydney","Virgin Australia","Nov-21",26,26,0,8,14,18,12,2021,11
"Brisbane-Townsville","Brisbane","Townsville","Virgin Australia","Nov-21",111,102,9,87,84,15,18,2021,11
"Broome-Perth","Broome","Perth","Virgin Australia","Nov-21",40,36,4,34,34,2,2,2021,11
"Cairns-Brisbane","Cairns","Brisbane","Virgin Australia","Nov-21",145,143,2,120,132,23,11,2021,11
"Cairns-Melbourne","Cairns","Melbourne","Virgin Australia","Nov-21",17,16,1,16,16,0,0,2021,11
"Cairns-Sydney","Cairns","Sydney","Virgin Australia","Nov-21",17,16,1,14,13,2,3,2021,11
"Canberra-Adelaide","Canberra","Adelaide","Virgin Australia","Nov-21",14,14,0,14,14,0,0,2021,11
"Canberra-Brisbane","Canberra","Brisbane","Virgin Australia","Nov-21",17,17,0,15,15,2,2,2021,11
"Canberra-Melbourne","Canberra","Melbourne","Virgin Australia","Nov-21",49,49,0,44,47,5,2,2021,11
"Coffs Harbour-Sydney","Coffs Harbour","Sydney","Virgin Australia","Nov-21",20,19,1,17,19,2,0,2021,11
"Darwin-Brisbane","Darwin","Brisbane","Virgin Australia","Nov-21",27,26,1,25,25,1,1,2021,11
"Darwin-Melbourne","Darwin","Melbourne","Virgin Australia","Nov-21",13,12,1,11,12,1,0,2021,11
"Darwin-Perth","Darwin","Perth","Virgin Australia","Nov-21",13,12,1,10,10,2,2,2021,11
"Emerald-Brisbane","Emerald","Brisbane","Virgin Australia","Nov-21",26,26,0,22,22,4,4,2021,11
"Gladstone-Brisbane","Gladstone","Brisbane","Virgin Australia","Nov-21",35,35,0,29,29,6,6,2021,11
"Hamilton Island-Brisbane","Hamilton Island","Brisbane","Virgin Australia","Nov-21",60,59,1,49,50,10,9,2021,11
"Hobart-Brisbane","Hobart","Brisbane","Virgin Australia","Nov-21",48,47,1,37,36,10,11,2021,11
"Hobart-Melbourne","Hobart","Melbourne","Virgin Australia","Nov-21",22,20,2,20,19,0,1,2021,11
"Hobart-Sydney","Hobart","Sydney","Virgin Australia","Nov-21",17,17,0,17,17,0,0,2021,11
"Kalgoorlie-Perth","Kalgoorlie","Perth","Virgin Australia","Nov-21",27,27,0,13,13,14,14,2021,11
"Karratha-Perth","Karratha","Perth","Virgin Australia","Nov-21",35,35,0,30,34,5,1,2021,11
"Launceston-Melbourne","Launceston","Melbourne","Virgin Australia","Nov-21",18,17,1,16,16,1,1,2021,11
"Launceston-Sydney","Launceston","Sydney","Virgin Australia","Nov-21",17,17,0,17,17,0,0,2021,11
"Mackay-Brisbane","Mackay","Brisbane","Virgin Australia","Nov-21",106,101,5,82,86,19,15,2021,11
"Melbourne-Adelaide","Melbourne","Adelaide","Virgin Australia","Nov-21",56,51,5,47,47,4,4,2021,11
"Melbourne-Brisbane","Melbourne","Brisbane","Virgin Australia","Nov-21",27,23,4,19,19,4,4,2021,11
"Melbourne-Cairns","Melbourne","Cairns","Virgin Australia","Nov-21",17,16,1,16,16,0,0,2021,11
"Melbourne-Canberra","Melbourne","Canberra","Virgin Australia","Nov-21",49,49,0,47,47,2,2,2021,11
"Melbourne-Darwin","Melbourne","Darwin","Virgin Australia","Nov-21",13,12,1,12,10,0,2,2021,11
"Melbourne-Hobart","Melbourne","Hobart","Virgin Australia","Nov-21",22,20,2,19,20,1,0,2021,11
"Melbourne-Launceston","Melbourne","Launceston","Virgin Australia","Nov-21",19,17,2,16,17,1,0,2021,11
"Melbourne-Newcastle","Melbourne","Newcastle","Virgin Australia","Nov-21",23,22,1,20,20,2,2,2021,11
"Melbourne-Perth","Melbourne","Perth","Virgin Australia","Nov-21",22,21,1,20,20,1,1,2021,11
"Melbourne-Sydney","Melbourne","Sydney","Virgin Australia","Nov-21",253,250,3,234,233,16,17,2021,11
"Mount Isa-Brisbane","Mount Isa","Brisbane","Virgin Australia","Nov-21",20,19,1,18,18,1,1,2021,11
"Newcastle-Brisbane","Newcastle","Brisbane","Virgin Australia","Nov-21",13,13,0,11,12,2,1,2021,11
"Newcastle-Melbourne","Newcastle","Melbourne","Virgin Australia","Nov-21",22,22,0,19,20,3,2,2021,11
"Newman-Perth","Newman","Perth","Virgin Australia","Nov-21",40,40,0,29,30,11,10,2021,11
"Perth-Adelaide","Perth","Adelaide","Virgin Australia","Nov-21",41,40,1,39,38,1,2,2021,11
"Perth-Brisbane","Perth","Brisbane","Virgin Australia","Nov-21",49,46,3,29,39,17,7,2021,11
"Perth-Broome","Perth","Broome","Virgin Australia","Nov-21",40,36,4,36,36,0,0,2021,11
"Perth-Darwin","Perth","Darwin","Virgin Australia","Nov-21",12,11,1,11,11,0,0,2021,11
"Perth-Kalgoorlie","Perth","Kalgoorlie","Virgin Australia","Nov-21",27,27,0,24,23,3,4,2021,11
"Perth-Karratha","Perth","Karratha","Virgin Australia","Nov-21",35,35,0,33,33,2,2,2021,11
"Perth-Melbourne","Perth","Melbourne","Virgin Australia","Nov-21",21,21,0,10,15,11,6,2021,11
"Perth-Newman","Perth","Newman","Virgin Australia","Nov-21",40,40,0,37,35,3,5,2021,11
"Perth-Port Hedland","Perth","Port Hedland","Virgin Australia","Nov-21",11,11,0,9,9,2,2,2021,11
"Perth-Sydney","Perth","Sydney","Virgin Australia","Nov-21",22,22,0,16,19,6,3,2021,11
"Port Hedland-Perth","Port Hedland","Perth","Virgin Australia","Nov-21",11,11,0,5,5,6,6,2021,11
"Proserpine-Brisbane","Proserpine","Brisbane","Virgin Australia","Nov-21",49,49,0,36,40,13,9,2021,11
"Rockhampton-Brisbane","Rockhampton","Brisbane","Virgin Australia","Nov-21",89,86,3,77,77,9,9,2021,11
"Sydney-Adelaide","Sydney","Adelaide","Virgin Australia","Nov-21",32,32,0,29,28,3,4,2021,11
"Sydney-Ballina","Sydney","Ballina","Virgin Australia","Nov-21",73,72,1,69,65,3,7,2021,11
"Sydney-Brisbane","Sydney","Brisbane","Virgin Australia","Nov-21",22,22,0,16,18,6,4,2021,11
"Sydney-Cairns","Sydney","Cairns","Virgin Australia","Nov-21",17,16,1,14,14,2,2,2021,11
"Sydney-Coffs Harbour","Sydney","Coffs Harbour","Virgin Australia","Nov-21",20,19,1,18,19,1,0,2021,11
"Sydney-Hobart","Sydney","Hobart","Virgin Australia","Nov-21",17,17,0,17,17,0,0,2021,11
"Sydney-Launceston","Sydney","Launceston","Virgin Australia","Nov-21",17,17,0,17,17,0,0,2021,11
"Sydney-Melbourne","Sydney","Melbourne","Virgin Australia","Nov-21",252,249,3,200,226,49,23,2021,11
"Sydney-Perth","Sydney","Perth","Virgin Australia","Nov-21",22,22,0,22,20,0,2,2021,11
"Townsville-Brisbane","Townsville","Brisbane","Virgin Australia","Nov-21",111,102,9,69,76,33,26,2021,11
"Broome-Perth","Broome","Perth","Virgin Australia Regional Airlines","Nov-21",21,19,2,17,17,2,2,2021,11
"Darwin-Perth","Darwin","Perth","Virgin Australia Regional Airlines","Nov-21",14,12,2,12,12,0,0,2021,11
"Kalgoorlie-Perth","Kalgoorlie","Perth","Virgin Australia Regional Airlines","Nov-21",29,29,0,21,22,8,7,2021,11
"Karratha-Perth","Karratha","Perth","Virgin Australia Regional Airlines","Nov-21",17,17,0,14,14,3,3,2021,11
"Newman-Perth","Newman","Perth","Virgin Australia Regional Airlines","Nov-21",18,18,0,15,15,3,3,2021,11
"Perth-Broome","Perth","Broome","Virgin Australia Regional Airlines","Nov-21",21,19,2,17,16,2,3,2021,11
"Perth-Darwin","Perth","Darwin","Virgin Australia Regional Airlines","Nov-21",15,12,3,12,12,0,0,2021,11
"Perth-Kalgoorlie","Perth","Kalgoorlie","Virgin Australia Regional Airlines","Nov-21",29,29,0,25,24,4,5,2021,11
"Perth-Karratha","Perth","Karratha","Virgin Australia Regional Airlines","Nov-21",17,17,0,15,15,2,2,2021,11
"Perth-Newman","Perth","Newman","Virgin Australia Regional Airlines","Nov-21",18,18,0,17,17,1,1,2021,11
"Perth-Port Hedland","Perth","Port Hedland","Virgin Australia Regional Airlines","Nov-21",41,41,0,39,40,2,1,2021,11
"Port Hedland-Perth","Port Hedland","Perth","Virgin Australia Regional Airlines","Nov-21",41,40,1,32,32,8,8,2021,11
"Adelaide-Alice Springs","Adelaide","Alice Springs","All Airlines","Nov-21",41,37,4,36,33,1,4,2021,11
"Adelaide-Brisbane","Adelaide","Brisbane","All Airlines","Nov-21",215,210,5,196,195,14,15,2021,11
"Adelaide-Canberra","Adelaide","Canberra","All Airlines","Nov-21",33,31,2,31,31,0,0,2021,11
"Adelaide-Melbourne","Adelaide","Melbourne","All Airlines","Nov-21",118,109,9,93,95,16,14,2021,11
"Adelaide-Perth","Adelaide","Perth","All Airlines","Nov-21",165,163,2,145,144,18,19,2021,11
"Adelaide-Port Lincoln","Adelaide","Port Lincoln","All Airlines","Nov-21",253,251,2,222,217,29,34,2021,11
"Adelaide-Sydney","Adelaide","Sydney","All Airlines","Nov-21",96,93,3,75,79,18,14,2021,11
"Albury-Sydney","Albury","Sydney","All Airlines","Nov-21",80,80,0,76,75,4,5,2021,11
"Alice Springs-Adelaide","Alice Springs","Adelaide","All Airlines","Nov-21",41,37,4,31,35,6,2,2021,11
"Armidale-Sydney","Armidale","Sydney","All Airlines","Nov-21",85,81,4,61,61,20,20,2021,11
"Ballina-Sydney","Ballina","Sydney","All Airlines","Nov-21",297,292,5,208,228,84,64,2021,11
"Brisbane-Adelaide","Brisbane","Adelaide","All Airlines","Nov-21",215,209,6,190,186,19,23,2021,11
"Brisbane-Cairns","Brisbane","Cairns","All Airlines","Nov-21",363,361,2,320,316,41,45,2021,11
"Brisbane-Canberra","Brisbane","Canberra","All Airlines","Nov-21",35,34,1,31,31,3,3,2021,11
"Brisbane-Darwin","Brisbane","Darwin","All Airlines","Nov-21",91,88,3,83,68,5,20,2021,11
"Brisbane-Emerald","Brisbane","Emerald","All Airlines","Nov-21",143,142,1,131,129,11,13,2021,11
"Brisbane-Gladstone","Brisbane","Gladstone","All Airlines","Nov-21",148,144,4,135,126,9,18,2021,11
"Brisbane-Hamilton Island","Brisbane","Hamilton Island","All Airlines","Nov-21",95,93,2,89,84,4,9,2021,11
"Brisbane-Hobart","Brisbane","Hobart","All Airlines","Nov-21",141,139,2,118,128,21,11,2021,11
"Brisbane-Mackay","Brisbane","Mackay","All Airlines","Nov-21",248,241,7,213,210,28,31,2021,11
"Brisbane-Melbourne","Brisbane","Melbourne","All Airlines","Nov-21",46,42,4,17,15,25,27,2021,11
"Brisbane-Mount Isa","Brisbane","Mount Isa","All Airlines","Nov-21",72,71,1,70,65,1,6,2021,11
"Brisbane-Newcastle","Brisbane","Newcastle","All Airlines","Nov-21",21,21,0,20,20,1,1,2021,11
"Brisbane-Perth","Brisbane","Perth","All Airlines","Nov-21",150,148,2,128,100,20,48,2021,11
"Brisbane-Proserpine","Brisbane","Proserpine","All Airlines","Nov-21",130,130,0,116,111,14,19,2021,11
"Brisbane-Rockhampton","Brisbane","Rockhampton","All Airlines","Nov-21",258,248,10,224,217,24,31,2021,11
"Brisbane-Sydney","Brisbane","Sydney","All Airlines","Nov-21",61,61,0,31,37,30,24,2021,11
"Brisbane-Townsville","Brisbane","Townsville","All Airlines","Nov-21",281,272,9,244,239,28,33,2021,11
"Broome-Perth","Broome","Perth","All Airlines","Nov-21",143,135,8,123,125,12,10,2021,11
"Cairns-Brisbane","Cairns","Brisbane","All Airlines","Nov-21",362,359,3,320,323,39,36,2021,11
"Cairns-Melbourne","Cairns","Melbourne","All Airlines","Nov-21",30,29,1,27,28,2,1,2021,11
"Cairns-Sydney","Cairns","Sydney","All Airlines","Nov-21",29,28,1,25,23,3,5,2021,11
"Cairns-Townsville","Cairns","Townsville","All Airlines","Nov-21",145,143,2,138,139,5,4,2021,11
"Canberra-Adelaide","Canberra","Adelaide","All Airlines","Nov-21",33,31,2,30,30,1,1,2021,11
"Canberra-Brisbane","Canberra","Brisbane","All Airlines","Nov-21",34,34,0,30,30,4,4,2021,11
"Canberra-Melbourne","Canberra","Melbourne","All Airlines","Nov-21",166,158,8,142,142,16,16,2021,11
"Canberra-Sydney","Canberra","Sydney","All Airlines","Nov-21",215,204,11,180,175,24,29,2021,11
"Coffs Harbour-Sydney","Coffs Harbour","Sydney","All Airlines","Nov-21",142,139,3,121,123,18,16,2021,11
"Darwin-Brisbane","Darwin","Brisbane","All Airlines","Nov-21",90,89,1,73,75,16,14,2021,11
"Darwin-Melbourne","Darwin","Melbourne","All Airlines","Nov-21",30,28,2,26,27,2,1,2021,11
"Darwin-Perth","Darwin","Perth","All Airlines","Nov-21",66,58,8,51,49,7,9,2021,11
"Dubbo-Sydney","Dubbo","Sydney","All Airlines","Nov-21",95,93,2,70,76,23,17,2021,11
"Emerald-Brisbane","Emerald","Brisbane","All Airlines","Nov-21",143,142,1,127,129,15,13,2021,11
"Gladstone-Brisbane","Gladstone","Brisbane","All Airlines","Nov-21",150,147,3,129,129,18,18,2021,11
"Hamilton Island-Brisbane","Hamilton Island","Brisbane","All Airlines","Nov-21",95,93,2,80,81,13,12,2021,11
"Hobart-Brisbane","Hobart","Brisbane","All Airlines","Nov-21",141,138,3,116,121,22,17,2021,11
"Hobart-Melbourne","Hobart","Melbourne","All Airlines","Nov-21",43,41,2,37,37,4,4,2021,11
"Hobart-Sydney","Hobart","Sydney","All Airlines","Nov-21",30,30,0,26,28,4,2,2021,11
"Kalgoorlie-Perth","Kalgoorlie","Perth","All Airlines","Nov-21",130,126,4,87,90,39,36,2021,11
"Karratha-Perth","Karratha","Perth","All Airlines","Nov-21",195,187,8,156,162,31,25,2021,11
"Launceston-Melbourne","Launceston","Melbourne","All Airlines","Nov-21",36,34,2,32,32,2,2,2021,11
"Launceston-Sydney","Launceston","Sydney","All Airlines","Nov-21",30,29,1,25,25,4,4,2021,11
"Mackay-Brisbane","Mackay","Brisbane","All Airlines","Nov-21",252,243,9,205,216,38,27,2021,11
"Melbourne-Adelaide","Melbourne","Adelaide","All Airlines","Nov-21",119,109,10,98,99,11,10,2021,11
"Melbourne-Brisbane","Melbourne","Brisbane","All Airlines","Nov-21",44,40,4,31,31,9,9,2021,11
"Melbourne-Cairns","Melbourne","Cairns","All Airlines","Nov-21",30,29,1,27,27,2,2,2021,11
"Melbourne-Canberra","Melbourne","Canberra","All Airlines","Nov-21",166,160,6,150,149,10,11,2021,11
"Melbourne-Darwin","Melbourne","Darwin","All Airlines","Nov-21",30,28,2,27,25,1,3,2021,11
"Melbourne-Hobart","Melbourne","Hobart","All Airlines","Nov-21",43,41,2,36,39,5,2,2021,11
"Melbourne-Launceston","Melbourne","Launceston","All Airlines","Nov-21",36,34,2,31,33,3,1,2021,11
"Melbourne-Mildura","Melbourne","Mildura","All Airlines","Nov-21",74,74,0,71,72,3,2,2021,11
"Melbourne-Newcastle","Melbourne","Newcastle","All Airlines","Nov-21",85,80,5,62,58,18,22,2021,11
"Melbourne-Perth","Melbourne","Perth","All Airlines","Nov-21",44,43,1,37,37,6,6,2021,11
"Melbourne-Sydney","Melbourne","Sydney","All Airlines","Nov-21",869,857,12,794,791,63,66,2021,11
"Mildura-Melbourne","Mildura","Melbourne","All Airlines","Nov-21",74,74,0,67,70,7,4,2021,11
"Mount Isa-Brisbane","Mount Isa","Brisbane","All Airlines","Nov-21",72,71,1,63,67,8,4,2021,11
"Newcastle-Brisbane","Newcastle","Brisbane","All Airlines","Nov-21",21,21,0,19,20,2,1,2021,11
"Newcastle-Melbourne","Newcastle","Melbourne","All Airlines","Nov-21",83,79,4,51,60,28,19,2021,11
"Newman-Perth","Newman","Perth","All Airlines","Nov-21",176,171,5,137,135,34,36,2021,11
"Perth-Adelaide","Perth","Adelaide","All Airlines","Nov-21",165,163,2,141,147,22,16,2021,11
"Perth-Brisbane","Perth","Brisbane","All Airlines","Nov-21",148,145,3,108,124,37,21,2021,11
"Perth-Broome","Perth","Broome","All Airlines","Nov-21",144,136,8,126,128,10,8,2021,11
"Perth-Darwin","Perth","Darwin","All Airlines","Nov-21",67,58,9,54,56,4,2,2021,11
"Perth-Kalgoorlie","Perth","Kalgoorlie","All Airlines","Nov-21",129,128,1,109,107,19,21,2021,11
"Perth-Karratha","Perth","Karratha","All Airlines","Nov-21",197,191,6,170,166,21,25,2021,11
"Perth-Melbourne","Perth","Melbourne","All Airlines","Nov-21",43,43,0,30,34,13,9,2021,11
"Perth-Newman","Perth","Newman","All Airlines","Nov-21",176,172,4,158,156,14,16,2021,11
"Perth-Port Hedland","Perth","Port Hedland","All Airlines","Nov-21",184,183,1,165,167,18,16,2021,11
"Perth-Sydney","Perth","Sydney","All Airlines","Nov-21",39,39,0,32,36,7,3,2021,11
"Port Hedland-Perth","Port Hedland","Perth","All Airlines","Nov-21",184,180,4,147,142,33,38,2021,11
"Port Lincoln-Adelaide","Port Lincoln","Adelaide","All Airlines","Nov-21",253,250,3,212,208,38,42,2021,11
"Port Macquarie-Sydney","Port Macquarie","Sydney","All Airlines","Nov-21",99,95,4,79,79,16,16,2021,11
"Proserpine-Brisbane","Proserpine","Brisbane","All Airlines","Nov-21",130,129,1,99,106,30,23,2021,11
"Rockhampton-Brisbane","Rockhampton","Brisbane","All Airlines","Nov-21",257,245,12,219,217,26,28,2021,11
"Sydney-Adelaide","Sydney","Adelaide","All Airlines","Nov-21",96,94,2,83,85,11,9,2021,11
"Sydney-Albury","Sydney","Albury","All Airlines","Nov-21",80,80,0,70,77,10,3,2021,11
"Sydney-Armidale","Sydney","Armidale","All Airlines","Nov-21",84,81,3,63,60,18,21,2021,11
"Sydney-Ballina","Sydney","Ballina","All Airlines","Nov-21",298,295,3,254,244,41,51,2021,11
"Sydney-Brisbane","Sydney","Brisbane","All Airlines","Nov-21",59,59,0,46,48,13,11,2021,11
"Sydney-Cairns","Sydney","Cairns","All Airlines","Nov-21",29,28,1,25,25,3,3,2021,11
"Sydney-Canberra","Sydney","Canberra","All Airlines","Nov-21",216,208,8,178,174,30,34,2021,11
"Sydney-Coffs Harbour","Sydney","Coffs Harbour","All Airlines","Nov-21",144,141,3,125,123,16,18,2021,11
"Sydney-Dubbo","Sydney","Dubbo","All Airlines","Nov-21",96,95,1,81,82,14,13,2021,11
"Sydney-Hobart","Sydney","Hobart","All Airlines","Nov-21",30,30,0,29,29,1,1,2021,11
"Sydney-Launceston","Sydney","Launceston","All Airlines","Nov-21",30,29,1,26,24,3,5,2021,11
"Sydney-Melbourne","Sydney","Melbourne","All Airlines","Nov-21",851,838,13,735,783,103,55,2021,11
"Sydney-Perth","Sydney","Perth","All Airlines","Nov-21",40,40,0,34,32,6,8,2021,11
"Sydney-Port Macquarie","Sydney","Port Macquarie","All Airlines","Nov-21",98,94,4,78,80,16,14,2021,11
"Sydney-Wagga Wagga","Sydney","Wagga Wagga","All Airlines","Nov-21",94,90,4,75,73,15,17,2021,11
"Townsville-Brisbane","Townsville","Brisbane","All Airlines","Nov-21",283,272,11,220,230,52,42,2021,11
"Townsville-Cairns","Townsville","Cairns","All Airlines","Nov-21",145,142,3,126,130,16,12,2021,11
"Wagga Wagga-Sydney","Wagga Wagga","Sydney","All Airlines","Nov-21",94,90,4,71,76,19,14,2021,11
"Adelaide-Brisbane","Adelaide","Brisbane","Jetstar","Dec-21",38,33,5,30,28,3,5,2021,12
"Adelaide-Gold Coast","Adelaide","Gold Coast","Jetstar","Dec-21",36,29,7,29,29,0,0,2021,12
"Adelaide-Melbourne","Adelaide","Melbourne","Jetstar","Dec-21",88,86,2,71,73,15,13,2021,12
"Adelaide-Sydney","Adelaide","Sydney","Jetstar","Dec-21",113,96,17,87,83,9,13,2021,12
"Ballina-Sydney","Ballina","Sydney","Jetstar","Dec-21",104,98,6,54,64,44,34,2021,12
"Brisbane-Adelaide","Brisbane","Adelaide","Jetstar","Dec-21",38,33,5,27,29,6,4,2021,12
"Brisbane-Cairns","Brisbane","Cairns","Jetstar","Dec-21",120,117,3,77,76,40,41,2021,12
"Brisbane-Darwin","Brisbane","Darwin","Jetstar","Dec-21",29,28,1,20,21,8,7,2021,12
"Brisbane-Hobart","Brisbane","Hobart","Jetstar","Dec-21",45,45,0,35,41,10,4,2021,12
"Brisbane-Mackay","Brisbane","Mackay","Jetstar","Dec-21",31,31,0,19,21,12,10,2021,12
"Brisbane-Melbourne","Brisbane","Melbourne","Jetstar","Dec-21",129,111,18,70,79,41,32,2021,12
"Brisbane-Newcastle","Brisbane","Newcastle","Jetstar","Dec-21",35,35,0,30,32,5,3,2021,12
"Brisbane-Perth","Brisbane","Perth","Jetstar","Dec-21",11,11,0,8,10,3,1,2021,12
"Brisbane-Proserpine","Brisbane","Proserpine","Jetstar","Dec-21",40,40,0,27,20,13,20,2021,12
"Brisbane-Sydney","Brisbane","Sydney","Jetstar","Dec-21",106,89,17,71,76,18,13,2021,12
"Brisbane-Townsville","Brisbane","Townsville","Jetstar","Dec-21",59,59,0,37,33,22,26,2021,12
"Cairns-Brisbane","Cairns","Brisbane","Jetstar","Dec-21",120,117,3,96,96,21,21,2021,12
"Cairns-Melbourne","Cairns","Melbourne","Jetstar","Dec-21",51,51,0,39,43,12,8,2021,12
"Cairns-Sydney","Cairns","Sydney","Jetstar","Dec-21",67,53,14,49,50,4,3,2021,12
"Darwin-Brisbane","Darwin","Brisbane","Jetstar","Dec-21",29,27,2,12,14,15,13,2021,12
"Gold Coast-Adelaide","Gold Coast","Adelaide","Jetstar","Dec-21",36,29,7,25,28,4,1,2021,12
"Gold Coast-Melbourne","Gold Coast","Melbourne","Jetstar","Dec-21",137,121,16,88,96,33,25,2021,12
"Gold Coast-Sydney","Gold Coast","Sydney","Jetstar","Dec-21",186,147,39,107,114,40,33,2021,12
"Hamilton Island-Sydney","Hamilton Island","Sydney","Jetstar","Dec-21",15,15,0,5,7,10,8,2021,12
"Hobart-Brisbane","Hobart","Brisbane","Jetstar","Dec-21",45,45,0,37,35,8,10,2021,12
"Hobart-Melbourne","Hobart","Melbourne","Jetstar","Dec-21",106,95,11,58,64,37,31,2021,12
"Hobart-Sydney","Hobart","Sydney","Jetstar","Dec-21",65,57,8,33,33,24,24,2021,12
"Launceston-Melbourne","Launceston","Melbourne","Jetstar","Dec-21",70,68,2,41,43,27,25,2021,12
"Launceston-Sydney","Launceston","Sydney","Jetstar","Dec-21",49,45,4,28,30,17,15,2021,12
"Mackay-Brisbane","Mackay","Brisbane","Jetstar","Dec-21",31,31,0,14,22,17,9,2021,12
"Melbourne-Adelaide","Melbourne","Adelaide","Jetstar","Dec-21",88,86,2,66,70,20,16,2021,12
"Melbourne-Brisbane","Melbourne","Brisbane","Jetstar","Dec-21",129,112,17,66,69,46,43,2021,12
"Melbourne-Cairns","Melbourne","Cairns","Jetstar","Dec-21",51,51,0,28,34,23,17,2021,12
"Melbourne-Gold Coast","Melbourne","Gold Coast","Jetstar","Dec-21",137,121,16,69,72,52,49,2021,12
"Melbourne-Hobart","Melbourne","Hobart","Jetstar","Dec-21",105,94,11,59,70,35,24,2021,12
"Melbourne-Launceston","Melbourne","Launceston","Jetstar","Dec-21",70,68,2,41,47,27,21,2021,12
"Melbourne-Newcastle","Melbourne","Newcastle","Jetstar","Dec-21",70,68,2,47,43,21,25,2021,12
"Melbourne-Sunshine Coast","Melbourne","Sunshine Coast","Jetstar","Dec-21",55,48,7,29,21,19,27,2021,12
"Melbourne-Sydney","Melbourne","Sydney","Jetstar","Dec-21",339,275,64,200,208,75,67,2021,12
"Newcastle-Brisbane","Newcastle","Brisbane","Jetstar","Dec-21",35,35,0,29,28,6,7,2021,12
"Newcastle-Melbourne","Newcastle","Melbourne","Jetstar","Dec-21",70,68,2,44,53,24,15,2021,12
"Perth-Brisbane","Perth","Brisbane","Jetstar","Dec-21",11,11,0,8,6,3,5,2021,12
"Proserpine-Brisbane","Proserpine","Brisbane","Jetstar","Dec-21",39,39,0,12,17,27,22,2021,12
"Sunshine Coast-Melbourne","Sunshine Coast","Melbourne","Jetstar","Dec-21",55,46,9,22,25,24,21,2021,12
"Sunshine Coast-Sydney","Sunshine Coast","Sydney","Jetstar","Dec-21",60,46,14,25,25,21,21,2021,12
"Sydney-Adelaide","Sydney","Adelaide","Jetstar","Dec-21",113,96,17,75,84,21,12,2021,12
"Sydney-Ballina","Sydney","Ballina","Jetstar","Dec-21",104,98,6,80,83,18,15,2021,12
"Sydney-Brisbane","Sydney","Brisbane","Jetstar","Dec-21",106,89,17,70,70,19,19,2021,12
"Sydney-Cairns","Sydney","Cairns","Jetstar","Dec-21",67,53,14,39,41,14,12,2021,12
"Sydney-Gold Coast","Sydney","Gold Coast","Jetstar","Dec-21",186,147,39,104,104,43,43,2021,12
"Sydney-Hamilton Island","Sydney","Hamilton Island","Jetstar","Dec-21",15,15,0,10,9,5,6,2021,12
"Sydney-Hobart","Sydney","Hobart","Jetstar","Dec-21",66,58,8,33,43,25,15,2021,12
"Sydney-Launceston","Sydney","Launceston","Jetstar","Dec-21",49,45,4,27,30,18,15,2021,12
"Sydney-Melbourne","Sydney","Melbourne","Jetstar","Dec-21",340,275,65,188,217,87,58,2021,12
"Sydney-Sunshine Coast","Sydney","Sunshine Coast","Jetstar","Dec-21",60,46,14,30,26,16,20,2021,12
"Townsville-Brisbane","Townsville","Brisbane","Jetstar","Dec-21",59,59,0,30,34,29,25,2021,12
"Adelaide-Alice Springs","Adelaide","Alice Springs","Qantas","Dec-21",19,17,2,16,16,1,1,2021,12
"Adelaide-Brisbane","Adelaide","Brisbane","Qantas","Dec-21",88,86,2,79,78,7,8,2021,12
"Adelaide-Canberra","Adelaide","Canberra","Qantas","Dec-21",31,30,1,28,28,2,2,2021,12
"Adelaide-Melbourne","Adelaide","Melbourne","Qantas","Dec-21",191,160,31,156,154,4,6,2021,12
"Adelaide-Perth","Adelaide","Perth","Qantas","Dec-21",46,22,24,21,21,1,1,2021,12
"Adelaide-Sydney","Adelaide","Sydney","Qantas","Dec-21",160,149,11,142,145,7,4,2021,12
"Alice Springs-Adelaide","Alice Springs","Adelaide","Qantas","Dec-21",19,17,2,11,15,6,2,2021,12
"Ballina-Sydney","Ballina","Sydney","Qantas","Dec-21",24,24,0,15,18,9,6,2021,12
"Brisbane-Adelaide","Brisbane","Adelaide","Qantas","Dec-21",86,84,2,77,78,7,6,2021,12
"Brisbane-Cairns","Brisbane","Cairns","Qantas","Dec-21",146,145,1,133,134,12,11,2021,12
"Brisbane-Canberra","Brisbane","Canberra","Qantas","Dec-21",23,21,2,20,20,1,1,2021,12
"Brisbane-Darwin","Brisbane","Darwin","Qantas","Dec-21",39,37,2,37,35,0,2,2021,12
"Brisbane-Hamilton Island","Brisbane","Hamilton Island","Qantas","Dec-21",46,43,3,43,42,0,1,2021,12
"Brisbane-Hobart","Brisbane","Hobart","Qantas","Dec-21",7,6,1,5,4,1,2,2021,12
"Brisbane-Mackay","Brisbane","Mackay","Qantas","Dec-21",104,102,2,98,99,4,3,2021,12
"Brisbane-Melbourne","Brisbane","Melbourne","Qantas","Dec-21",206,195,11,176,177,19,18,2021,12
"Brisbane-Mount Isa","Brisbane","Mount Isa","Qantas","Dec-21",38,37,1,35,34,2,3,2021,12
"Brisbane-Perth","Brisbane","Perth","Qantas","Dec-21",92,78,14,72,65,6,13,2021,12
"Brisbane-Sydney","Brisbane","Sydney","Qantas","Dec-21",301,264,37,242,244,22,20,2021,12
"Brisbane-Townsville","Brisbane","Townsville","Qantas","Dec-21",133,131,2,124,119,7,12,2021,12
"Broome-Perth","Broome","Perth","Qantas","Dec-21",26,23,3,22,22,1,1,2021,12
"Cairns-Brisbane","Cairns","Brisbane","Qantas","Dec-21",147,145,2,138,139,7,6,2021,12
"Cairns-Melbourne","Cairns","Melbourne","Qantas","Dec-21",32,27,5,24,22,3,5,2021,12
"Cairns-Sydney","Cairns","Sydney","Qantas","Dec-21",39,34,5,30,29,4,5,2021,12
"Canberra-Adelaide","Canberra","Adelaide","Qantas","Dec-21",30,29,1,28,28,1,1,2021,12
"Canberra-Brisbane","Canberra","Brisbane","Qantas","Dec-21",23,21,2,18,18,3,3,2021,12
"Darwin-Brisbane","Darwin","Brisbane","Qantas","Dec-21",38,37,1,26,29,11,8,2021,12
"Darwin-Melbourne","Darwin","Melbourne","Qantas","Dec-21",19,19,0,12,15,7,4,2021,12
"Darwin-Perth","Darwin","Perth","Qantas","Dec-21",26,17,9,13,16,4,1,2021,12
"Gold Coast-Melbourne","Gold Coast","Melbourne","Qantas","Dec-21",58,52,6,47,46,5,6,2021,12
"Gold Coast-Sydney","Gold Coast","Sydney","Qantas","Dec-21",55,51,4,44,41,7,10,2021,12
"Hamilton Island-Brisbane","Hamilton Island","Brisbane","Qantas","Dec-21",45,42,3,40,41,2,1,2021,12
"Hamilton Island-Sydney","Hamilton Island","Sydney","Qantas","Dec-21",18,17,1,16,17,1,0,2021,12
"Hobart-Brisbane","Hobart","Brisbane","Qantas","Dec-21",7,6,1,5,4,1,2,2021,12
"Hobart-Sydney","Hobart","Sydney","Qantas","Dec-21",25,23,2,17,19,6,4,2021,12
"Kalgoorlie-Perth","Kalgoorlie","Perth","Qantas","Dec-21",11,10,1,7,8,3,2,2021,12
"Karratha-Perth","Karratha","Perth","Qantas","Dec-21",41,41,0,38,39,3,2,2021,12
"Mackay-Brisbane","Mackay","Brisbane","Qantas","Dec-21",105,102,3,99,98,3,4,2021,12
"Melbourne-Adelaide","Melbourne","Adelaide","Qantas","Dec-21",193,160,33,153,153,7,7,2021,12
"Melbourne-Brisbane","Melbourne","Brisbane","Qantas","Dec-21",207,198,9,184,166,14,32,2021,12
"Melbourne-Cairns","Melbourne","Cairns","Qantas","Dec-21",32,27,5,22,23,5,4,2021,12
"Melbourne-Darwin","Melbourne","Darwin","Qantas","Dec-21",19,19,0,19,16,0,3,2021,12
"Melbourne-Gold Coast","Melbourne","Gold Coast","Qantas","Dec-21",58,52,6,49,50,3,2,2021,12
"Melbourne-Perth","Melbourne","Perth","Qantas","Dec-21",24,22,2,18,20,4,2,2021,12
"Melbourne-Sunshine Coast","Melbourne","Sunshine Coast","Qantas","Dec-21",31,30,1,29,29,1,1,2021,12
"Melbourne-Sydney","Melbourne","Sydney","Qantas","Dec-21",688,632,56,595,589,37,43,2021,12
"Mount Isa-Brisbane","Mount Isa","Brisbane","Qantas","Dec-21",37,36,1,31,32,5,4,2021,12
"Newman-Perth","Newman","Perth","Qantas","Dec-21",13,12,1,8,8,4,4,2021,12
"Perth-Adelaide","Perth","Adelaide","Qantas","Dec-21",46,22,24,20,21,2,1,2021,12
"Perth-Brisbane","Perth","Brisbane","Qantas","Dec-21",93,80,13,74,71,6,9,2021,12
"Perth-Broome","Perth","Broome","Qantas","Dec-21",26,24,2,21,23,3,1,2021,12
"Perth-Darwin","Perth","Darwin","Qantas","Dec-21",26,17,9,17,16,0,1,2021,12
"Perth-Kalgoorlie","Perth","Kalgoorlie","Qantas","Dec-21",11,10,1,9,9,1,1,2021,12
"Perth-Karratha","Perth","Karratha","Qantas","Dec-21",41,41,0,41,40,0,1,2021,12
"Perth-Melbourne","Perth","Melbourne","Qantas","Dec-21",24,21,3,21,15,0,6,2021,12
"Perth-Newman","Perth","Newman","Qantas","Dec-21",13,12,1,12,11,0,1,2021,12
"Perth-Port Hedland","Perth","Port Hedland","Qantas","Dec-21",38,38,0,38,38,0,0,2021,12
"Perth-Sydney","Perth","Sydney","Qantas","Dec-21",22,19,3,16,13,3,6,2021,12
"Port Hedland-Perth","Port Hedland","Perth","Qantas","Dec-21",38,38,0,32,32,6,6,2021,12
"Sunshine Coast-Melbourne","Sunshine Coast","Melbourne","Qantas","Dec-21",31,30,1,28,28,2,2,2021,12
"Sunshine Coast-Sydney","Sunshine Coast","Sydney","Qantas","Dec-21",38,32,6,30,29,2,3,2021,12
"Sydney-Adelaide","Sydney","Adelaide","Qantas","Dec-21",160,150,10,135,141,15,9,2021,12
"Sydney-Ballina","Sydney","Ballina","Qantas","Dec-21",24,24,0,23,22,1,2,2021,12
"Sydney-Brisbane","Sydney","Brisbane","Qantas","Dec-21",297,256,41,227,230,29,26,2021,12
"Sydney-Cairns","Sydney","Cairns","Qantas","Dec-21",39,34,5,31,29,3,5,2021,12
"Sydney-Gold Coast","Sydney","Gold Coast","Qantas","Dec-21",55,51,4,47,47,4,4,2021,12
"Sydney-Hamilton Island","Sydney","Hamilton Island","Qantas","Dec-21",18,17,1,16,16,1,1,2021,12
"Sydney-Hobart","Sydney","Hobart","Qantas","Dec-21",25,23,2,22,21,1,2,2021,12
"Sydney-Melbourne","Sydney","Melbourne","Qantas","Dec-21",669,621,48,576,581,45,40,2021,12
"Sydney-Perth","Sydney","Perth","Qantas","Dec-21",21,18,3,9,13,9,5,2021,12
"Sydney-Sunshine Coast","Sydney","Sunshine Coast","Qantas","Dec-21",37,32,5,31,30,1,2,2021,12
"Townsville-Brisbane","Townsville","Brisbane","Qantas","Dec-21",133,131,2,118,123,13,8,2021,12
"Adelaide-Gold Coast","Adelaide","Gold Coast","QantasLink","Dec-21",14,13,1,9,8,4,5,2021,12
"Adelaide-Port Lincoln","Adelaide","Port Lincoln","QantasLink","Dec-21",123,113,10,98,101,15,12,2021,12
"Albury-Sydney","Albury","Sydney","QantasLink","Dec-21",90,89,1,82,86,7,3,2021,12
"Armidale-Sydney","Armidale","Sydney","QantasLink","Dec-21",103,94,9,85,82,9,12,2021,12
"Ballina-Sydney","Ballina","Sydney","QantasLink","Dec-21",74,74,0,58,62,16,12,2021,12
"Brisbane-Cairns","Brisbane","Cairns","QantasLink","Dec-21",19,18,1,14,16,4,2,2021,12
"Brisbane-Canberra","Brisbane","Canberra","QantasLink","Dec-21",61,56,5,45,45,11,11,2021,12
"Brisbane-Emerald","Brisbane","Emerald","QantasLink","Dec-21",113,104,9,98,98,6,6,2021,12
"Brisbane-Gladstone","Brisbane","Gladstone","QantasLink","Dec-21",123,114,9,104,103,10,11,2021,12
"Brisbane-Hobart","Brisbane","Hobart","QantasLink","Dec-21",48,44,4,33,36,11,8,2021,12
"Brisbane-Mackay","Brisbane","Mackay","QantasLink","Dec-21",3,2,1,2,2,0,0,2021,12
"Brisbane-Mount Isa","Brisbane","Mount Isa","QantasLink","Dec-21",15,15,0,13,13,2,2,2021,12
"Brisbane-Newcastle","Brisbane","Newcastle","QantasLink","Dec-21",38,37,1,32,33,5,4,2021,12
"Brisbane-Proserpine","Brisbane","Proserpine","QantasLink","Dec-21",46,39,7,37,37,2,2,2021,12
"Brisbane-Rockhampton","Brisbane","Rockhampton","QantasLink","Dec-21",164,152,12,140,133,12,19,2021,12
"Broome-Perth","Broome","Perth","QantasLink","Dec-21",58,56,2,46,49,10,7,2021,12
"Cairns-Brisbane","Cairns","Brisbane","QantasLink","Dec-21",19,18,1,15,15,3,3,2021,12
"Cairns-Townsville","Cairns","Townsville","QantasLink","Dec-21",141,136,5,121,124,15,12,2021,12
"Canberra-Brisbane","Canberra","Brisbane","QantasLink","Dec-21",61,56,5,48,46,8,10,2021,12
"Canberra-Melbourne","Canberra","Melbourne","QantasLink","Dec-21",151,140,11,109,107,31,33,2021,12
"Canberra-Sydney","Canberra","Sydney","QantasLink","Dec-21",227,183,44,163,161,20,22,2021,12
"Coffs Harbour-Sydney","Coffs Harbour","Sydney","QantasLink","Dec-21",115,106,9,90,91,16,15,2021,12
"Dubbo-Sydney","Dubbo","Sydney","QantasLink","Dec-21",90,87,3,78,83,9,4,2021,12
"Emerald-Brisbane","Emerald","Brisbane","QantasLink","Dec-21",112,104,8,96,96,8,8,2021,12
"Gladstone-Brisbane","Gladstone","Brisbane","QantasLink","Dec-21",122,113,9,103,102,10,11,2021,12
"Gold Coast-Adelaide","Gold Coast","Adelaide","QantasLink","Dec-21",14,13,1,5,9,8,4,2021,12
"Hobart-Brisbane","Hobart","Brisbane","QantasLink","Dec-21",48,43,5,33,35,10,8,2021,12
"Hobart-Melbourne","Hobart","Melbourne","QantasLink","Dec-21",58,55,3,45,45,10,10,2021,12
"Hobart-Sydney","Hobart","Sydney","QantasLink","Dec-21",23,21,2,16,15,5,6,2021,12
"Kalgoorlie-Perth","Kalgoorlie","Perth","QantasLink","Dec-21",56,54,2,46,47,8,7,2021,12
"Karratha-Perth","Karratha","Perth","QantasLink","Dec-21",101,95,6,89,88,6,7,2021,12
"Launceston-Melbourne","Launceston","Melbourne","QantasLink","Dec-21",56,50,6,41,40,9,10,2021,12
"Launceston-Sydney","Launceston","Sydney","QantasLink","Dec-21",19,19,0,14,15,5,4,2021,12
"Mackay-Brisbane","Mackay","Brisbane","QantasLink","Dec-21",8,6,2,4,5,2,1,2021,12
"Melbourne-Canberra","Melbourne","Canberra","QantasLink","Dec-21",152,143,9,113,110,30,33,2021,12
"Melbourne-Hobart","Melbourne","Hobart","QantasLink","Dec-21",59,56,3,48,48,8,8,2021,12
"Melbourne-Launceston","Melbourne","Launceston","QantasLink","Dec-21",56,52,4,42,39,10,13,2021,12
"Melbourne-Mildura","Melbourne","Mildura","QantasLink","Dec-21",113,113,0,93,95,20,18,2021,12
"Melbourne-Newcastle","Melbourne","Newcastle","QantasLink","Dec-21",39,34,5,25,23,9,11,2021,12
"Melbourne-Sunshine Coast","Melbourne","Sunshine Coast","QantasLink","Dec-21",12,10,2,8,7,2,3,2021,12
"Mildura-Melbourne","Mildura","Melbourne","QantasLink","Dec-21",113,111,2,94,94,17,17,2021,12
"Mount Isa-Brisbane","Mount Isa","Brisbane","QantasLink","Dec-21",15,15,0,13,13,2,2,2021,12
"Newcastle-Brisbane","Newcastle","Brisbane","QantasLink","Dec-21",37,36,1,33,34,3,2,2021,12
"Newcastle-Melbourne","Newcastle","Melbourne","QantasLink","Dec-21",41,37,4,25,28,12,9,2021,12
"Newman-Perth","Newman","Perth","QantasLink","Dec-21",98,95,3,81,79,14,16,2021,12
"Perth-Broome","Perth","Broome","QantasLink","Dec-21",56,55,1,49,50,6,5,2021,12
"Perth-Kalgoorlie","Perth","Kalgoorlie","QantasLink","Dec-21",56,54,2,47,47,7,7,2021,12
"Perth-Karratha","Perth","Karratha","QantasLink","Dec-21",102,96,6,86,84,10,12,2021,12
"Perth-Newman","Perth","Newman","QantasLink","Dec-21",98,95,3,89,90,6,5,2021,12
"Perth-Port Hedland","Perth","Port Hedland","QantasLink","Dec-21",88,80,8,76,74,4,6,2021,12
"Port Hedland-Perth","Port Hedland","Perth","QantasLink","Dec-21",88,80,8,68,72,12,8,2021,12
"Port Lincoln-Adelaide","Port Lincoln","Adelaide","QantasLink","Dec-21",123,112,11,102,102,10,10,2021,12
"Port Macquarie-Sydney","Port Macquarie","Sydney","QantasLink","Dec-21",96,93,3,87,84,6,9,2021,12
"Proserpine-Brisbane","Proserpine","Brisbane","QantasLink","Dec-21",46,39,7,36,38,3,1,2021,12
"Rockhampton-Brisbane","Rockhampton","Brisbane","QantasLink","Dec-21",165,152,13,137,132,15,20,2021,12
"Sunshine Coast-Melbourne","Sunshine Coast","Melbourne","QantasLink","Dec-21",12,10,2,8,9,2,1,2021,12
"Sydney-Albury","Sydney","Albury","QantasLink","Dec-21",90,89,1,79,85,10,4,2021,12
"Sydney-Armidale","Sydney","Armidale","QantasLink","Dec-21",103,96,7,79,81,17,15,2021,12
"Sydney-Ballina","Sydney","Ballina","QantasLink","Dec-21",75,75,0,61,61,14,14,2021,12
"Sydney-Canberra","Sydney","Canberra","QantasLink","Dec-21",227,184,43,163,167,21,17,2021,12
"Sydney-Coffs Harbour","Sydney","Coffs Harbour","QantasLink","Dec-21",111,103,8,87,85,16,18,2021,12
"Sydney-Dubbo","Sydney","Dubbo","QantasLink","Dec-21",90,87,3,74,78,13,9,2021,12
"Sydney-Hobart","Sydney","Hobart","QantasLink","Dec-21",23,23,0,13,10,10,13,2021,12
"Sydney-Launceston","Sydney","Launceston","QantasLink","Dec-21",19,19,0,15,16,4,3,2021,12
"Sydney-Port Macquarie","Sydney","Port Macquarie","QantasLink","Dec-21",96,93,3,83,85,10,8,2021,12
"Sydney-Wagga Wagga","Sydney","Wagga Wagga","QantasLink","Dec-21",85,84,1,75,79,9,5,2021,12
"Townsville-Cairns","Townsville","Cairns","QantasLink","Dec-21",141,135,6,120,128,15,7,2021,12
"Wagga Wagga-Sydney","Wagga Wagga","Sydney","QantasLink","Dec-21",87,86,1,82,82,4,4,2021,12
"Adelaide-Melbourne","Adelaide","Melbourne","Rex Airlines","Dec-21",51,51,0,48,49,3,2,2021,12
"Adelaide-Port Lincoln","Adelaide","Port Lincoln","Rex Airlines","Dec-21",176,176,0,156,154,20,22,2021,12
"Albury-Sydney","Albury","Sydney","Rex Airlines","Dec-21",61,61,0,60,58,1,3,2021,12
"Armidale-Sydney","Armidale","Sydney","Rex Airlines","Dec-21",50,50,0,37,36,13,14,2021,12
"Ballina-Sydney","Ballina","Sydney","Rex Airlines","Dec-21",25,25,0,19,19,6,6,2021,12
"Cairns-Townsville","Cairns","Townsville","Rex Airlines","Dec-21",19,19,0,17,17,2,2,2021,12
"Canberra-Sydney","Canberra","Sydney","Rex Airlines","Dec-21",147,146,1,137,131,9,15,2021,12
"Coffs Harbour-Sydney","Coffs Harbour","Sydney","Rex Airlines","Dec-21",78,78,0,74,71,4,7,2021,12
"Dubbo-Sydney","Dubbo","Sydney","Rex Airlines","Dec-21",67,67,0,64,63,3,4,2021,12
"Gold Coast-Melbourne","Gold Coast","Melbourne","Rex Airlines","Dec-21",30,30,0,23,25,7,5,2021,12
"Gold Coast-Sydney","Gold Coast","Sydney","Rex Airlines","Dec-21",28,27,1,27,26,0,1,2021,12
"Melbourne-Adelaide","Melbourne","Adelaide","Rex Airlines","Dec-21",51,51,0,47,48,4,3,2021,12
"Melbourne-Gold Coast","Melbourne","Gold Coast","Rex Airlines","Dec-21",30,30,0,26,25,4,5,2021,12
"Melbourne-Mildura","Melbourne","Mildura","Rex Airlines","Dec-21",53,53,0,42,41,11,12,2021,12
"Melbourne-Sydney","Melbourne","Sydney","Rex Airlines","Dec-21",114,113,1,109,109,4,4,2021,12
"Mildura-Melbourne","Mildura","Melbourne","Rex Airlines","Dec-21",53,53,0,46,46,7,7,2021,12
"Port Lincoln-Adelaide","Port Lincoln","Adelaide","Rex Airlines","Dec-21",177,177,0,157,155,20,22,2021,12
"Port Macquarie-Sydney","Port Macquarie","Sydney","Rex Airlines","Dec-21",73,73,0,65,60,8,13,2021,12
"Sydney-Albury","Sydney","Albury","Rex Airlines","Dec-21",61,61,0,54,56,7,5,2021,12
"Sydney-Armidale","Sydney","Armidale","Rex Airlines","Dec-21",50,50,0,40,41,10,9,2021,12
"Sydney-Ballina","Sydney","Ballina","Rex Airlines","Dec-21",24,24,0,21,21,3,3,2021,12
"Sydney-Canberra","Sydney","Canberra","Rex Airlines","Dec-21",147,147,0,134,125,13,22,2021,12
"Sydney-Coffs Harbour","Sydney","Coffs Harbour","Rex Airlines","Dec-21",78,78,0,74,74,4,4,2021,12
"Sydney-Dubbo","Sydney","Dubbo","Rex Airlines","Dec-21",69,69,0,55,59,14,10,2021,12
"Sydney-Gold Coast","Sydney","Gold Coast","Rex Airlines","Dec-21",28,27,1,25,24,2,3,2021,12
"Sydney-Melbourne","Sydney","Melbourne","Rex Airlines","Dec-21",111,110,1,103,104,7,6,2021,12
"Sydney-Port Macquarie","Sydney","Port Macquarie","Rex Airlines","Dec-21",72,72,0,62,59,10,13,2021,12
"Sydney-Wagga Wagga","Sydney","Wagga Wagga","Rex Airlines","Dec-21",48,48,0,45,45,3,3,2021,12
"Townsville-Cairns","Townsville","Cairns","Rex Airlines","Dec-21",19,19,0,15,15,4,4,2021,12
"Wagga Wagga-Sydney","Wagga Wagga","Sydney","Rex Airlines","Dec-21",48,48,0,44,41,4,7,2021,12
"Adelaide-Alice Springs","Adelaide","Alice Springs","Virgin Australia","Dec-21",14,14,0,14,13,0,1,2021,12
"Adelaide-Brisbane","Adelaide","Brisbane","Virgin Australia","Dec-21",120,99,21,86,87,13,12,2021,12
"Adelaide-Canberra","Adelaide","Canberra","Virgin Australia","Dec-21",25,25,0,23,24,2,1,2021,12
"Adelaide-Gold Coast","Adelaide","Gold Coast","Virgin Australia","Dec-21",45,36,9,35,34,1,2,2021,12
"Adelaide-Melbourne","Adelaide","Melbourne","Virgin Australia","Dec-21",239,220,19,177,188,43,32,2021,12
"Adelaide-Perth","Adelaide","Perth","Virgin Australia","Dec-21",16,13,3,7,9,6,4,2021,12
"Adelaide-Sydney","Adelaide","Sydney","Virgin Australia","Dec-21",109,98,11,89,87,9,11,2021,12
"Alice Springs-Adelaide","Alice Springs","Adelaide","Virgin Australia","Dec-21",14,14,0,11,14,3,0,2021,12
"Ballina-Sydney","Ballina","Sydney","Virgin Australia","Dec-21",102,98,4,78,80,20,18,2021,12
"Brisbane-Adelaide","Brisbane","Adelaide","Virgin Australia","Dec-21",121,100,21,82,88,18,12,2021,12
"Brisbane-Cairns","Brisbane","Cairns","Virgin Australia","Dec-21",187,177,10,151,137,26,40,2021,12
"Brisbane-Canberra","Brisbane","Canberra","Virgin Australia","Dec-21",62,50,12,41,44,9,6,2021,12
"Brisbane-Darwin","Brisbane","Darwin","Virgin Australia","Dec-21",30,22,8,20,19,2,3,2021,12
"Brisbane-Emerald","Brisbane","Emerald","Virgin Australia","Dec-21",27,27,0,23,22,4,5,2021,12
"Brisbane-Gladstone","Brisbane","Gladstone","Virgin Australia","Dec-21",36,36,0,35,33,1,3,2021,12
"Brisbane-Hamilton Island","Brisbane","Hamilton Island","Virgin Australia","Dec-21",62,62,0,56,54,6,8,2021,12
"Brisbane-Hobart","Brisbane","Hobart","Virgin Australia","Dec-21",81,73,8,68,68,5,5,2021,12
"Brisbane-Mackay","Brisbane","Mackay","Virgin Australia","Dec-21",118,110,8,85,84,25,26,2021,12
"Brisbane-Melbourne","Brisbane","Melbourne","Virgin Australia","Dec-21",204,179,25,84,96,95,83,2021,12
"Brisbane-Mount Isa","Brisbane","Mount Isa","Virgin Australia","Dec-21",17,17,0,16,15,1,2,2021,12
"Brisbane-Newcastle","Brisbane","Newcastle","Virgin Australia","Dec-21",38,38,0,35,34,3,4,2021,12
"Brisbane-Perth","Brisbane","Perth","Virgin Australia","Dec-21",72,61,11,44,44,17,17,2021,12
"Brisbane-Proserpine","Brisbane","Proserpine","Virgin Australia","Dec-21",57,55,2,48,43,7,12,2021,12
"Brisbane-Rockhampton","Brisbane","Rockhampton","Virgin Australia","Dec-21",106,105,1,90,80,15,25,2021,12
"Brisbane-Sydney","Brisbane","Sydney","Virgin Australia","Dec-21",213,167,46,106,124,61,43,2021,12
"Brisbane-Townsville","Brisbane","Townsville","Virgin Australia","Dec-21",123,115,8,87,82,28,33,2021,12
"Broome-Perth","Broome","Perth","Virgin Australia","Dec-21",29,29,0,26,27,3,2,2021,12
"Cairns-Brisbane","Cairns","Brisbane","Virgin Australia","Dec-21",187,177,10,133,157,44,20,2021,12
"Cairns-Melbourne","Cairns","Melbourne","Virgin Australia","Dec-21",55,49,6,34,33,15,16,2021,12
"Cairns-Sydney","Cairns","Sydney","Virgin Australia","Dec-21",55,39,16,34,35,5,4,2021,12
"Canberra-Adelaide","Canberra","Adelaide","Virgin Australia","Dec-21",25,25,0,23,23,2,2,2021,12
"Canberra-Brisbane","Canberra","Brisbane","Virgin Australia","Dec-21",61,51,10,33,35,18,16,2021,12
"Canberra-Melbourne","Canberra","Melbourne","Virgin Australia","Dec-21",118,116,2,82,91,34,25,2021,12
"Coffs Harbour-Sydney","Coffs Harbour","Sydney","Virgin Australia","Dec-21",32,31,1,21,23,10,8,2021,12
"Darwin-Brisbane","Darwin","Brisbane","Virgin Australia","Dec-21",29,22,7,15,19,7,3,2021,12
"Darwin-Melbourne","Darwin","Melbourne","Virgin Australia","Dec-21",24,13,11,8,9,5,4,2021,12
"Darwin-Perth","Darwin","Perth","Virgin Australia","Dec-21",3,3,0,3,3,0,0,2021,12
"Emerald-Brisbane","Emerald","Brisbane","Virgin Australia","Dec-21",27,27,0,23,24,4,3,2021,12
"Gladstone-Brisbane","Gladstone","Brisbane","Virgin Australia","Dec-21",36,36,0,35,30,1,6,2021,12
"Gold Coast-Adelaide","Gold Coast","Adelaide","Virgin Australia","Dec-21",45,36,9,31,35,5,1,2021,12
"Gold Coast-Melbourne","Gold Coast","Melbourne","Virgin Australia","Dec-21",197,159,38,95,103,64,56,2021,12
"Gold Coast-Sydney","Gold Coast","Sydney","Virgin Australia","Dec-21",194,146,48,101,112,45,34,2021,12
"Hamilton Island-Brisbane","Hamilton Island","Brisbane","Virgin Australia","Dec-21",62,62,0,51,56,11,6,2021,12
"Hamilton Island-Sydney","Hamilton Island","Sydney","Virgin Australia","Dec-21",9,9,0,8,9,1,0,2021,12
"Hobart-Brisbane","Hobart","Brisbane","Virgin Australia","Dec-21",81,72,9,59,50,13,22,2021,12
"Hobart-Melbourne","Hobart","Melbourne","Virgin Australia","Dec-21",78,67,11,36,32,31,35,2021,12
"Hobart-Sydney","Hobart","Sydney","Virgin Australia","Dec-21",55,47,8,38,37,9,10,2021,12
"Kalgoorlie-Perth","Kalgoorlie","Perth","Virgin Australia","Dec-21",30,30,0,21,23,9,7,2021,12
"Karratha-Perth","Karratha","Perth","Virgin Australia","Dec-21",33,33,0,26,28,7,5,2021,12
"Launceston-Melbourne","Launceston","Melbourne","Virgin Australia","Dec-21",59,54,5,38,41,16,13,2021,12
"Launceston-Sydney","Launceston","Sydney","Virgin Australia","Dec-21",25,24,1,22,21,2,3,2021,12
"Mackay-Brisbane","Mackay","Brisbane","Virgin Australia","Dec-21",118,110,8,83,88,27,22,2021,12
"Melbourne-Adelaide","Melbourne","Adelaide","Virgin Australia","Dec-21",240,220,20,178,174,42,46,2021,12
"Melbourne-Brisbane","Melbourne","Brisbane","Virgin Australia","Dec-21",201,173,28,100,89,73,84,2021,12
"Melbourne-Cairns","Melbourne","Cairns","Virgin Australia","Dec-21",55,49,6,34,36,15,13,2021,12
"Melbourne-Canberra","Melbourne","Canberra","Virgin Australia","Dec-21",119,117,2,96,94,21,23,2021,12
"Melbourne-Darwin","Melbourne","Darwin","Virgin Australia","Dec-21",19,13,6,10,9,3,4,2021,12
"Melbourne-Gold Coast","Melbourne","Gold Coast","Virgin Australia","Dec-21",199,162,37,98,103,64,59,2021,12
"Melbourne-Hobart","Melbourne","Hobart","Virgin Australia","Dec-21",78,67,11,51,52,16,15,2021,12
"Melbourne-Launceston","Melbourne","Launceston","Virgin Australia","Dec-21",60,54,6,37,38,17,16,2021,12
"Melbourne-Newcastle","Melbourne","Newcastle","Virgin Australia","Dec-21",40,39,1,35,36,4,3,2021,12
"Melbourne-Perth","Melbourne","Perth","Virgin Australia","Dec-21",19,18,1,14,15,4,3,2021,12
"Melbourne-Sunshine Coast","Melbourne","Sunshine Coast","Virgin Australia","Dec-21",83,76,7,52,53,24,23,2021,12
"Melbourne-Sydney","Melbourne","Sydney","Virgin Australia","Dec-21",702,626,76,517,521,109,105,2021,12
"Mount Isa-Brisbane","Mount Isa","Brisbane","Virgin Australia","Dec-21",17,17,0,15,11,2,6,2021,12
"Newcastle-Brisbane","Newcastle","Brisbane","Virgin Australia","Dec-21",38,38,0,35,34,3,4,2021,12
"Newcastle-Melbourne","Newcastle","Melbourne","Virgin Australia","Dec-21",40,39,1,37,36,2,3,2021,12
"Newman-Perth","Newman","Perth","Virgin Australia","Dec-21",27,27,0,22,20,5,7,2021,12
"Perth-Adelaide","Perth","Adelaide","Virgin Australia","Dec-21",18,13,5,12,11,1,2,2021,12
"Perth-Brisbane","Perth","Brisbane","Virgin Australia","Dec-21",70,60,10,36,45,24,15,2021,12
"Perth-Broome","Perth","Broome","Virgin Australia","Dec-21",29,29,0,25,27,4,2,2021,12
"Perth-Darwin","Perth","Darwin","Virgin Australia","Dec-21",3,3,0,3,3,0,0,2021,12
"Perth-Kalgoorlie","Perth","Kalgoorlie","Virgin Australia","Dec-21",30,30,0,30,30,0,0,2021,12
"Perth-Karratha","Perth","Karratha","Virgin Australia","Dec-21",33,33,0,32,32,1,1,2021,12
"Perth-Melbourne","Perth","Melbourne","Virgin Australia","Dec-21",22,20,2,8,9,12,11,2021,12
"Perth-Newman","Perth","Newman","Virgin Australia","Dec-21",27,27,0,26,26,1,1,2021,12
"Perth-Port Hedland","Perth","Port Hedland","Virgin Australia","Dec-21",14,14,0,14,14,0,0,2021,12
"Perth-Sydney","Perth","Sydney","Virgin Australia","Dec-21",15,14,1,7,8,7,6,2021,12
"Port Hedland-Perth","Port Hedland","Perth","Virgin Australia","Dec-21",14,14,0,10,9,4,5,2021,12
"Proserpine-Brisbane","Proserpine","Brisbane","Virgin Australia","Dec-21",57,55,2,35,39,20,16,2021,12
"Rockhampton-Brisbane","Rockhampton","Brisbane","Virgin Australia","Dec-21",106,105,1,98,98,7,7,2021,12
"Sunshine Coast-Melbourne","Sunshine Coast","Melbourne","Virgin Australia","Dec-21",83,76,7,44,43,32,33,2021,12
"Sunshine Coast-Sydney","Sunshine Coast","Sydney","Virgin Australia","Dec-21",70,60,10,41,38,19,22,2021,12
"Sydney-Adelaide","Sydney","Adelaide","Virgin Australia","Dec-21",110,100,10,89,91,11,9,2021,12
"Sydney-Ballina","Sydney","Ballina","Virgin Australia","Dec-21",102,99,3,88,85,11,14,2021,12
"Sydney-Brisbane","Sydney","Brisbane","Virgin Australia","Dec-21",211,164,47,126,126,38,38,2021,12
"Sydney-Cairns","Sydney","Cairns","Virgin Australia","Dec-21",55,39,16,36,37,3,2,2021,12
"Sydney-Coffs Harbour","Sydney","Coffs Harbour","Virgin Australia","Dec-21",32,31,1,22,22,9,9,2021,12
"Sydney-Gold Coast","Sydney","Gold Coast","Virgin Australia","Dec-21",195,147,48,100,104,47,43,2021,12
"Sydney-Hamilton Island","Sydney","Hamilton Island","Virgin Australia","Dec-21",9,9,0,9,9,0,0,2021,12
"Sydney-Hobart","Sydney","Hobart","Virgin Australia","Dec-21",56,47,9,38,40,9,7,2021,12
"Sydney-Launceston","Sydney","Launceston","Virgin Australia","Dec-21",25,24,1,22,22,2,2,2021,12
"Sydney-Melbourne","Sydney","Melbourne","Virgin Australia","Dec-21",701,626,75,474,520,152,106,2021,12
"Sydney-Perth","Sydney","Perth","Virgin Australia","Dec-21",13,10,3,9,7,1,3,2021,12
"Sydney-Sunshine Coast","Sydney","Sunshine Coast","Virgin Australia","Dec-21",70,60,10,49,46,11,14,2021,12
"Townsville-Brisbane","Townsville","Brisbane","Virgin Australia","Dec-21",123,116,7,74,82,42,34,2021,12
"Adelaide-Perth","Adelaide","Perth","Virgin Australia Regional Airlines","Dec-21",5,5,0,3,5,2,0,2021,12
"Broome-Perth","Broome","Perth","Virgin Australia Regional Airlines","Dec-21",32,30,2,24,24,6,6,2021,12
"Darwin-Perth","Darwin","Perth","Virgin Australia Regional Airlines","Dec-21",15,13,2,11,11,2,2,2021,12
"Kalgoorlie-Perth","Kalgoorlie","Perth","Virgin Australia Regional Airlines","Dec-21",30,29,1,20,20,9,9,2021,12
"Karratha-Perth","Karratha","Perth","Virgin Australia Regional Airlines","Dec-21",21,21,0,16,18,5,3,2021,12
"Newman-Perth","Newman","Perth","Virgin Australia Regional Airlines","Dec-21",28,28,0,22,21,6,7,2021,12
"Perth-Adelaide","Perth","Adelaide","Virgin Australia Regional Airlines","Dec-21",5,5,0,5,5,0,0,2021,12
"Perth-Broome","Perth","Broome","Virgin Australia Regional Airlines","Dec-21",32,30,2,26,27,4,3,2021,12
"Perth-Darwin","Perth","Darwin","Virgin Australia Regional Airlines","Dec-21",15,13,2,11,12,2,1,2021,12
"Perth-Kalgoorlie","Perth","Kalgoorlie","Virgin Australia Regional Airlines","Dec-21",30,29,1,27,26,2,3,2021,12
"Perth-Karratha","Perth","Karratha","Virgin Australia Regional Airlines","Dec-21",21,21,0,20,20,1,1,2021,12
"Perth-Newman","Perth","Newman","Virgin Australia Regional Airlines","Dec-21",28,28,0,25,24,3,4,2021,12
"Perth-Port Hedland","Perth","Port Hedland","Virgin Australia Regional Airlines","Dec-21",40,40,0,36,36,4,4,2021,12
"Port Hedland-Perth","Port Hedland","Perth","Virgin Australia Regional Airlines","Dec-21",40,40,0,33,33,7,7,2021,12
"Adelaide-Alice Springs","Adelaide","Alice Springs","All Airlines","Dec-21",33,31,2,30,29,1,2,2021,12
"Adelaide-Brisbane","Adelaide","Brisbane","All Airlines","Dec-21",246,218,28,195,193,23,25,2021,12
"Adelaide-Canberra","Adelaide","Canberra","All Airlines","Dec-21",56,55,1,51,52,4,3,2021,12
"Adelaide-Gold Coast","Adelaide","Gold Coast","All Airlines","Dec-21",95,78,17,73,71,5,7,2021,12
"Adelaide-Melbourne","Adelaide","Melbourne","All Airlines","Dec-21",569,517,52,452,464,65,53,2021,12
"Adelaide-Perth","Adelaide","Perth","All Airlines","Dec-21",67,40,27,31,35,9,5,2021,12
"Adelaide-Port Lincoln","Adelaide","Port Lincoln","All Airlines","Dec-21",299,289,10,254,255,35,34,2021,12
"Adelaide-Sydney","Adelaide","Sydney","All Airlines","Dec-21",382,343,39,318,315,25,28,2021,12
"Albury-Sydney","Albury","Sydney","All Airlines","Dec-21",151,150,1,142,144,8,6,2021,12
"Alice Springs-Adelaide","Alice Springs","Adelaide","All Airlines","Dec-21",33,31,2,22,29,9,2,2021,12
"Armidale-Sydney","Armidale","Sydney","All Airlines","Dec-21",153,144,9,122,118,22,26,2021,12
"Ballina-Sydney","Ballina","Sydney","All Airlines","Dec-21",329,319,10,224,243,95,76,2021,12
"Brisbane-Adelaide","Brisbane","Adelaide","All Airlines","Dec-21",245,217,28,186,195,31,22,2021,12
"Brisbane-Cairns","Brisbane","Cairns","All Airlines","Dec-21",472,457,15,375,363,82,94,2021,12
"Brisbane-Canberra","Brisbane","Canberra","All Airlines","Dec-21",146,127,19,106,109,21,18,2021,12
"Brisbane-Darwin","Brisbane","Darwin","All Airlines","Dec-21",98,87,11,77,75,10,12,2021,12
"Brisbane-Emerald","Brisbane","Emerald","All Airlines","Dec-21",140,131,9,121,120,10,11,2021,12
"Brisbane-Gladstone","Brisbane","Gladstone","All Airlines","Dec-21",159,150,9,139,136,11,14,2021,12
"Brisbane-Hamilton Island","Brisbane","Hamilton Island","All Airlines","Dec-21",108,105,3,99,96,6,9,2021,12
"Brisbane-Hobart","Brisbane","Hobart","All Airlines","Dec-21",181,168,13,141,149,27,19,2021,12
"Brisbane-Mackay","Brisbane","Mackay","All Airlines","Dec-21",256,245,11,204,206,41,39,2021,12
"Brisbane-Melbourne","Brisbane","Melbourne","All Airlines","Dec-21",539,485,54,330,352,155,133,2021,12
"Brisbane-Mount Isa","Brisbane","Mount Isa","All Airlines","Dec-21",70,69,1,64,62,5,7,2021,12
"Brisbane-Newcastle","Brisbane","Newcastle","All Airlines","Dec-21",111,110,1,97,99,13,11,2021,12
"Brisbane-Perth","Brisbane","Perth","All Airlines","Dec-21",175,150,25,124,119,26,31,2021,12
"Brisbane-Proserpine","Brisbane","Proserpine","All Airlines","Dec-21",143,134,9,112,100,22,34,2021,12
"Brisbane-Rockhampton","Brisbane","Rockhampton","All Airlines","Dec-21",270,257,13,230,213,27,44,2021,12
"Brisbane-Sydney","Brisbane","Sydney","All Airlines","Dec-21",620,520,100,419,444,101,76,2021,12
"Brisbane-Townsville","Brisbane","Townsville","All Airlines","Dec-21",315,305,10,248,234,57,71,2021,12
"Broome-Perth","Broome","Perth","All Airlines","Dec-21",145,138,7,118,122,20,16,2021,12
"Cairns-Brisbane","Cairns","Brisbane","All Airlines","Dec-21",473,457,16,382,407,75,50,2021,12
"Cairns-Melbourne","Cairns","Melbourne","All Airlines","Dec-21",138,127,11,97,98,30,29,2021,12
"Cairns-Sydney","Cairns","Sydney","All Airlines","Dec-21",161,126,35,113,114,13,12,2021,12
"Cairns-Townsville","Cairns","Townsville","All Airlines","Dec-21",160,155,5,138,141,17,14,2021,12
"Canberra-Adelaide","Canberra","Adelaide","All Airlines","Dec-21",55,54,1,51,51,3,3,2021,12
"Canberra-Brisbane","Canberra","Brisbane","All Airlines","Dec-21",145,128,17,99,99,29,29,2021,12
"Canberra-Melbourne","Canberra","Melbourne","All Airlines","Dec-21",269,256,13,191,198,65,58,2021,12
"Canberra-Sydney","Canberra","Sydney","All Airlines","Dec-21",374,329,45,300,292,29,37,2021,12
"Coffs Harbour-Sydney","Coffs Harbour","Sydney","All Airlines","Dec-21",225,215,10,185,185,30,30,2021,12
"Darwin-Brisbane","Darwin","Brisbane","All Airlines","Dec-21",96,86,10,53,62,33,24,2021,12
"Darwin-Melbourne","Darwin","Melbourne","All Airlines","Dec-21",43,32,11,20,24,12,8,2021,12
"Darwin-Perth","Darwin","Perth","All Airlines","Dec-21",44,33,11,27,30,6,3,2021,12
"Dubbo-Sydney","Dubbo","Sydney","All Airlines","Dec-21",157,154,3,142,146,12,8,2021,12
"Emerald-Brisbane","Emerald","Brisbane","All Airlines","Dec-21",139,131,8,119,120,12,11,2021,12
"Gladstone-Brisbane","Gladstone","Brisbane","All Airlines","Dec-21",158,149,9,138,132,11,17,2021,12
"Gold Coast-Adelaide","Gold Coast","Adelaide","All Airlines","Dec-21",95,78,17,61,72,17,6,2021,12
"Gold Coast-Melbourne","Gold Coast","Melbourne","All Airlines","Dec-21",422,362,60,253,270,109,92,2021,12
"Gold Coast-Sydney","Gold Coast","Sydney","All Airlines","Dec-21",463,371,92,279,293,92,78,2021,12
"Hamilton Island-Brisbane","Hamilton Island","Brisbane","All Airlines","Dec-21",107,104,3,91,97,13,7,2021,12
"Hamilton Island-Sydney","Hamilton Island","Sydney","All Airlines","Dec-21",42,41,1,29,33,12,8,2021,12
"Hobart-Brisbane","Hobart","Brisbane","All Airlines","Dec-21",181,166,15,134,124,32,42,2021,12
"Hobart-Melbourne","Hobart","Melbourne","All Airlines","Dec-21",242,217,25,139,141,78,76,2021,12
"Hobart-Sydney","Hobart","Sydney","All Airlines","Dec-21",168,148,20,104,104,44,44,2021,12
"Kalgoorlie-Perth","Kalgoorlie","Perth","All Airlines","Dec-21",127,123,4,94,98,29,25,2021,12
"Karratha-Perth","Karratha","Perth","All Airlines","Dec-21",196,190,6,169,173,21,17,2021,12
"Launceston-Melbourne","Launceston","Melbourne","All Airlines","Dec-21",185,172,13,120,124,52,48,2021,12
"Launceston-Sydney","Launceston","Sydney","All Airlines","Dec-21",93,88,5,64,66,24,22,2021,12
"Mackay-Brisbane","Mackay","Brisbane","All Airlines","Dec-21",262,249,13,200,213,49,36,2021,12
"Melbourne-Adelaide","Melbourne","Adelaide","All Airlines","Dec-21",572,517,55,444,445,73,72,2021,12
"Melbourne-Brisbane","Melbourne","Brisbane","All Airlines","Dec-21",537,483,54,350,324,133,159,2021,12
"Melbourne-Cairns","Melbourne","Cairns","All Airlines","Dec-21",138,127,11,84,93,43,34,2021,12
"Melbourne-Canberra","Melbourne","Canberra","All Airlines","Dec-21",271,260,11,209,204,51,56,2021,12
"Melbourne-Darwin","Melbourne","Darwin","All Airlines","Dec-21",38,32,6,29,25,3,7,2021,12
"Melbourne-Gold Coast","Melbourne","Gold Coast","All Airlines","Dec-21",424,365,59,242,250,123,115,2021,12
"Melbourne-Hobart","Melbourne","Hobart","All Airlines","Dec-21",242,217,25,158,170,59,47,2021,12
"Melbourne-Launceston","Melbourne","Launceston","All Airlines","Dec-21",186,174,12,120,124,54,50,2021,12
"Melbourne-Mildura","Melbourne","Mildura","All Airlines","Dec-21",166,166,0,135,136,31,30,2021,12
"Melbourne-Newcastle","Melbourne","Newcastle","All Airlines","Dec-21",149,141,8,107,102,34,39,2021,12
"Melbourne-Perth","Melbourne","Perth","All Airlines","Dec-21",43,40,3,32,35,8,5,2021,12
"Melbourne-Sunshine Coast","Melbourne","Sunshine Coast","All Airlines","Dec-21",181,164,17,118,110,46,54,2021,12
"Melbourne-Sydney","Melbourne","Sydney","All Airlines","Dec-21",1843,1646,197,1421,1427,225,219,2021,12
"Mildura-Melbourne","Mildura","Melbourne","All Airlines","Dec-21",166,164,2,140,140,24,24,2021,12
"Mount Isa-Brisbane","Mount Isa","Brisbane","All Airlines","Dec-21",69,68,1,59,56,9,12,2021,12
"Newcastle-Brisbane","Newcastle","Brisbane","All Airlines","Dec-21",110,109,1,97,96,12,13,2021,12
"Newcastle-Melbourne","Newcastle","Melbourne","All Airlines","Dec-21",151,144,7,106,117,38,27,2021,12
"Newman-Perth","Newman","Perth","All Airlines","Dec-21",166,162,4,133,128,29,34,2021,12
"Perth-Adelaide","Perth","Adelaide","All Airlines","Dec-21",69,40,29,37,37,3,3,2021,12
"Perth-Brisbane","Perth","Brisbane","All Airlines","Dec-21",174,151,23,118,122,33,29,2021,12
"Perth-Broome","Perth","Broome","All Airlines","Dec-21",143,138,5,121,127,17,11,2021,12
"Perth-Darwin","Perth","Darwin","All Airlines","Dec-21",44,33,11,31,31,2,2,2021,12
"Perth-Kalgoorlie","Perth","Kalgoorlie","All Airlines","Dec-21",127,123,4,113,112,10,11,2021,12
"Perth-Karratha","Perth","Karratha","All Airlines","Dec-21",197,191,6,179,176,12,15,2021,12
"Perth-Melbourne","Perth","Melbourne","All Airlines","Dec-21",46,41,5,29,24,12,17,2021,12
"Perth-Newman","Perth","Newman","All Airlines","Dec-21",166,162,4,152,151,10,11,2021,12
"Perth-Port Hedland","Perth","Port Hedland","All Airlines","Dec-21",180,172,8,164,162,8,10,2021,12
"Perth-Sydney","Perth","Sydney","All Airlines","Dec-21",37,33,4,23,21,10,12,2021,12
"Port Hedland-Perth","Port Hedland","Perth","All Airlines","Dec-21",180,172,8,143,146,29,26,2021,12
"Port Lincoln-Adelaide","Port Lincoln","Adelaide","All Airlines","Dec-21",300,289,11,259,257,30,32,2021,12
"Port Macquarie-Sydney","Port Macquarie","Sydney","All Airlines","Dec-21",169,166,3,152,144,14,22,2021,12
"Proserpine-Brisbane","Proserpine","Brisbane","All Airlines","Dec-21",142,133,9,83,94,50,39,2021,12
"Rockhampton-Brisbane","Rockhampton","Brisbane","All Airlines","Dec-21",271,257,14,235,230,22,27,2021,12
"Sunshine Coast-Melbourne","Sunshine Coast","Melbourne","All Airlines","Dec-21",181,162,19,102,105,60,57,2021,12
"Sunshine Coast-Sydney","Sunshine Coast","Sydney","All Airlines","Dec-21",168,138,30,96,92,42,46,2021,12
"Sydney-Adelaide","Sydney","Adelaide","All Airlines","Dec-21",383,346,37,299,316,47,30,2021,12
"Sydney-Albury","Sydney","Albury","All Airlines","Dec-21",151,150,1,133,141,17,9,2021,12
"Sydney-Armidale","Sydney","Armidale","All Airlines","Dec-21",153,146,7,119,122,27,24,2021,12
"Sydney-Ballina","Sydney","Ballina","All Airlines","Dec-21",329,320,9,273,272,47,48,2021,12
"Sydney-Brisbane","Sydney","Brisbane","All Airlines","Dec-21",614,509,105,423,426,86,83,2021,12
"Sydney-Cairns","Sydney","Cairns","All Airlines","Dec-21",161,126,35,106,107,20,19,2021,12
"Sydney-Canberra","Sydney","Canberra","All Airlines","Dec-21",374,331,43,297,292,34,39,2021,12
"Sydney-Coffs Harbour","Sydney","Coffs Harbour","All Airlines","Dec-21",221,212,9,183,181,29,31,2021,12
"Sydney-Dubbo","Sydney","Dubbo","All Airlines","Dec-21",159,156,3,129,137,27,19,2021,12
"Sydney-Gold Coast","Sydney","Gold Coast","All Airlines","Dec-21",464,372,92,276,279,96,93,2021,12
"Sydney-Hamilton Island","Sydney","Hamilton Island","All Airlines","Dec-21",42,41,1,35,34,6,7,2021,12
"Sydney-Hobart","Sydney","Hobart","All Airlines","Dec-21",170,151,19,106,114,45,37,2021,12
"Sydney-Launceston","Sydney","Launceston","All Airlines","Dec-21",93,88,5,64,68,24,20,2021,12
"Sydney-Melbourne","Sydney","Melbourne","All Airlines","Dec-21",1821,1632,189,1341,1422,291,210,2021,12
"Sydney-Perth","Sydney","Perth","All Airlines","Dec-21",34,28,6,18,20,10,8,2021,12
"Sydney-Port Macquarie","Sydney","Port Macquarie","All Airlines","Dec-21",168,165,3,145,144,20,21,2021,12
"Sydney-Sunshine Coast","Sydney","Sunshine Coast","All Airlines","Dec-21",167,138,29,110,102,28,36,2021,12
"Sydney-Wagga Wagga","Sydney","Wagga Wagga","All Airlines","Dec-21",133,132,1,120,124,12,8,2021,12
"Townsville-Brisbane","Townsville","Brisbane","All Airlines","Dec-21",315,306,9,222,239,84,67,2021,12
"Townsville-Cairns","Townsville","Cairns","All Airlines","Dec-21",160,154,6,135,143,19,11,2021,12
"Wagga Wagga-Sydney","Wagga Wagga","Sydney","All Airlines","Dec-21",135,134,1,126,123,8,11,2021,12
"Adelaide-Brisbane","Adelaide","Brisbane","Jetstar","Jan-22",39,36,3,28,30,8,6,2022,1
"Adelaide-Gold Coast","Adelaide","Gold Coast","Jetstar","Jan-22",41,38,3,38,38,0,0,2022,1
"Adelaide-Melbourne","Adelaide","Melbourne","Jetstar","Jan-22",81,66,15,48,52,18,14,2022,1
"Adelaide-Sydney","Adelaide","Sydney","Jetstar","Jan-22",105,83,22,71,74,12,9,2022,1
"Ballina-Sydney","Ballina","Sydney","Jetstar","Jan-22",96,88,8,49,54,39,34,2022,1
"Brisbane-Adelaide","Brisbane","Adelaide","Jetstar","Jan-22",39,36,3,25,28,11,8,2022,1
"Brisbane-Cairns","Brisbane","Cairns","Jetstar","Jan-22",104,90,14,66,72,24,18,2022,1
"Brisbane-Darwin","Brisbane","Darwin","Jetstar","Jan-22",30,29,1,24,27,5,2,2022,1
"Brisbane-Hobart","Brisbane","Hobart","Jetstar","Jan-22",42,38,4,30,35,8,3,2022,1
"Brisbane-Mackay","Brisbane","Mackay","Jetstar","Jan-22",42,41,1,28,34,13,7,2022,1
"Brisbane-Melbourne","Brisbane","Melbourne","Jetstar","Jan-22",178,130,48,96,104,34,26,2022,1
"Brisbane-Newcastle","Brisbane","Newcastle","Jetstar","Jan-22",56,52,4,36,41,16,11,2022,1
"Brisbane-Proserpine","Brisbane","Proserpine","Jetstar","Jan-22",46,46,0,38,38,8,8,2022,1
"Brisbane-Sydney","Brisbane","Sydney","Jetstar","Jan-22",128,87,41,68,74,19,13,2022,1
"Brisbane-Townsville","Brisbane","Townsville","Jetstar","Jan-22",58,56,2,43,45,13,11,2022,1
"Cairns-Brisbane","Cairns","Brisbane","Jetstar","Jan-22",105,88,17,68,63,20,25,2022,1
"Cairns-Melbourne","Cairns","Melbourne","Jetstar","Jan-22",93,91,2,58,62,33,29,2022,1
"Cairns-Sydney","Cairns","Sydney","Jetstar","Jan-22",91,72,19,58,58,14,14,2022,1
"Darwin-Brisbane","Darwin","Brisbane","Jetstar","Jan-22",31,30,1,20,16,10,14,2022,1
"Gold Coast-Adelaide","Gold Coast","Adelaide","Jetstar","Jan-22",41,38,3,35,36,3,2,2022,1
"Gold Coast-Melbourne","Gold Coast","Melbourne","Jetstar","Jan-22",271,235,36,166,183,69,52,2022,1
"Gold Coast-Sydney","Gold Coast","Sydney","Jetstar","Jan-22",278,218,60,174,183,44,35,2022,1
"Hamilton Island-Sydney","Hamilton Island","Sydney","Jetstar","Jan-22",30,28,2,18,19,10,9,2022,1
"Hobart-Brisbane","Hobart","Brisbane","Jetstar","Jan-22",42,38,4,33,32,5,6,2022,1
"Hobart-Melbourne","Hobart","Melbourne","Jetstar","Jan-22",188,151,37,116,121,35,30,2022,1
"Hobart-Sydney","Hobart","Sydney","Jetstar","Jan-22",111,92,19,71,70,21,22,2022,1
"Launceston-Melbourne","Launceston","Melbourne","Jetstar","Jan-22",119,109,10,83,87,26,22,2022,1
"Launceston-Sydney","Launceston","Sydney","Jetstar","Jan-22",68,60,8,40,46,20,14,2022,1
"Mackay-Brisbane","Mackay","Brisbane","Jetstar","Jan-22",42,40,2,27,30,13,10,2022,1
"Melbourne-Adelaide","Melbourne","Adelaide","Jetstar","Jan-22",81,66,15,43,48,23,18,2022,1
"Melbourne-Brisbane","Melbourne","Brisbane","Jetstar","Jan-22",178,129,49,91,95,38,34,2022,1
"Melbourne-Cairns","Melbourne","Cairns","Jetstar","Jan-22",94,92,2,51,67,41,25,2022,1
"Melbourne-Gold Coast","Melbourne","Gold Coast","Jetstar","Jan-22",271,235,36,152,166,83,69,2022,1
"Melbourne-Hobart","Melbourne","Hobart","Jetstar","Jan-22",188,151,37,117,126,34,25,2022,1
"Melbourne-Launceston","Melbourne","Launceston","Jetstar","Jan-22",119,109,10,85,88,24,21,2022,1
"Melbourne-Newcastle","Melbourne","Newcastle","Jetstar","Jan-22",63,60,3,42,39,18,21,2022,1
"Melbourne-Sunshine Coast","Melbourne","Sunshine Coast","Jetstar","Jan-22",86,80,6,63,65,17,15,2022,1
"Melbourne-Sydney","Melbourne","Sydney","Jetstar","Jan-22",362,240,122,194,199,46,41,2022,1
"Newcastle-Brisbane","Newcastle","Brisbane","Jetstar","Jan-22",56,52,4,43,43,9,9,2022,1
"Newcastle-Melbourne","Newcastle","Melbourne","Jetstar","Jan-22",63,60,3,43,47,17,13,2022,1
"Proserpine-Brisbane","Proserpine","Brisbane","Jetstar","Jan-22",47,46,1,32,33,14,13,2022,1
"Sunshine Coast-Melbourne","Sunshine Coast","Melbourne","Jetstar","Jan-22",86,80,6,62,66,18,14,2022,1
"Sunshine Coast-Sydney","Sunshine Coast","Sydney","Jetstar","Jan-22",85,72,13,59,58,13,14,2022,1
"Sydney-Adelaide","Sydney","Adelaide","Jetstar","Jan-22",105,83,22,65,75,18,8,2022,1
"Sydney-Ballina","Sydney","Ballina","Jetstar","Jan-22",96,88,8,68,66,20,22,2022,1
"Sydney-Brisbane","Sydney","Brisbane","Jetstar","Jan-22",128,90,38,67,71,23,19,2022,1
"Sydney-Cairns","Sydney","Cairns","Jetstar","Jan-22",91,69,22,52,54,17,15,2022,1
"Sydney-Gold Coast","Sydney","Gold Coast","Jetstar","Jan-22",278,218,60,191,195,27,23,2022,1
"Sydney-Hamilton Island","Sydney","Hamilton Island","Jetstar","Jan-22",30,28,2,24,25,4,3,2022,1
"Sydney-Hobart","Sydney","Hobart","Jetstar","Jan-22",111,92,19,70,75,22,17,2022,1
"Sydney-Launceston","Sydney","Launceston","Jetstar","Jan-22",68,60,8,46,44,14,16,2022,1
"Sydney-Melbourne","Sydney","Melbourne","Jetstar","Jan-22",364,243,121,187,208,56,35,2022,1
"Sydney-Sunshine Coast","Sydney","Sunshine Coast","Jetstar","Jan-22",85,72,13,60,59,12,13,2022,1
"Townsville-Brisbane","Townsville","Brisbane","Jetstar","Jan-22",58,55,3,43,41,12,14,2022,1
"Adelaide-Alice Springs","Adelaide","Alice Springs","Qantas","Jan-22",1,1,0,0,0,1,1,2022,1
"Adelaide-Brisbane","Adelaide","Brisbane","Qantas","Jan-22",84,74,10,67,70,7,4,2022,1
"Adelaide-Canberra","Adelaide","Canberra","Qantas","Jan-22",1,1,0,0,0,1,1,2022,1
"Adelaide-Melbourne","Adelaide","Melbourne","Qantas","Jan-22",156,126,30,116,115,10,11,2022,1
"Adelaide-Sydney","Adelaide","Sydney","Qantas","Jan-22",132,121,11,106,113,15,8,2022,1
"Alice Springs-Adelaide","Alice Springs","Adelaide","Qantas","Jan-22",1,1,0,0,0,1,1,2022,1
"Ballina-Sydney","Ballina","Sydney","Qantas","Jan-22",32,32,0,25,26,7,6,2022,1
"Brisbane-Adelaide","Brisbane","Adelaide","Qantas","Jan-22",85,75,10,72,74,3,1,2022,1
"Brisbane-Cairns","Brisbane","Cairns","Qantas","Jan-22",127,107,20,105,105,2,2,2022,1
"Brisbane-Canberra","Brisbane","Canberra","Qantas","Jan-22",40,34,6,34,34,0,0,2022,1
"Brisbane-Darwin","Brisbane","Darwin","Qantas","Jan-22",31,31,0,29,30,2,1,2022,1
"Brisbane-Hamilton Island","Brisbane","Hamilton Island","Qantas","Jan-22",31,27,4,26,26,1,1,2022,1
"Brisbane-Mackay","Brisbane","Mackay","Qantas","Jan-22",69,56,13,55,55,1,1,2022,1
"Brisbane-Melbourne","Brisbane","Melbourne","Qantas","Jan-22",310,277,33,253,258,24,19,2022,1
"Brisbane-Mount Isa","Brisbane","Mount Isa","Qantas","Jan-22",27,27,0,27,27,0,0,2022,1
"Brisbane-Perth","Brisbane","Perth","Qantas","Jan-22",11,11,0,11,11,0,0,2022,1
"Brisbane-Sydney","Brisbane","Sydney","Qantas","Jan-22",360,291,69,266,280,25,11,2022,1
"Brisbane-Townsville","Brisbane","Townsville","Qantas","Jan-22",95,90,5,85,87,5,3,2022,1
"Broome-Perth","Broome","Perth","Qantas","Jan-22",46,42,4,38,38,4,4,2022,1
"Cairns-Brisbane","Cairns","Brisbane","Qantas","Jan-22",125,106,19,98,100,8,6,2022,1
"Cairns-Melbourne","Cairns","Melbourne","Qantas","Jan-22",40,40,0,30,35,10,5,2022,1
"Cairns-Sydney","Cairns","Sydney","Qantas","Jan-22",42,41,1,37,36,4,5,2022,1
"Canberra-Adelaide","Canberra","Adelaide","Qantas","Jan-22",2,2,0,2,2,0,0,2022,1
"Canberra-Brisbane","Canberra","Brisbane","Qantas","Jan-22",40,33,7,32,32,1,1,2022,1
"Darwin-Brisbane","Darwin","Brisbane","Qantas","Jan-22",31,30,1,28,28,2,2,2022,1
"Darwin-Perth","Darwin","Perth","Qantas","Jan-22",10,10,0,8,8,2,2,2022,1
"Gold Coast-Melbourne","Gold Coast","Melbourne","Qantas","Jan-22",100,89,11,69,67,20,22,2022,1
"Gold Coast-Sydney","Gold Coast","Sydney","Qantas","Jan-22",90,86,4,70,70,16,16,2022,1
"Hamilton Island-Brisbane","Hamilton Island","Brisbane","Qantas","Jan-22",31,27,4,25,25,2,2,2022,1
"Hamilton Island-Sydney","Hamilton Island","Sydney","Qantas","Jan-22",31,28,3,28,28,0,0,2022,1
"Hobart-Sydney","Hobart","Sydney","Qantas","Jan-22",57,52,5,47,46,5,6,2022,1
"Kalgoorlie-Perth","Kalgoorlie","Perth","Qantas","Jan-22",29,29,0,26,28,3,1,2022,1
"Karratha-Perth","Karratha","Perth","Qantas","Jan-22",54,52,2,51,51,1,1,2022,1
"Mackay-Brisbane","Mackay","Brisbane","Qantas","Jan-22",69,56,13,54,55,2,1,2022,1
"Melbourne-Adelaide","Melbourne","Adelaide","Qantas","Jan-22",157,126,31,113,114,13,12,2022,1
"Melbourne-Brisbane","Melbourne","Brisbane","Qantas","Jan-22",308,276,32,253,247,23,29,2022,1
"Melbourne-Cairns","Melbourne","Cairns","Qantas","Jan-22",40,40,0,34,36,6,4,2022,1
"Melbourne-Gold Coast","Melbourne","Gold Coast","Qantas","Jan-22",100,90,10,85,86,5,4,2022,1
"Melbourne-Perth","Melbourne","Perth","Qantas","Jan-22",10,10,0,8,9,2,1,2022,1
"Melbourne-Sunshine Coast","Melbourne","Sunshine Coast","Qantas","Jan-22",60,60,0,57,57,3,3,2022,1
"Melbourne-Sydney","Melbourne","Sydney","Qantas","Jan-22",630,500,130,457,467,43,33,2022,1
"Mount Isa-Brisbane","Mount Isa","Brisbane","Qantas","Jan-22",27,27,0,26,27,1,0,2022,1
"Newman-Perth","Newman","Perth","Qantas","Jan-22",15,13,2,10,11,3,2,2022,1
"Perth-Brisbane","Perth","Brisbane","Qantas","Jan-22",11,11,0,10,11,1,0,2022,1
"Perth-Broome","Perth","Broome","Qantas","Jan-22",43,41,2,41,40,0,1,2022,1
"Perth-Darwin","Perth","Darwin","Qantas","Jan-22",10,10,0,9,8,1,2,2022,1
"Perth-Kalgoorlie","Perth","Kalgoorlie","Qantas","Jan-22",29,29,0,28,28,1,1,2022,1
"Perth-Karratha","Perth","Karratha","Qantas","Jan-22",57,55,2,53,52,2,3,2022,1
"Perth-Melbourne","Perth","Melbourne","Qantas","Jan-22",11,10,1,4,4,6,6,2022,1
"Perth-Newman","Perth","Newman","Qantas","Jan-22",15,13,2,12,12,1,1,2022,1
"Perth-Port Hedland","Perth","Port Hedland","Qantas","Jan-22",50,50,0,47,48,3,2,2022,1
"Port Hedland-Perth","Port Hedland","Perth","Qantas","Jan-22",50,47,3,43,44,4,3,2022,1
"Sunshine Coast-Melbourne","Sunshine Coast","Melbourne","Qantas","Jan-22",60,60,0,54,56,6,4,2022,1
"Sunshine Coast-Sydney","Sunshine Coast","Sydney","Qantas","Jan-22",55,51,4,48,49,3,2,2022,1
"Sydney-Adelaide","Sydney","Adelaide","Qantas","Jan-22",132,120,12,114,114,6,6,2022,1
"Sydney-Ballina","Sydney","Ballina","Qantas","Jan-22",32,32,0,29,29,3,3,2022,1
"Sydney-Brisbane","Sydney","Brisbane","Qantas","Jan-22",361,290,71,270,275,20,15,2022,1
"Sydney-Cairns","Sydney","Cairns","Qantas","Jan-22",42,41,1,38,38,3,3,2022,1
"Sydney-Gold Coast","Sydney","Gold Coast","Qantas","Jan-22",91,86,5,81,79,5,7,2022,1
"Sydney-Hamilton Island","Sydney","Hamilton Island","Qantas","Jan-22",30,28,2,28,28,0,0,2022,1
"Sydney-Hobart","Sydney","Hobart","Qantas","Jan-22",62,50,12,47,47,3,3,2022,1
"Sydney-Melbourne","Sydney","Melbourne","Qantas","Jan-22",616,488,128,455,467,33,21,2022,1
"Sydney-Sunshine Coast","Sydney","Sunshine Coast","Qantas","Jan-22",55,51,4,49,48,2,3,2022,1
"Townsville-Brisbane","Townsville","Brisbane","Qantas","Jan-22",93,89,4,84,84,5,5,2022,1
"Adelaide-Alice Springs","Adelaide","Alice Springs","QantasLink","Jan-22",26,24,2,19,15,5,9,2022,1
"Adelaide-Canberra","Adelaide","Canberra","QantasLink","Jan-22",35,34,1,29,28,5,6,2022,1
"Adelaide-Gold Coast","Adelaide","Gold Coast","QantasLink","Jan-22",15,12,3,11,10,1,2,2022,1
"Adelaide-Port Lincoln","Adelaide","Port Lincoln","QantasLink","Jan-22",98,82,16,71,71,11,11,2022,1
"Albury-Sydney","Albury","Sydney","QantasLink","Jan-22",75,68,7,61,65,7,3,2022,1
"Alice Springs-Adelaide","Alice Springs","Adelaide","QantasLink","Jan-22",26,23,3,14,16,9,7,2022,1
"Armidale-Sydney","Armidale","Sydney","QantasLink","Jan-22",80,66,14,55,57,11,9,2022,1
"Ballina-Sydney","Ballina","Sydney","QantasLink","Jan-22",38,33,5,32,32,1,1,2022,1
"Brisbane-Canberra","Brisbane","Canberra","QantasLink","Jan-22",70,62,8,52,52,10,10,2022,1
"Brisbane-Emerald","Brisbane","Emerald","QantasLink","Jan-22",83,73,10,69,68,4,5,2022,1
"Brisbane-Gladstone","Brisbane","Gladstone","QantasLink","Jan-22",102,81,21,72,73,9,8,2022,1
"Brisbane-Hobart","Brisbane","Hobart","QantasLink","Jan-22",41,37,4,34,33,3,4,2022,1
"Brisbane-Mackay","Brisbane","Mackay","QantasLink","Jan-22",23,22,1,21,21,1,1,2022,1
"Brisbane-Mount Isa","Brisbane","Mount Isa","QantasLink","Jan-22",22,21,1,15,17,6,4,2022,1
"Brisbane-Newcastle","Brisbane","Newcastle","QantasLink","Jan-22",47,39,8,36,37,3,2,2022,1
"Brisbane-Proserpine","Brisbane","Proserpine","QantasLink","Jan-22",36,31,5,29,28,2,3,2022,1
"Brisbane-Rockhampton","Brisbane","Rockhampton","QantasLink","Jan-22",127,110,17,103,104,7,6,2022,1
"Brisbane-Townsville","Brisbane","Townsville","QantasLink","Jan-22",12,11,1,9,9,2,2,2022,1
"Broome-Perth","Broome","Perth","QantasLink","Jan-22",38,32,6,29,29,3,3,2022,1
"Cairns-Townsville","Cairns","Townsville","QantasLink","Jan-22",122,111,11,104,105,7,6,2022,1
"Canberra-Adelaide","Canberra","Adelaide","QantasLink","Jan-22",35,34,1,29,28,5,6,2022,1
"Canberra-Brisbane","Canberra","Brisbane","QantasLink","Jan-22",70,64,6,55,56,9,8,2022,1
"Canberra-Melbourne","Canberra","Melbourne","QantasLink","Jan-22",145,121,24,105,103,16,18,2022,1
"Canberra-Sydney","Canberra","Sydney","QantasLink","Jan-22",207,160,47,138,135,22,25,2022,1
"Coffs Harbour-Sydney","Coffs Harbour","Sydney","QantasLink","Jan-22",96,89,7,80,80,9,9,2022,1
"Dubbo-Sydney","Dubbo","Sydney","QantasLink","Jan-22",64,61,3,58,59,3,2,2022,1
"Emerald-Brisbane","Emerald","Brisbane","QantasLink","Jan-22",82,72,10,69,69,3,3,2022,1
"Gladstone-Brisbane","Gladstone","Brisbane","QantasLink","Jan-22",101,80,21,76,77,4,3,2022,1
"Gold Coast-Adelaide","Gold Coast","Adelaide","QantasLink","Jan-22",15,12,3,9,9,3,3,2022,1
"Hobart-Brisbane","Hobart","Brisbane","QantasLink","Jan-22",41,38,3,30,32,8,6,2022,1
"Hobart-Melbourne","Hobart","Melbourne","QantasLink","Jan-22",90,86,4,76,75,10,11,2022,1
"Hobart-Sydney","Hobart","Sydney","QantasLink","Jan-22",21,21,0,17,16,4,5,2022,1
"Kalgoorlie-Perth","Kalgoorlie","Perth","QantasLink","Jan-22",44,42,2,38,38,4,4,2022,1
"Karratha-Perth","Karratha","Perth","QantasLink","Jan-22",92,87,5,80,80,7,7,2022,1
"Launceston-Melbourne","Launceston","Melbourne","QantasLink","Jan-22",83,71,12,49,50,22,21,2022,1
"Launceston-Sydney","Launceston","Sydney","QantasLink","Jan-22",27,27,0,21,22,6,5,2022,1
"Mackay-Brisbane","Mackay","Brisbane","QantasLink","Jan-22",25,24,1,20,21,4,3,2022,1
"Melbourne-Canberra","Melbourne","Canberra","QantasLink","Jan-22",145,120,25,98,96,22,24,2022,1
"Melbourne-Hobart","Melbourne","Hobart","QantasLink","Jan-22",94,89,5,79,82,10,7,2022,1
"Melbourne-Launceston","Melbourne","Launceston","QantasLink","Jan-22",85,72,13,60,56,12,16,2022,1
"Melbourne-Mildura","Melbourne","Mildura","QantasLink","Jan-22",115,109,6,84,87,25,22,2022,1
"Melbourne-Newcastle","Melbourne","Newcastle","QantasLink","Jan-22",31,25,6,21,21,4,4,2022,1
"Melbourne-Sunshine Coast","Melbourne","Sunshine Coast","QantasLink","Jan-22",23,23,0,22,23,1,0,2022,1
"Mildura-Melbourne","Mildura","Melbourne","QantasLink","Jan-22",114,107,7,81,82,26,25,2022,1
"Mount Isa-Brisbane","Mount Isa","Brisbane","QantasLink","Jan-22",22,21,1,17,16,4,5,2022,1
"Newcastle-Brisbane","Newcastle","Brisbane","QantasLink","Jan-22",46,39,7,37,37,2,2,2022,1
"Newcastle-Melbourne","Newcastle","Melbourne","QantasLink","Jan-22",30,25,5,21,21,4,4,2022,1
"Newman-Perth","Newman","Perth","QantasLink","Jan-22",98,94,4,75,75,19,19,2022,1
"Perth-Broome","Perth","Broome","QantasLink","Jan-22",37,32,5,29,30,3,2,2022,1
"Perth-Kalgoorlie","Perth","Kalgoorlie","QantasLink","Jan-22",44,42,2,38,38,4,4,2022,1
"Perth-Karratha","Perth","Karratha","QantasLink","Jan-22",97,94,3,87,83,7,11,2022,1
"Perth-Newman","Perth","Newman","QantasLink","Jan-22",96,92,4,81,83,11,9,2022,1
"Perth-Port Hedland","Perth","Port Hedland","QantasLink","Jan-22",77,71,6,62,62,9,9,2022,1
"Port Hedland-Perth","Port Hedland","Perth","QantasLink","Jan-22",77,71,6,63,64,8,7,2022,1
"Port Lincoln-Adelaide","Port Lincoln","Adelaide","QantasLink","Jan-22",96,82,14,69,69,13,13,2022,1
"Port Macquarie-Sydney","Port Macquarie","Sydney","QantasLink","Jan-22",85,77,8,68,66,9,11,2022,1
"Proserpine-Brisbane","Proserpine","Brisbane","QantasLink","Jan-22",36,31,5,27,28,4,3,2022,1
"Rockhampton-Brisbane","Rockhampton","Brisbane","QantasLink","Jan-22",127,108,19,101,101,7,7,2022,1
"Sunshine Coast-Melbourne","Sunshine Coast","Melbourne","QantasLink","Jan-22",23,22,1,22,22,0,0,2022,1
"Sydney-Albury","Sydney","Albury","QantasLink","Jan-22",75,68,7,63,64,5,4,2022,1
"Sydney-Armidale","Sydney","Armidale","QantasLink","Jan-22",81,67,14,53,55,14,12,2022,1
"Sydney-Ballina","Sydney","Ballina","QantasLink","Jan-22",37,31,6,29,29,2,2,2022,1
"Sydney-Canberra","Sydney","Canberra","QantasLink","Jan-22",208,162,46,123,124,39,38,2022,1
"Sydney-Coffs Harbour","Sydney","Coffs Harbour","QantasLink","Jan-22",97,89,8,78,78,11,11,2022,1
"Sydney-Dubbo","Sydney","Dubbo","QantasLink","Jan-22",69,63,6,55,57,8,6,2022,1
"Sydney-Hobart","Sydney","Hobart","QantasLink","Jan-22",21,20,1,13,13,7,7,2022,1
"Sydney-Launceston","Sydney","Launceston","QantasLink","Jan-22",27,27,0,20,21,7,6,2022,1
"Sydney-Port Macquarie","Sydney","Port Macquarie","QantasLink","Jan-22",86,78,8,64,64,14,14,2022,1
"Sydney-Wagga Wagga","Sydney","Wagga Wagga","QantasLink","Jan-22",72,68,4,54,62,14,6,2022,1
"Townsville-Brisbane","Townsville","Brisbane","QantasLink","Jan-22",12,11,1,8,9,3,2,2022,1
"Townsville-Cairns","Townsville","Cairns","QantasLink","Jan-22",122,112,10,107,107,5,5,2022,1
"Wagga Wagga-Sydney","Wagga Wagga","Sydney","QantasLink","Jan-22",72,67,5,63,64,4,3,2022,1
"Adelaide-Melbourne","Adelaide","Melbourne","Rex Airlines","Jan-22",36,34,2,30,30,4,4,2022,1
"Adelaide-Port Lincoln","Adelaide","Port Lincoln","Rex Airlines","Jan-22",143,132,11,120,115,12,17,2022,1
"Albury-Sydney","Albury","Sydney","Rex Airlines","Jan-22",56,56,0,53,55,3,1,2022,1
"Armidale-Sydney","Armidale","Sydney","Rex Airlines","Jan-22",36,32,4,24,22,8,10,2022,1
"Ballina-Sydney","Ballina","Sydney","Rex Airlines","Jan-22",28,27,1,23,25,4,2,2022,1
"Cairns-Townsville","Cairns","Townsville","Rex Airlines","Jan-22",14,14,0,14,14,0,0,2022,1
"Canberra-Sydney","Canberra","Sydney","Rex Airlines","Jan-22",52,47,5,47,47,0,0,2022,1
"Coffs Harbour-Sydney","Coffs Harbour","Sydney","Rex Airlines","Jan-22",58,56,2,54,53,2,3,2022,1
"Dubbo-Sydney","Dubbo","Sydney","Rex Airlines","Jan-22",49,49,0,44,43,5,6,2022,1
"Gold Coast-Melbourne","Gold Coast","Melbourne","Rex Airlines","Jan-22",56,55,1,47,45,8,10,2022,1
"Gold Coast-Sydney","Gold Coast","Sydney","Rex Airlines","Jan-22",37,34,3,32,32,2,2,2022,1
"Melbourne-Adelaide","Melbourne","Adelaide","Rex Airlines","Jan-22",36,34,2,30,29,4,5,2022,1
"Melbourne-Gold Coast","Melbourne","Gold Coast","Rex Airlines","Jan-22",56,55,1,53,51,2,4,2022,1
"Melbourne-Mildura","Melbourne","Mildura","Rex Airlines","Jan-22",32,32,0,26,24,6,8,2022,1
"Melbourne-Sydney","Melbourne","Sydney","Rex Airlines","Jan-22",61,51,10,48,49,3,2,2022,1
"Mildura-Melbourne","Mildura","Melbourne","Rex Airlines","Jan-22",32,32,0,27,27,5,5,2022,1
"Port Lincoln-Adelaide","Port Lincoln","Adelaide","Rex Airlines","Jan-22",142,131,11,111,108,20,23,2022,1
"Port Macquarie-Sydney","Port Macquarie","Sydney","Rex Airlines","Jan-22",61,60,1,59,53,1,7,2022,1
"Sydney-Albury","Sydney","Albury","Rex Airlines","Jan-22",56,56,0,55,53,1,3,2022,1
"Sydney-Armidale","Sydney","Armidale","Rex Airlines","Jan-22",37,33,4,23,24,10,9,2022,1
"Sydney-Ballina","Sydney","Ballina","Rex Airlines","Jan-22",29,28,1,26,26,2,2,2022,1
"Sydney-Canberra","Sydney","Canberra","Rex Airlines","Jan-22",52,47,5,47,43,0,4,2022,1
"Sydney-Coffs Harbour","Sydney","Coffs Harbour","Rex Airlines","Jan-22",59,57,2,55,56,2,1,2022,1
"Sydney-Dubbo","Sydney","Dubbo","Rex Airlines","Jan-22",50,50,0,47,47,3,3,2022,1
"Sydney-Gold Coast","Sydney","Gold Coast","Rex Airlines","Jan-22",37,33,4,32,31,1,2,2022,1
"Sydney-Melbourne","Sydney","Melbourne","Rex Airlines","Jan-22",61,50,11,45,46,5,4,2022,1
"Sydney-Port Macquarie","Sydney","Port Macquarie","Rex Airlines","Jan-22",62,61,1,60,59,1,2,2022,1
"Sydney-Wagga Wagga","Sydney","Wagga Wagga","Rex Airlines","Jan-22",49,49,0,45,45,4,4,2022,1
"Townsville-Cairns","Townsville","Cairns","Rex Airlines","Jan-22",14,14,0,14,14,0,0,2022,1
"Wagga Wagga-Sydney","Wagga Wagga","Sydney","Rex Airlines","Jan-22",49,49,0,46,45,3,4,2022,1
"Adelaide-Alice Springs","Adelaide","Alice Springs","Virgin Australia","Jan-22",11,10,1,9,9,1,1,2022,1
"Adelaide-Brisbane","Adelaide","Brisbane","Virgin Australia","Jan-22",66,64,2,59,63,5,1,2022,1
"Adelaide-Canberra","Adelaide","Canberra","Virgin Australia","Jan-22",17,17,0,17,16,0,1,2022,1
"Adelaide-Gold Coast","Adelaide","Gold Coast","Virgin Australia","Jan-22",40,33,7,32,32,1,1,2022,1
"Adelaide-Melbourne","Adelaide","Melbourne","Virgin Australia","Jan-22",195,156,39,120,131,36,25,2022,1
"Adelaide-Sydney","Adelaide","Sydney","Virgin Australia","Jan-22",94,80,14,77,77,3,3,2022,1
"Alice Springs-Adelaide","Alice Springs","Adelaide","Virgin Australia","Jan-22",11,10,1,9,9,1,1,2022,1
"Ballina-Sydney","Ballina","Sydney","Virgin Australia","Jan-22",85,79,6,73,75,6,4,2022,1
"Brisbane-Adelaide","Brisbane","Adelaide","Virgin Australia","Jan-22",66,63,3,54,55,9,8,2022,1
"Brisbane-Cairns","Brisbane","Cairns","Virgin Australia","Jan-22",143,122,21,106,110,16,12,2022,1
"Brisbane-Canberra","Brisbane","Canberra","Virgin Australia","Jan-22",63,59,4,52,55,7,4,2022,1
"Brisbane-Darwin","Brisbane","Darwin","Virgin Australia","Jan-22",35,34,1,32,34,2,0,2022,1
"Brisbane-Emerald","Brisbane","Emerald","Virgin Australia","Jan-22",26,26,0,19,22,7,4,2022,1
"Brisbane-Gladstone","Brisbane","Gladstone","Virgin Australia","Jan-22",39,38,1,36,35,2,3,2022,1
"Brisbane-Hamilton Island","Brisbane","Hamilton Island","Virgin Australia","Jan-22",60,50,10,50,50,0,0,2022,1
"Brisbane-Hobart","Brisbane","Hobart","Virgin Australia","Jan-22",54,52,2,48,48,4,4,2022,1
"Brisbane-Mackay","Brisbane","Mackay","Virgin Australia","Jan-22",87,83,4,66,68,17,15,2022,1
"Brisbane-Melbourne","Brisbane","Melbourne","Virgin Australia","Jan-22",322,261,61,169,182,92,79,2022,1
"Brisbane-Mount Isa","Brisbane","Mount Isa","Virgin Australia","Jan-22",15,13,2,12,12,1,1,2022,1
"Brisbane-Newcastle","Brisbane","Newcastle","Virgin Australia","Jan-22",71,62,9,57,56,5,6,2022,1
"Brisbane-Perth","Brisbane","Perth","Virgin Australia","Jan-22",4,4,0,4,4,0,0,2022,1
"Brisbane-Proserpine","Brisbane","Proserpine","Virgin Australia","Jan-22",50,46,4,45,45,1,1,2022,1
"Brisbane-Rockhampton","Brisbane","Rockhampton","Virgin Australia","Jan-22",100,94,6,80,77,14,17,2022,1
"Brisbane-Sydney","Brisbane","Sydney","Virgin Australia","Jan-22",318,237,81,183,195,54,42,2022,1
"Brisbane-Townsville","Brisbane","Townsville","Virgin Australia","Jan-22",88,85,3,69,70,16,15,2022,1
"Broome-Perth","Broome","Perth","Virgin Australia","Jan-22",15,14,1,12,12,2,2,2022,1
"Cairns-Brisbane","Cairns","Brisbane","Virgin Australia","Jan-22",141,122,19,106,112,16,10,2022,1
"Cairns-Melbourne","Cairns","Melbourne","Virgin Australia","Jan-22",73,66,7,45,50,21,16,2022,1
"Cairns-Sydney","Cairns","Sydney","Virgin Australia","Jan-22",80,68,12,61,61,7,7,2022,1
"Canberra-Adelaide","Canberra","Adelaide","Virgin Australia","Jan-22",17,17,0,16,16,1,1,2022,1
"Canberra-Brisbane","Canberra","Brisbane","Virgin Australia","Jan-22",61,58,3,53,52,5,6,2022,1
"Canberra-Melbourne","Canberra","Melbourne","Virgin Australia","Jan-22",106,94,12,75,77,19,17,2022,1
"Coffs Harbour-Sydney","Coffs Harbour","Sydney","Virgin Australia","Jan-22",31,31,0,29,29,2,2,2022,1
"Darwin-Brisbane","Darwin","Brisbane","Virgin Australia","Jan-22",35,34,1,30,31,4,3,2022,1
"Emerald-Brisbane","Emerald","Brisbane","Virgin Australia","Jan-22",26,26,0,23,23,3,3,2022,1
"Gladstone-Brisbane","Gladstone","Brisbane","Virgin Australia","Jan-22",39,37,2,35,34,2,3,2022,1
"Gold Coast-Adelaide","Gold Coast","Adelaide","Virgin Australia","Jan-22",40,34,6,30,31,4,3,2022,1
"Gold Coast-Melbourne","Gold Coast","Melbourne","Virgin Australia","Jan-22",300,265,35,180,211,85,54,2022,1
"Gold Coast-Sydney","Gold Coast","Sydney","Virgin Australia","Jan-22",272,214,58,185,196,29,18,2022,1
"Hamilton Island-Brisbane","Hamilton Island","Brisbane","Virgin Australia","Jan-22",60,50,10,48,47,2,3,2022,1
"Hamilton Island-Sydney","Hamilton Island","Sydney","Virgin Australia","Jan-22",18,17,1,14,14,3,3,2022,1
"Hobart-Brisbane","Hobart","Brisbane","Virgin Australia","Jan-22",54,52,2,45,44,7,8,2022,1
"Hobart-Melbourne","Hobart","Melbourne","Virgin Australia","Jan-22",93,78,15,59,58,19,20,2022,1
"Hobart-Sydney","Hobart","Sydney","Virgin Australia","Jan-22",59,52,7,48,49,4,3,2022,1
"Kalgoorlie-Perth","Kalgoorlie","Perth","Virgin Australia","Jan-22",28,28,0,24,25,4,3,2022,1
"Karratha-Perth","Karratha","Perth","Virgin Australia","Jan-22",25,25,0,24,24,1,1,2022,1
"Launceston-Melbourne","Launceston","Melbourne","Virgin Australia","Jan-22",76,64,12,54,57,10,7,2022,1
"Launceston-Sydney","Launceston","Sydney","Virgin Australia","Jan-22",31,30,1,29,29,1,1,2022,1
"Mackay-Brisbane","Mackay","Brisbane","Virgin Australia","Jan-22",87,83,4,71,74,12,9,2022,1
"Melbourne-Adelaide","Melbourne","Adelaide","Virgin Australia","Jan-22",195,157,38,117,110,40,47,2022,1
"Melbourne-Brisbane","Melbourne","Brisbane","Virgin Australia","Jan-22",320,260,60,196,196,64,64,2022,1
"Melbourne-Cairns","Melbourne","Cairns","Virgin Australia","Jan-22",73,66,7,55,58,11,8,2022,1
"Melbourne-Canberra","Melbourne","Canberra","Virgin Australia","Jan-22",106,94,12,74,73,20,21,2022,1
"Melbourne-Gold Coast","Melbourne","Gold Coast","Virgin Australia","Jan-22",301,265,36,205,209,60,56,2022,1
"Melbourne-Hobart","Melbourne","Hobart","Virgin Australia","Jan-22",93,79,14,70,72,9,7,2022,1
"Melbourne-Launceston","Melbourne","Launceston","Virgin Australia","Jan-22",76,64,12,52,54,12,10,2022,1
"Melbourne-Newcastle","Melbourne","Newcastle","Virgin Australia","Jan-22",33,30,3,25,26,5,4,2022,1
"Melbourne-Perth","Melbourne","Perth","Virgin Australia","Jan-22",12,11,1,6,6,5,5,2022,1
"Melbourne-Sunshine Coast","Melbourne","Sunshine Coast","Virgin Australia","Jan-22",123,103,20,91,90,12,13,2022,1
"Melbourne-Sydney","Melbourne","Sydney","Virgin Australia","Jan-22",577,441,136,343,356,98,85,2022,1
"Mount Isa-Brisbane","Mount Isa","Brisbane","Virgin Australia","Jan-22",15,13,2,11,9,2,4,2022,1
"Newcastle-Brisbane","Newcastle","Brisbane","Virgin Australia","Jan-22",69,61,8,59,58,2,3,2022,1
"Newcastle-Melbourne","Newcastle","Melbourne","Virgin Australia","Jan-22",33,30,3,26,23,4,7,2022,1
"Newman-Perth","Newman","Perth","Virgin Australia","Jan-22",23,23,0,21,21,2,2,2022,1
"Perth-Brisbane","Perth","Brisbane","Virgin Australia","Jan-22",5,5,0,0,5,5,0,2022,1
"Perth-Broome","Perth","Broome","Virgin Australia","Jan-22",16,14,2,13,12,1,2,2022,1
"Perth-Kalgoorlie","Perth","Kalgoorlie","Virgin Australia","Jan-22",28,28,0,27,27,1,1,2022,1
"Perth-Karratha","Perth","Karratha","Virgin Australia","Jan-22",25,25,0,24,24,1,1,2022,1
"Perth-Melbourne","Perth","Melbourne","Virgin Australia","Jan-22",12,12,0,2,3,10,9,2022,1
"Perth-Newman","Perth","Newman","Virgin Australia","Jan-22",23,23,0,23,22,0,1,2022,1
"Perth-Port Hedland","Perth","Port Hedland","Virgin Australia","Jan-22",15,15,0,13,13,2,2,2022,1
"Port Hedland-Perth","Port Hedland","Perth","Virgin Australia","Jan-22",15,15,0,13,13,2,2,2022,1
"Proserpine-Brisbane","Proserpine","Brisbane","Virgin Australia","Jan-22",50,46,4,40,39,6,7,2022,1
"Rockhampton-Brisbane","Rockhampton","Brisbane","Virgin Australia","Jan-22",100,95,5,83,83,12,12,2022,1
"Sunshine Coast-Melbourne","Sunshine Coast","Melbourne","Virgin Australia","Jan-22",122,103,19,68,62,35,41,2022,1
"Sunshine Coast-Sydney","Sunshine Coast","Sydney","Virgin Australia","Jan-22",92,73,19,57,51,16,22,2022,1
"Sydney-Adelaide","Sydney","Adelaide","Virgin Australia","Jan-22",94,81,13,75,76,6,5,2022,1
"Sydney-Ballina","Sydney","Ballina","Virgin Australia","Jan-22",85,79,6,73,69,6,10,2022,1
"Sydney-Brisbane","Sydney","Brisbane","Virgin Australia","Jan-22",317,237,80,198,207,39,30,2022,1
"Sydney-Cairns","Sydney","Cairns","Virgin Australia","Jan-22",80,68,12,63,64,5,4,2022,1
"Sydney-Coffs Harbour","Sydney","Coffs Harbour","Virgin Australia","Jan-22",31,31,0,30,30,1,1,2022,1
"Sydney-Gold Coast","Sydney","Gold Coast","Virgin Australia","Jan-22",274,213,61,186,185,27,28,2022,1
"Sydney-Hamilton Island","Sydney","Hamilton Island","Virgin Australia","Jan-22",18,17,1,17,16,0,1,2022,1
"Sydney-Hobart","Sydney","Hobart","Virgin Australia","Jan-22",59,52,7,47,48,5,4,2022,1
"Sydney-Launceston","Sydney","Launceston","Virgin Australia","Jan-22",31,30,1,29,30,1,0,2022,1
"Sydney-Melbourne","Sydney","Melbourne","Virgin Australia","Jan-22",576,440,136,346,374,94,66,2022,1
"Sydney-Sunshine Coast","Sydney","Sunshine Coast","Virgin Australia","Jan-22",92,73,19,67,66,6,7,2022,1
"Townsville-Brisbane","Townsville","Brisbane","Virgin Australia","Jan-22",88,85,3,60,71,25,14,2022,1
"Broome-Perth","Broome","Perth","Virgin Australia Regional Airlines","Jan-22",39,39,0,24,27,15,12,2022,1
"Darwin-Perth","Darwin","Perth","Virgin Australia Regional Airlines","Jan-22",2,2,0,1,1,1,1,2022,1
"Kalgoorlie-Perth","Kalgoorlie","Perth","Virgin Australia Regional Airlines","Jan-22",32,32,0,25,24,7,8,2022,1
"Karratha-Perth","Karratha","Perth","Virgin Australia Regional Airlines","Jan-22",27,27,0,25,25,2,2,2022,1
"Newman-Perth","Newman","Perth","Virgin Australia Regional Airlines","Jan-22",30,30,0,24,24,6,6,2022,1
"Perth-Broome","Perth","Broome","Virgin Australia Regional Airlines","Jan-22",39,39,0,33,33,6,6,2022,1
"Perth-Darwin","Perth","Darwin","Virgin Australia Regional Airlines","Jan-22",2,2,0,2,1,0,1,2022,1
"Perth-Kalgoorlie","Perth","Kalgoorlie","Virgin Australia Regional Airlines","Jan-22",32,32,0,26,26,6,6,2022,1
"Perth-Karratha","Perth","Karratha","Virgin Australia Regional Airlines","Jan-22",27,27,0,25,26,2,1,2022,1
"Perth-Newman","Perth","Newman","Virgin Australia Regional Airlines","Jan-22",30,30,0,28,27,2,3,2022,1
"Perth-Port Hedland","Perth","Port Hedland","Virgin Australia Regional Airlines","Jan-22",37,37,0,32,35,5,2,2022,1
"Port Hedland-Perth","Port Hedland","Perth","Virgin Australia Regional Airlines","Jan-22",37,37,0,30,29,7,8,2022,1
"Adelaide-Alice Springs","Adelaide","Alice Springs","All Airlines","Jan-22",38,35,3,28,24,7,11,2022,1
"Adelaide-Brisbane","Adelaide","Brisbane","All Airlines","Jan-22",189,174,15,154,163,20,11,2022,1
"Adelaide-Canberra","Adelaide","Canberra","All Airlines","Jan-22",53,52,1,46,44,6,8,2022,1
"Adelaide-Gold Coast","Adelaide","Gold Coast","All Airlines","Jan-22",96,83,13,81,80,2,3,2022,1
"Adelaide-Melbourne","Adelaide","Melbourne","All Airlines","Jan-22",468,382,86,314,328,68,54,2022,1
"Adelaide-Port Lincoln","Adelaide","Port Lincoln","All Airlines","Jan-22",241,214,27,191,186,23,28,2022,1
"Adelaide-Sydney","Adelaide","Sydney","All Airlines","Jan-22",331,284,47,254,264,30,20,2022,1
"Albury-Sydney","Albury","Sydney","All Airlines","Jan-22",131,124,7,114,120,10,4,2022,1
"Alice Springs-Adelaide","Alice Springs","Adelaide","All Airlines","Jan-22",38,34,4,23,25,11,9,2022,1
"Armidale-Sydney","Armidale","Sydney","All Airlines","Jan-22",116,98,18,79,79,19,19,2022,1
"Ballina-Sydney","Ballina","Sydney","All Airlines","Jan-22",279,259,20,202,212,57,47,2022,1
"Brisbane-Adelaide","Brisbane","Adelaide","All Airlines","Jan-22",190,174,16,151,157,23,17,2022,1
"Brisbane-Cairns","Brisbane","Cairns","All Airlines","Jan-22",374,319,55,277,287,42,32,2022,1
"Brisbane-Canberra","Brisbane","Canberra","All Airlines","Jan-22",173,155,18,138,141,17,14,2022,1
"Brisbane-Darwin","Brisbane","Darwin","All Airlines","Jan-22",96,94,2,85,91,9,3,2022,1
"Brisbane-Emerald","Brisbane","Emerald","All Airlines","Jan-22",109,99,10,88,90,11,9,2022,1
"Brisbane-Gladstone","Brisbane","Gladstone","All Airlines","Jan-22",141,119,22,108,108,11,11,2022,1
"Brisbane-Hamilton Island","Brisbane","Hamilton Island","All Airlines","Jan-22",91,77,14,76,76,1,1,2022,1
"Brisbane-Hobart","Brisbane","Hobart","All Airlines","Jan-22",137,127,10,112,116,15,11,2022,1
"Brisbane-Mackay","Brisbane","Mackay","All Airlines","Jan-22",221,202,19,170,178,32,24,2022,1
"Brisbane-Melbourne","Brisbane","Melbourne","All Airlines","Jan-22",810,668,142,518,544,150,124,2022,1
"Brisbane-Mount Isa","Brisbane","Mount Isa","All Airlines","Jan-22",64,61,3,54,56,7,5,2022,1
"Brisbane-Newcastle","Brisbane","Newcastle","All Airlines","Jan-22",174,153,21,129,134,24,19,2022,1
"Brisbane-Perth","Brisbane","Perth","All Airlines","Jan-22",15,15,0,15,15,0,0,2022,1
"Brisbane-Proserpine","Brisbane","Proserpine","All Airlines","Jan-22",132,123,9,112,111,11,12,2022,1
"Brisbane-Rockhampton","Brisbane","Rockhampton","All Airlines","Jan-22",227,204,23,183,181,21,23,2022,1
"Brisbane-Sydney","Brisbane","Sydney","All Airlines","Jan-22",806,615,191,517,549,98,66,2022,1
"Brisbane-Townsville","Brisbane","Townsville","All Airlines","Jan-22",253,242,11,206,211,36,31,2022,1
"Broome-Perth","Broome","Perth","All Airlines","Jan-22",138,127,11,103,106,24,21,2022,1
"Cairns-Brisbane","Cairns","Brisbane","All Airlines","Jan-22",371,316,55,272,275,44,41,2022,1
"Cairns-Melbourne","Cairns","Melbourne","All Airlines","Jan-22",206,197,9,133,147,64,50,2022,1
"Cairns-Sydney","Cairns","Sydney","All Airlines","Jan-22",213,181,32,156,155,25,26,2022,1
"Cairns-Townsville","Cairns","Townsville","All Airlines","Jan-22",136,125,11,118,119,7,6,2022,1
"Canberra-Adelaide","Canberra","Adelaide","All Airlines","Jan-22",54,53,1,47,46,6,7,2022,1
"Canberra-Brisbane","Canberra","Brisbane","All Airlines","Jan-22",171,155,16,140,140,15,15,2022,1
"Canberra-Melbourne","Canberra","Melbourne","All Airlines","Jan-22",251,215,36,180,180,35,35,2022,1
"Canberra-Sydney","Canberra","Sydney","All Airlines","Jan-22",259,207,52,185,182,22,25,2022,1
"Coffs Harbour-Sydney","Coffs Harbour","Sydney","All Airlines","Jan-22",185,176,9,163,162,13,14,2022,1
"Darwin-Brisbane","Darwin","Brisbane","All Airlines","Jan-22",97,94,3,78,75,16,19,2022,1
"Darwin-Perth","Darwin","Perth","All Airlines","Jan-22",12,12,0,9,9,3,3,2022,1
"Dubbo-Sydney","Dubbo","Sydney","All Airlines","Jan-22",113,110,3,102,102,8,8,2022,1
"Emerald-Brisbane","Emerald","Brisbane","All Airlines","Jan-22",108,98,10,92,92,6,6,2022,1
"Gladstone-Brisbane","Gladstone","Brisbane","All Airlines","Jan-22",140,117,23,111,111,6,6,2022,1
"Gold Coast-Adelaide","Gold Coast","Adelaide","All Airlines","Jan-22",96,84,12,74,76,10,8,2022,1
"Gold Coast-Melbourne","Gold Coast","Melbourne","All Airlines","Jan-22",727,644,83,462,506,182,138,2022,1
"Gold Coast-Sydney","Gold Coast","Sydney","All Airlines","Jan-22",677,552,125,461,481,91,71,2022,1
"Hamilton Island-Brisbane","Hamilton Island","Brisbane","All Airlines","Jan-22",91,77,14,73,72,4,5,2022,1
"Hamilton Island-Sydney","Hamilton Island","Sydney","All Airlines","Jan-22",79,73,6,60,61,13,12,2022,1
"Hobart-Brisbane","Hobart","Brisbane","All Airlines","Jan-22",137,128,9,108,108,20,20,2022,1
"Hobart-Melbourne","Hobart","Melbourne","All Airlines","Jan-22",371,315,56,251,254,64,61,2022,1
"Hobart-Sydney","Hobart","Sydney","All Airlines","Jan-22",248,217,31,183,181,34,36,2022,1
"Kalgoorlie-Perth","Kalgoorlie","Perth","All Airlines","Jan-22",133,131,2,113,115,18,16,2022,1
"Karratha-Perth","Karratha","Perth","All Airlines","Jan-22",198,191,7,180,180,11,11,2022,1
"Launceston-Melbourne","Launceston","Melbourne","All Airlines","Jan-22",278,244,34,186,194,58,50,2022,1
"Launceston-Sydney","Launceston","Sydney","All Airlines","Jan-22",126,117,9,90,97,27,20,2022,1
"Mackay-Brisbane","Mackay","Brisbane","All Airlines","Jan-22",223,203,20,172,180,31,23,2022,1
"Melbourne-Adelaide","Melbourne","Adelaide","All Airlines","Jan-22",469,383,86,303,301,80,82,2022,1
"Melbourne-Brisbane","Melbourne","Brisbane","All Airlines","Jan-22",806,665,141,540,538,125,127,2022,1
"Melbourne-Cairns","Melbourne","Cairns","All Airlines","Jan-22",207,198,9,140,161,58,37,2022,1
"Melbourne-Canberra","Melbourne","Canberra","All Airlines","Jan-22",251,214,37,172,169,42,45,2022,1
"Melbourne-Gold Coast","Melbourne","Gold Coast","All Airlines","Jan-22",728,645,83,495,512,150,133,2022,1
"Melbourne-Hobart","Melbourne","Hobart","All Airlines","Jan-22",375,319,56,266,280,53,39,2022,1
"Melbourne-Launceston","Melbourne","Launceston","All Airlines","Jan-22",280,245,35,197,198,48,47,2022,1
"Melbourne-Mildura","Melbourne","Mildura","All Airlines","Jan-22",147,141,6,110,111,31,30,2022,1
"Melbourne-Newcastle","Melbourne","Newcastle","All Airlines","Jan-22",127,115,12,88,86,27,29,2022,1
"Melbourne-Perth","Melbourne","Perth","All Airlines","Jan-22",22,21,1,14,15,7,6,2022,1
"Melbourne-Sunshine Coast","Melbourne","Sunshine Coast","All Airlines","Jan-22",292,266,26,233,235,33,31,2022,1
"Melbourne-Sydney","Melbourne","Sydney","All Airlines","Jan-22",1630,1232,398,1042,1071,190,161,2022,1
"Mildura-Melbourne","Mildura","Melbourne","All Airlines","Jan-22",146,139,7,108,109,31,30,2022,1
"Mount Isa-Brisbane","Mount Isa","Brisbane","All Airlines","Jan-22",64,61,3,54,52,7,9,2022,1
"Newcastle-Brisbane","Newcastle","Brisbane","All Airlines","Jan-22",171,152,19,139,138,13,14,2022,1
"Newcastle-Melbourne","Newcastle","Melbourne","All Airlines","Jan-22",126,115,11,90,91,25,24,2022,1
"Newman-Perth","Newman","Perth","All Airlines","Jan-22",166,160,6,130,131,30,29,2022,1
"Perth-Brisbane","Perth","Brisbane","All Airlines","Jan-22",16,16,0,10,16,6,0,2022,1
"Perth-Broome","Perth","Broome","All Airlines","Jan-22",135,126,9,116,115,10,11,2022,1
"Perth-Darwin","Perth","Darwin","All Airlines","Jan-22",12,12,0,11,9,1,3,2022,1
"Perth-Kalgoorlie","Perth","Kalgoorlie","All Airlines","Jan-22",133,131,2,119,119,12,12,2022,1
"Perth-Karratha","Perth","Karratha","All Airlines","Jan-22",206,201,5,189,185,12,16,2022,1
"Perth-Melbourne","Perth","Melbourne","All Airlines","Jan-22",23,22,1,6,7,16,15,2022,1
"Perth-Newman","Perth","Newman","All Airlines","Jan-22",164,158,6,144,144,14,14,2022,1
"Perth-Port Hedland","Perth","Port Hedland","All Airlines","Jan-22",179,173,6,154,158,19,15,2022,1
"Port Hedland-Perth","Port Hedland","Perth","All Airlines","Jan-22",179,170,9,149,150,21,20,2022,1
"Port Lincoln-Adelaide","Port Lincoln","Adelaide","All Airlines","Jan-22",238,213,25,180,177,33,36,2022,1
"Port Macquarie-Sydney","Port Macquarie","Sydney","All Airlines","Jan-22",146,137,9,127,119,10,18,2022,1
"Proserpine-Brisbane","Proserpine","Brisbane","All Airlines","Jan-22",133,123,10,99,100,24,23,2022,1
"Rockhampton-Brisbane","Rockhampton","Brisbane","All Airlines","Jan-22",227,203,24,184,184,19,19,2022,1
"Sunshine Coast-Melbourne","Sunshine Coast","Melbourne","All Airlines","Jan-22",291,265,26,206,206,59,59,2022,1
"Sunshine Coast-Sydney","Sunshine Coast","Sydney","All Airlines","Jan-22",232,196,36,164,158,32,38,2022,1
"Sydney-Adelaide","Sydney","Adelaide","All Airlines","Jan-22",331,284,47,254,265,30,19,2022,1
"Sydney-Albury","Sydney","Albury","All Airlines","Jan-22",131,124,7,118,117,6,7,2022,1
"Sydney-Armidale","Sydney","Armidale","All Airlines","Jan-22",118,100,18,76,79,24,21,2022,1
"Sydney-Ballina","Sydney","Ballina","All Airlines","Jan-22",279,258,21,225,219,33,39,2022,1
"Sydney-Brisbane","Sydney","Brisbane","All Airlines","Jan-22",806,617,189,535,553,82,64,2022,1
"Sydney-Cairns","Sydney","Cairns","All Airlines","Jan-22",213,178,35,153,156,25,22,2022,1
"Sydney-Canberra","Sydney","Canberra","All Airlines","Jan-22",260,209,51,170,167,39,42,2022,1
"Sydney-Coffs Harbour","Sydney","Coffs Harbour","All Airlines","Jan-22",187,177,10,163,164,14,13,2022,1
"Sydney-Dubbo","Sydney","Dubbo","All Airlines","Jan-22",119,113,6,102,104,11,9,2022,1
"Sydney-Gold Coast","Sydney","Gold Coast","All Airlines","Jan-22",680,550,130,490,490,60,60,2022,1
"Sydney-Hamilton Island","Sydney","Hamilton Island","All Airlines","Jan-22",78,73,5,69,69,4,4,2022,1
"Sydney-Hobart","Sydney","Hobart","All Airlines","Jan-22",253,214,39,177,183,37,31,2022,1
"Sydney-Launceston","Sydney","Launceston","All Airlines","Jan-22",126,117,9,95,95,22,22,2022,1
"Sydney-Melbourne","Sydney","Melbourne","All Airlines","Jan-22",1617,1221,396,1033,1095,188,126,2022,1
"Sydney-Port Macquarie","Sydney","Port Macquarie","All Airlines","Jan-22",148,139,9,124,123,15,16,2022,1
"Sydney-Sunshine Coast","Sydney","Sunshine Coast","All Airlines","Jan-22",232,196,36,176,173,20,23,2022,1
"Sydney-Wagga Wagga","Sydney","Wagga Wagga","All Airlines","Jan-22",121,117,4,99,107,18,10,2022,1
"Townsville-Brisbane","Townsville","Brisbane","All Airlines","Jan-22",251,240,11,195,205,45,35,2022,1
"Townsville-Cairns","Townsville","Cairns","All Airlines","Jan-22",136,126,10,121,121,5,5,2022,1
"Wagga Wagga-Sydney","Wagga Wagga","Sydney","All Airlines","Jan-22",121,116,5,109,109,7,7,2022,1
"Adelaide-Brisbane","Adelaide","Brisbane","Jetstar","Feb-22",17,17,0,13,11,4,6,2022,2
"Adelaide-Gold Coast","Adelaide","Gold Coast","Jetstar","Feb-22",20,19,1,18,17,1,2,2022,2
"Adelaide-Melbourne","Adelaide","Melbourne","Jetstar","Feb-22",46,46,0,27,33,19,13,2022,2
"Adelaide-Sydney","Adelaide","Sydney","Jetstar","Feb-22",51,51,0,41,37,10,14,2022,2
"Ballina-Sydney","Ballina","Sydney","Jetstar","Feb-22",50,44,6,20,21,24,23,2022,2
"Brisbane-Adelaide","Brisbane","Adelaide","Jetstar","Feb-22",16,16,0,9,11,7,5,2022,2
"Brisbane-Cairns","Brisbane","Cairns","Jetstar","Feb-22",44,43,1,26,24,17,19,2022,2
"Brisbane-Canberra","Brisbane","Canberra","Jetstar","Feb-22",15,15,0,13,15,2,0,2022,2
"Brisbane-Darwin","Brisbane","Darwin","Jetstar","Feb-22",12,11,1,9,10,2,1,2022,2
"Brisbane-Hobart","Brisbane","Hobart","Jetstar","Feb-22",24,24,0,18,23,6,1,2022,2
"Brisbane-Mackay","Brisbane","Mackay","Jetstar","Feb-22",16,16,0,6,7,10,9,2022,2
"Brisbane-Melbourne","Brisbane","Melbourne","Jetstar","Feb-22",81,80,1,50,62,30,18,2022,2
"Brisbane-Newcastle","Brisbane","Newcastle","Jetstar","Feb-22",28,27,1,14,16,13,11,2022,2
"Brisbane-Proserpine","Brisbane","Proserpine","Jetstar","Feb-22",26,24,2,18,12,6,12,2022,2
"Brisbane-Sydney","Brisbane","Sydney","Jetstar","Feb-22",66,64,2,42,49,22,15,2022,2
"Brisbane-Townsville","Brisbane","Townsville","Jetstar","Feb-22",24,24,0,23,21,1,3,2022,2
"Cairns-Brisbane","Cairns","Brisbane","Jetstar","Feb-22",42,42,0,35,35,7,7,2022,2
"Cairns-Melbourne","Cairns","Melbourne","Jetstar","Feb-22",36,36,0,24,29,12,7,2022,2
"Cairns-Sydney","Cairns","Sydney","Jetstar","Feb-22",36,35,1,28,29,7,6,2022,2
"Canberra-Brisbane","Canberra","Brisbane","Jetstar","Feb-22",16,16,0,13,12,3,4,2022,2
"Darwin-Brisbane","Darwin","Brisbane","Jetstar","Feb-22",12,11,1,5,8,6,3,2022,2
"Gold Coast-Adelaide","Gold Coast","Adelaide","Jetstar","Feb-22",20,19,1,16,17,3,2,2022,2
"Gold Coast-Melbourne","Gold Coast","Melbourne","Jetstar","Feb-22",133,127,6,96,107,31,20,2022,2
"Gold Coast-Sydney","Gold Coast","Sydney","Jetstar","Feb-22",151,143,8,114,114,29,29,2022,2
"Hamilton Island-Sydney","Hamilton Island","Sydney","Jetstar","Feb-22",20,20,0,11,13,9,7,2022,2
"Hobart-Brisbane","Hobart","Brisbane","Jetstar","Feb-22",23,23,0,18,18,5,5,2022,2
"Hobart-Melbourne","Hobart","Melbourne","Jetstar","Feb-22",82,81,1,62,69,19,12,2022,2
"Hobart-Sydney","Hobart","Sydney","Jetstar","Feb-22",52,52,0,38,39,14,13,2022,2
"Launceston-Melbourne","Launceston","Melbourne","Jetstar","Feb-22",53,53,0,37,38,16,15,2022,2
"Launceston-Sydney","Launceston","Sydney","Jetstar","Feb-22",35,35,0,27,25,8,10,2022,2
"Mackay-Brisbane","Mackay","Brisbane","Jetstar","Feb-22",16,16,0,6,6,10,10,2022,2
"Melbourne-Adelaide","Melbourne","Adelaide","Jetstar","Feb-22",46,46,0,37,37,9,9,2022,2
"Melbourne-Brisbane","Melbourne","Brisbane","Jetstar","Feb-22",81,80,1,62,58,18,22,2022,2
"Melbourne-Cairns","Melbourne","Cairns","Jetstar","Feb-22",36,36,0,21,24,15,12,2022,2
"Melbourne-Gold Coast","Melbourne","Gold Coast","Jetstar","Feb-22",132,126,6,87,89,39,37,2022,2
"Melbourne-Hobart","Melbourne","Hobart","Jetstar","Feb-22",82,81,1,60,68,21,13,2022,2
"Melbourne-Launceston","Melbourne","Launceston","Jetstar","Feb-22",53,53,0,41,43,12,10,2022,2
"Melbourne-Newcastle","Melbourne","Newcastle","Jetstar","Feb-22",40,40,0,30,25,10,15,2022,2
"Melbourne-Sunshine Coast","Melbourne","Sunshine Coast","Jetstar","Feb-22",54,54,0,45,43,9,11,2022,2
"Melbourne-Sydney","Melbourne","Sydney","Jetstar","Feb-22",185,180,5,138,144,42,36,2022,2
"Newcastle-Brisbane","Newcastle","Brisbane","Jetstar","Feb-22",28,28,0,14,13,14,15,2022,2
"Newcastle-Melbourne","Newcastle","Melbourne","Jetstar","Feb-22",40,40,0,25,33,15,7,2022,2
"Proserpine-Brisbane","Proserpine","Brisbane","Jetstar","Feb-22",27,24,3,12,14,12,10,2022,2
"Sunshine Coast-Melbourne","Sunshine Coast","Melbourne","Jetstar","Feb-22",54,54,0,41,44,13,10,2022,2
"Sunshine Coast-Sydney","Sunshine Coast","Sydney","Jetstar","Feb-22",51,47,4,32,31,15,16,2022,2
"Sydney-Adelaide","Sydney","Adelaide","Jetstar","Feb-22",51,51,0,29,34,22,17,2022,2
"Sydney-Ballina","Sydney","Ballina","Jetstar","Feb-22",50,44,6,34,35,10,9,2022,2
"Sydney-Brisbane","Sydney","Brisbane","Jetstar","Feb-22",66,64,2,49,48,15,16,2022,2
"Sydney-Cairns","Sydney","Cairns","Jetstar","Feb-22",35,35,0,25,24,10,11,2022,2
"Sydney-Gold Coast","Sydney","Gold Coast","Jetstar","Feb-22",151,145,6,111,108,34,37,2022,2
"Sydney-Hamilton Island","Sydney","Hamilton Island","Jetstar","Feb-22",20,20,0,16,13,4,7,2022,2
"Sydney-Hobart","Sydney","Hobart","Jetstar","Feb-22",52,52,0,41,46,11,6,2022,2
"Sydney-Launceston","Sydney","Launceston","Jetstar","Feb-22",36,36,0,32,29,4,7,2022,2
"Sydney-Melbourne","Sydney","Melbourne","Jetstar","Feb-22",185,180,5,124,151,56,29,2022,2
"Sydney-Sunshine Coast","Sydney","Sunshine Coast","Jetstar","Feb-22",49,49,0,41,38,8,11,2022,2
"Townsville-Brisbane","Townsville","Brisbane","Jetstar","Feb-22",24,24,0,12,9,12,15,2022,2
"Adelaide-Brisbane","Adelaide","Brisbane","Qantas","Feb-22",55,54,1,52,45,2,9,2022,2
"Adelaide-Melbourne","Adelaide","Melbourne","Qantas","Feb-22",146,141,5,136,136,5,5,2022,2
"Adelaide-Perth","Adelaide","Perth","Qantas","Feb-22",15,15,0,8,11,7,4,2022,2
"Adelaide-Sydney","Adelaide","Sydney","Qantas","Feb-22",150,139,11,136,137,3,2,2022,2
"Brisbane-Adelaide","Brisbane","Adelaide","Qantas","Feb-22",54,51,3,43,46,8,5,2022,2
"Brisbane-Cairns","Brisbane","Cairns","Qantas","Feb-22",79,76,3,62,60,14,16,2022,2
"Brisbane-Canberra","Brisbane","Canberra","Qantas","Feb-22",6,5,1,5,4,0,1,2022,2
"Brisbane-Darwin","Brisbane","Darwin","Qantas","Feb-22",28,28,0,25,26,3,2,2022,2
"Brisbane-Hamilton Island","Brisbane","Hamilton Island","Qantas","Feb-22",20,20,0,18,17,2,3,2022,2
"Brisbane-Mackay","Brisbane","Mackay","Qantas","Feb-22",77,69,8,65,62,4,7,2022,2
"Brisbane-Melbourne","Brisbane","Melbourne","Qantas","Feb-22",265,249,16,209,221,40,28,2022,2
"Brisbane-Mount Isa","Brisbane","Mount Isa","Qantas","Feb-22",33,33,0,30,30,3,3,2022,2
"Brisbane-Perth","Brisbane","Perth","Qantas","Feb-22",20,20,0,9,16,11,4,2022,2
"Brisbane-Sydney","Brisbane","Sydney","Qantas","Feb-22",392,356,36,311,315,45,41,2022,2
"Brisbane-Townsville","Brisbane","Townsville","Qantas","Feb-22",88,82,6,74,71,8,11,2022,2
"Broome-Perth","Broome","Perth","Qantas","Feb-22",74,72,2,65,67,7,5,2022,2
"Cairns-Brisbane","Cairns","Brisbane","Qantas","Feb-22",78,75,3,69,68,6,7,2022,2
"Cairns-Melbourne","Cairns","Melbourne","Qantas","Feb-22",24,24,0,22,23,2,1,2022,2
"Cairns-Sydney","Cairns","Sydney","Qantas","Feb-22",31,31,0,30,30,1,1,2022,2
"Canberra-Brisbane","Canberra","Brisbane","Qantas","Feb-22",6,5,1,5,3,0,2,2022,2
"Canberra-Melbourne","Canberra","Melbourne","Qantas","Feb-22",9,8,1,7,6,1,2,2022,2
"Darwin-Brisbane","Darwin","Brisbane","Qantas","Feb-22",28,28,0,21,20,7,8,2022,2
"Darwin-Perth","Darwin","Perth","Qantas","Feb-22",13,13,0,12,13,1,0,2022,2
"Gold Coast-Melbourne","Gold Coast","Melbourne","Qantas","Feb-22",40,38,2,26,29,12,9,2022,2
"Gold Coast-Sydney","Gold Coast","Sydney","Qantas","Feb-22",85,80,5,59,55,21,25,2022,2
"Hamilton Island-Brisbane","Hamilton Island","Brisbane","Qantas","Feb-22",20,20,0,17,16,3,4,2022,2
"Hamilton Island-Sydney","Hamilton Island","Sydney","Qantas","Feb-22",24,24,0,21,23,3,1,2022,2
"Hobart-Sydney","Hobart","Sydney","Qantas","Feb-22",43,38,5,33,31,5,7,2022,2
"Kalgoorlie-Perth","Kalgoorlie","Perth","Qantas","Feb-22",20,20,0,18,18,2,2,2022,2
"Karratha-Perth","Karratha","Perth","Qantas","Feb-22",60,59,1,57,55,2,4,2022,2
"Mackay-Brisbane","Mackay","Brisbane","Qantas","Feb-22",76,69,7,62,63,7,6,2022,2
"Melbourne-Adelaide","Melbourne","Adelaide","Qantas","Feb-22",146,140,6,132,134,8,6,2022,2
"Melbourne-Brisbane","Melbourne","Brisbane","Qantas","Feb-22",264,251,13,231,208,20,43,2022,2
"Melbourne-Cairns","Melbourne","Cairns","Qantas","Feb-22",24,24,0,23,22,1,2,2022,2
"Melbourne-Canberra","Melbourne","Canberra","Qantas","Feb-22",10,9,1,8,6,1,3,2022,2
"Melbourne-Gold Coast","Melbourne","Gold Coast","Qantas","Feb-22",40,38,2,36,34,2,4,2022,2
"Melbourne-Perth","Melbourne","Perth","Qantas","Feb-22",31,31,0,10,14,21,17,2022,2
"Melbourne-Sunshine Coast","Melbourne","Sunshine Coast","Qantas","Feb-22",35,35,0,32,33,3,2,2022,2
"Melbourne-Sydney","Melbourne","Sydney","Qantas","Feb-22",661,601,60,573,564,28,37,2022,2
"Mount Isa-Brisbane","Mount Isa","Brisbane","Qantas","Feb-22",33,32,1,28,28,4,4,2022,2
"Newman-Perth","Newman","Perth","Qantas","Feb-22",13,12,1,11,11,1,1,2022,2
"Perth-Adelaide","Perth","Adelaide","Qantas","Feb-22",15,15,0,11,12,4,3,2022,2
"Perth-Brisbane","Perth","Brisbane","Qantas","Feb-22",19,19,0,16,13,3,6,2022,2
"Perth-Broome","Perth","Broome","Qantas","Feb-22",73,72,1,68,67,4,5,2022,2
"Perth-Darwin","Perth","Darwin","Qantas","Feb-22",13,13,0,13,13,0,0,2022,2
"Perth-Kalgoorlie","Perth","Kalgoorlie","Qantas","Feb-22",20,20,0,19,19,1,1,2022,2
"Perth-Karratha","Perth","Karratha","Qantas","Feb-22",61,60,1,56,58,4,2,2022,2
"Perth-Melbourne","Perth","Melbourne","Qantas","Feb-22",26,25,1,15,14,10,11,2022,2
"Perth-Newman","Perth","Newman","Qantas","Feb-22",14,13,1,11,12,2,1,2022,2
"Perth-Port Hedland","Perth","Port Hedland","Qantas","Feb-22",48,48,0,48,44,0,4,2022,2
"Perth-Sydney","Perth","Sydney","Qantas","Feb-22",37,35,2,26,27,9,8,2022,2
"Port Hedland-Perth","Port Hedland","Perth","Qantas","Feb-22",49,49,0,36,38,13,11,2022,2
"Sunshine Coast-Melbourne","Sunshine Coast","Melbourne","Qantas","Feb-22",36,36,0,30,33,6,3,2022,2
"Sunshine Coast-Sydney","Sunshine Coast","Sydney","Qantas","Feb-22",33,32,1,26,27,6,5,2022,2
"Sydney-Adelaide","Sydney","Adelaide","Qantas","Feb-22",153,144,9,137,141,7,3,2022,2
"Sydney-Brisbane","Sydney","Brisbane","Qantas","Feb-22",387,350,37,310,300,40,50,2022,2
"Sydney-Cairns","Sydney","Cairns","Qantas","Feb-22",31,31,0,30,28,1,3,2022,2
"Sydney-Gold Coast","Sydney","Gold Coast","Qantas","Feb-22",86,82,4,72,66,10,16,2022,2
"Sydney-Hamilton Island","Sydney","Hamilton Island","Qantas","Feb-22",24,24,0,23,23,1,1,2022,2
"Sydney-Hobart","Sydney","Hobart","Qantas","Feb-22",45,39,6,38,35,1,4,2022,2
"Sydney-Melbourne","Sydney","Melbourne","Qantas","Feb-22",643,586,57,527,555,59,31,2022,2
"Sydney-Perth","Sydney","Perth","Qantas","Feb-22",33,32,1,11,19,21,13,2022,2
"Sydney-Sunshine Coast","Sydney","Sunshine Coast","Qantas","Feb-22",36,35,1,28,30,7,5,2022,2
"Townsville-Brisbane","Townsville","Brisbane","Qantas","Feb-22",89,82,7,70,74,12,8,2022,2
"Adelaide-Alice Springs","Adelaide","Alice Springs","QantasLink","Feb-22",23,23,0,19,20,4,3,2022,2
"Adelaide-Canberra","Adelaide","Canberra","QantasLink","Feb-22",49,46,3,41,40,5,6,2022,2
"Adelaide-Gold Coast","Adelaide","Gold Coast","QantasLink","Feb-22",7,6,1,6,6,0,0,2022,2
"Adelaide-Port Lincoln","Adelaide","Port Lincoln","QantasLink","Feb-22",90,87,3,77,76,10,11,2022,2
"Albury-Sydney","Albury","Sydney","QantasLink","Feb-22",64,63,1,53,57,10,6,2022,2
"Alice Springs-Adelaide","Alice Springs","Adelaide","QantasLink","Feb-22",23,23,0,17,16,6,7,2022,2
"Armidale-Sydney","Armidale","Sydney","QantasLink","Feb-22",60,58,2,43,46,15,12,2022,2
"Ballina-Sydney","Ballina","Sydney","QantasLink","Feb-22",64,60,4,48,49,12,11,2022,2
"Brisbane-Cairns","Brisbane","Cairns","QantasLink","Feb-22",28,26,2,22,22,4,4,2022,2
"Brisbane-Canberra","Brisbane","Canberra","QantasLink","Feb-22",110,100,10,77,80,23,20,2022,2
"Brisbane-Emerald","Brisbane","Emerald","QantasLink","Feb-22",83,78,5,70,70,8,8,2022,2
"Brisbane-Gladstone","Brisbane","Gladstone","QantasLink","Feb-22",94,88,6,73,72,15,16,2022,2
"Brisbane-Hobart","Brisbane","Hobart","QantasLink","Feb-22",20,20,0,14,17,6,3,2022,2
"Brisbane-Mackay","Brisbane","Mackay","QantasLink","Feb-22",7,3,4,2,2,1,1,2022,2
"Brisbane-Mount Isa","Brisbane","Mount Isa","QantasLink","Feb-22",15,12,3,11,12,1,0,2022,2
"Brisbane-Newcastle","Brisbane","Newcastle","QantasLink","Feb-22",55,50,5,45,43,5,7,2022,2
"Brisbane-Proserpine","Brisbane","Proserpine","QantasLink","Feb-22",20,20,0,18,17,2,3,2022,2
"Brisbane-Rockhampton","Brisbane","Rockhampton","QantasLink","Feb-22",108,102,6,81,77,21,25,2022,2
"Brisbane-Townsville","Brisbane","Townsville","QantasLink","Feb-22",13,13,0,10,8,3,5,2022,2
"Cairns-Brisbane","Cairns","Brisbane","QantasLink","Feb-22",28,26,2,24,24,2,2,2022,2
"Cairns-Townsville","Cairns","Townsville","QantasLink","Feb-22",93,93,0,83,86,10,7,2022,2
"Canberra-Adelaide","Canberra","Adelaide","QantasLink","Feb-22",49,46,3,42,43,4,3,2022,2
"Canberra-Brisbane","Canberra","Brisbane","QantasLink","Feb-22",110,101,9,81,77,20,24,2022,2
"Canberra-Melbourne","Canberra","Melbourne","QantasLink","Feb-22",146,137,9,122,121,15,16,2022,2
"Canberra-Sydney","Canberra","Sydney","QantasLink","Feb-22",298,242,56,195,194,47,48,2022,2
"Coffs Harbour-Sydney","Coffs Harbour","Sydney","QantasLink","Feb-22",70,68,2,52,47,16,21,2022,2
"Dubbo-Sydney","Dubbo","Sydney","QantasLink","Feb-22",62,62,0,51,54,11,8,2022,2
"Emerald-Brisbane","Emerald","Brisbane","QantasLink","Feb-22",83,76,7,69,68,7,8,2022,2
"Gladstone-Brisbane","Gladstone","Brisbane","QantasLink","Feb-22",93,89,4,76,75,13,14,2022,2
"Gold Coast-Adelaide","Gold Coast","Adelaide","QantasLink","Feb-22",7,6,1,3,5,3,1,2022,2
"Gold Coast-Melbourne","Gold Coast","Melbourne","QantasLink","Feb-22",5,5,0,1,3,4,2,2022,2
"Hobart-Brisbane","Hobart","Brisbane","QantasLink","Feb-22",20,20,0,15,13,5,7,2022,2
"Hobart-Melbourne","Hobart","Melbourne","QantasLink","Feb-22",80,78,2,63,66,15,12,2022,2
"Hobart-Sydney","Hobart","Sydney","QantasLink","Feb-22",2,1,1,0,0,1,1,2022,2
"Kalgoorlie-Perth","Kalgoorlie","Perth","QantasLink","Feb-22",48,48,0,40,40,8,8,2022,2
"Karratha-Perth","Karratha","Perth","QantasLink","Feb-22",76,75,1,72,72,3,3,2022,2
"Launceston-Melbourne","Launceston","Melbourne","QantasLink","Feb-22",54,48,6,31,34,17,14,2022,2
"Launceston-Sydney","Launceston","Sydney","QantasLink","Feb-22",16,16,0,12,14,4,2,2022,2
"Mackay-Brisbane","Mackay","Brisbane","QantasLink","Feb-22",11,6,5,5,5,1,1,2022,2
"Melbourne-Canberra","Melbourne","Canberra","QantasLink","Feb-22",147,139,8,121,119,18,20,2022,2
"Melbourne-Gold Coast","Melbourne","Gold Coast","QantasLink","Feb-22",5,5,0,4,4,1,1,2022,2
"Melbourne-Hobart","Melbourne","Hobart","QantasLink","Feb-22",80,78,2,61,65,17,13,2022,2
"Melbourne-Launceston","Melbourne","Launceston","QantasLink","Feb-22",54,50,4,45,41,5,9,2022,2
"Melbourne-Mildura","Melbourne","Mildura","QantasLink","Feb-22",89,88,1,71,81,17,7,2022,2
"Melbourne-Newcastle","Melbourne","Newcastle","QantasLink","Feb-22",25,24,1,20,20,4,4,2022,2
"Melbourne-Sunshine Coast","Melbourne","Sunshine Coast","QantasLink","Feb-22",3,3,0,2,2,1,1,2022,2
"Mildura-Melbourne","Mildura","Melbourne","QantasLink","Feb-22",89,88,1,75,73,13,15,2022,2
"Mount Isa-Brisbane","Mount Isa","Brisbane","QantasLink","Feb-22",15,11,4,11,11,0,0,2022,2
"Newcastle-Brisbane","Newcastle","Brisbane","QantasLink","Feb-22",53,47,6,40,41,7,6,2022,2
"Newcastle-Melbourne","Newcastle","Melbourne","QantasLink","Feb-22",26,24,2,21,21,3,3,2022,2
"Newman-Perth","Newman","Perth","QantasLink","Feb-22",96,94,2,67,69,27,25,2022,2
"Perth-Kalgoorlie","Perth","Kalgoorlie","QantasLink","Feb-22",48,48,0,43,42,5,6,2022,2
"Perth-Karratha","Perth","Karratha","QantasLink","Feb-22",75,74,1,73,71,1,3,2022,2
"Perth-Newman","Perth","Newman","QantasLink","Feb-22",96,94,2,83,84,11,10,2022,2
"Perth-Port Hedland","Perth","Port Hedland","QantasLink","Feb-22",71,68,3,63,59,5,9,2022,2
"Port Hedland-Perth","Port Hedland","Perth","QantasLink","Feb-22",71,66,5,55,57,11,9,2022,2
"Port Lincoln-Adelaide","Port Lincoln","Adelaide","QantasLink","Feb-22",89,87,2,76,74,11,13,2022,2
"Port Macquarie-Sydney","Port Macquarie","Sydney","QantasLink","Feb-22",57,57,0,46,49,11,8,2022,2
"Proserpine-Brisbane","Proserpine","Brisbane","QantasLink","Feb-22",21,21,0,16,16,5,5,2022,2
"Rockhampton-Brisbane","Rockhampton","Brisbane","QantasLink","Feb-22",108,101,7,83,85,18,16,2022,2
"Sunshine Coast-Melbourne","Sunshine Coast","Melbourne","QantasLink","Feb-22",3,3,0,1,3,2,0,2022,2
"Sydney-Albury","Sydney","Albury","QantasLink","Feb-22",65,64,1,55,57,9,7,2022,2
"Sydney-Armidale","Sydney","Armidale","QantasLink","Feb-22",60,58,2,49,48,9,10,2022,2
"Sydney-Ballina","Sydney","Ballina","QantasLink","Feb-22",64,60,4,47,47,13,13,2022,2
"Sydney-Canberra","Sydney","Canberra","QantasLink","Feb-22",299,247,52,189,199,58,48,2022,2
"Sydney-Coffs Harbour","Sydney","Coffs Harbour","QantasLink","Feb-22",70,68,2,54,52,14,16,2022,2
"Sydney-Dubbo","Sydney","Dubbo","QantasLink","Feb-22",63,62,1,52,50,10,12,2022,2
"Sydney-Hobart","Sydney","Hobart","QantasLink","Feb-22",3,2,1,0,0,2,2,2022,2
"Sydney-Launceston","Sydney","Launceston","QantasLink","Feb-22",16,16,0,14,14,2,2,2022,2
"Sydney-Port Macquarie","Sydney","Port Macquarie","QantasLink","Feb-22",57,57,0,48,48,9,9,2022,2
"Sydney-Wagga Wagga","Sydney","Wagga Wagga","QantasLink","Feb-22",63,62,1,48,55,14,7,2022,2
"Townsville-Brisbane","Townsville","Brisbane","QantasLink","Feb-22",13,13,0,7,8,6,5,2022,2
"Townsville-Cairns","Townsville","Cairns","QantasLink","Feb-22",93,91,2,78,81,13,10,2022,2
"Wagga Wagga-Sydney","Wagga Wagga","Sydney","QantasLink","Feb-22",62,62,0,58,58,4,4,2022,2
"Adelaide-Melbourne","Adelaide","Melbourne","Rex Airlines","Feb-22",31,31,0,31,31,0,0,2022,2
"Adelaide-Port Lincoln","Adelaide","Port Lincoln","Rex Airlines","Feb-22",129,127,2,119,122,8,5,2022,2
"Albury-Sydney","Albury","Sydney","Rex Airlines","Feb-22",75,75,0,69,69,6,6,2022,2
"Armidale-Sydney","Armidale","Sydney","Rex Airlines","Feb-22",51,51,0,41,37,10,14,2022,2
"Ballina-Sydney","Ballina","Sydney","Rex Airlines","Feb-22",26,26,0,23,22,3,4,2022,2
"Brisbane-Melbourne","Brisbane","Melbourne","Rex Airlines","Feb-22",27,27,0,20,22,7,5,2022,2
"Brisbane-Sydney","Brisbane","Sydney","Rex Airlines","Feb-22",30,30,0,26,25,4,5,2022,2
"Cairns-Townsville","Cairns","Townsville","Rex Airlines","Feb-22",8,8,0,8,8,0,0,2022,2
"Canberra-Melbourne","Canberra","Melbourne","Rex Airlines","Feb-22",19,19,0,16,17,3,2,2022,2
"Canberra-Sydney","Canberra","Sydney","Rex Airlines","Feb-22",54,54,0,50,44,4,10,2022,2
"Coffs Harbour-Sydney","Coffs Harbour","Sydney","Rex Airlines","Feb-22",71,71,0,59,58,12,13,2022,2
"Dubbo-Sydney","Dubbo","Sydney","Rex Airlines","Feb-22",85,85,0,78,71,7,14,2022,2
"Gold Coast-Melbourne","Gold Coast","Melbourne","Rex Airlines","Feb-22",50,48,2,45,45,3,3,2022,2
"Gold Coast-Sydney","Gold Coast","Sydney","Rex Airlines","Feb-22",42,39,3,38,38,1,1,2022,2
"Melbourne-Adelaide","Melbourne","Adelaide","Rex Airlines","Feb-22",31,31,0,31,31,0,0,2022,2
"Melbourne-Brisbane","Melbourne","Brisbane","Rex Airlines","Feb-22",27,27,0,25,24,2,3,2022,2
"Melbourne-Canberra","Melbourne","Canberra","Rex Airlines","Feb-22",19,19,0,18,18,1,1,2022,2
"Melbourne-Gold Coast","Melbourne","Gold Coast","Rex Airlines","Feb-22",49,47,2,46,46,1,1,2022,2
"Melbourne-Mildura","Melbourne","Mildura","Rex Airlines","Feb-22",43,43,0,40,37,3,6,2022,2
"Melbourne-Sydney","Melbourne","Sydney","Rex Airlines","Feb-22",66,66,0,65,63,1,3,2022,2
"Mildura-Melbourne","Mildura","Melbourne","Rex Airlines","Feb-22",42,41,1,40,40,1,1,2022,2
"Port Lincoln-Adelaide","Port Lincoln","Adelaide","Rex Airlines","Feb-22",126,124,2,113,111,11,13,2022,2
"Port Macquarie-Sydney","Port Macquarie","Sydney","Rex Airlines","Feb-22",71,71,0,64,54,7,17,2022,2
"Sydney-Albury","Sydney","Albury","Rex Airlines","Feb-22",75,75,0,72,72,3,3,2022,2
"Sydney-Armidale","Sydney","Armidale","Rex Airlines","Feb-22",51,51,0,44,41,7,10,2022,2
"Sydney-Ballina","Sydney","Ballina","Rex Airlines","Feb-22",26,25,1,22,21,3,4,2022,2
"Sydney-Brisbane","Sydney","Brisbane","Rex Airlines","Feb-22",31,31,0,26,24,5,7,2022,2
"Sydney-Canberra","Sydney","Canberra","Rex Airlines","Feb-22",52,52,0,45,39,7,13,2022,2
"Sydney-Coffs Harbour","Sydney","Coffs Harbour","Rex Airlines","Feb-22",71,71,0,56,57,15,14,2022,2
"Sydney-Dubbo","Sydney","Dubbo","Rex Airlines","Feb-22",88,88,0,77,79,11,9,2022,2
"Sydney-Gold Coast","Sydney","Gold Coast","Rex Airlines","Feb-22",42,39,3,39,39,0,0,2022,2
"Sydney-Melbourne","Sydney","Melbourne","Rex Airlines","Feb-22",66,66,0,61,62,5,4,2022,2
"Sydney-Port Macquarie","Sydney","Port Macquarie","Rex Airlines","Feb-22",71,71,0,61,61,10,10,2022,2
"Sydney-Wagga Wagga","Sydney","Wagga Wagga","Rex Airlines","Feb-22",62,62,0,51,52,11,10,2022,2
"Townsville-Cairns","Townsville","Cairns","Rex Airlines","Feb-22",8,8,0,7,7,1,1,2022,2
"Wagga Wagga-Sydney","Wagga Wagga","Sydney","Rex Airlines","Feb-22",62,62,0,56,55,6,7,2022,2
"Adelaide-Alice Springs","Adelaide","Alice Springs","Virgin Australia","Feb-22",8,8,0,7,8,1,0,2022,2
"Adelaide-Brisbane","Adelaide","Brisbane","Virgin Australia","Feb-22",63,63,0,56,56,7,7,2022,2
"Adelaide-Canberra","Adelaide","Canberra","Virgin Australia","Feb-22",15,15,0,14,14,1,1,2022,2
"Adelaide-Gold Coast","Adelaide","Gold Coast","Virgin Australia","Feb-22",18,18,0,17,15,1,3,2022,2
"Adelaide-Melbourne","Adelaide","Melbourne","Virgin Australia","Feb-22",140,140,0,113,124,27,16,2022,2
"Adelaide-Perth","Adelaide","Perth","Virgin Australia","Feb-22",4,3,1,1,1,2,2,2022,2
"Adelaide-Sydney","Adelaide","Sydney","Virgin Australia","Feb-22",73,73,0,64,62,9,11,2022,2
"Alice Springs-Adelaide","Alice Springs","Adelaide","Virgin Australia","Feb-22",8,8,0,6,6,2,2,2022,2
"Ballina-Sydney","Ballina","Sydney","Virgin Australia","Feb-22",41,37,4,29,31,8,6,2022,2
"Brisbane-Adelaide","Brisbane","Adelaide","Virgin Australia","Feb-22",63,63,0,49,55,14,8,2022,2
"Brisbane-Cairns","Brisbane","Cairns","Virgin Australia","Feb-22",85,81,4,60,50,21,31,2022,2
"Brisbane-Canberra","Brisbane","Canberra","Virgin Australia","Feb-22",57,57,0,43,45,14,12,2022,2
"Brisbane-Darwin","Brisbane","Darwin","Virgin Australia","Feb-22",20,19,1,14,14,5,5,2022,2
"Brisbane-Emerald","Brisbane","Emerald","Virgin Australia","Feb-22",24,23,1,20,22,3,1,2022,2
"Brisbane-Gladstone","Brisbane","Gladstone","Virgin Australia","Feb-22",36,33,3,30,29,3,4,2022,2
"Brisbane-Hamilton Island","Brisbane","Hamilton Island","Virgin Australia","Feb-22",29,29,0,21,20,8,9,2022,2
"Brisbane-Hobart","Brisbane","Hobart","Virgin Australia","Feb-22",32,31,1,22,29,9,2,2022,2
"Brisbane-Mackay","Brisbane","Mackay","Virgin Australia","Feb-22",79,78,1,53,48,25,30,2022,2
"Brisbane-Melbourne","Brisbane","Melbourne","Virgin Australia","Feb-22",208,204,4,138,148,66,56,2022,2
"Brisbane-Mount Isa","Brisbane","Mount Isa","Virgin Australia","Feb-22",12,12,0,8,7,4,5,2022,2
"Brisbane-Newcastle","Brisbane","Newcastle","Virgin Australia","Feb-22",64,61,3,47,49,14,12,2022,2
"Brisbane-Perth","Brisbane","Perth","Virgin Australia","Feb-22",25,25,0,6,18,19,7,2022,2
"Brisbane-Proserpine","Brisbane","Proserpine","Virgin Australia","Feb-22",28,28,0,25,25,3,3,2022,2
"Brisbane-Rockhampton","Brisbane","Rockhampton","Virgin Australia","Feb-22",68,67,1,58,53,9,14,2022,2
"Brisbane-Sydney","Brisbane","Sydney","Virgin Australia","Feb-22",231,227,4,142,161,85,66,2022,2
"Brisbane-Townsville","Brisbane","Townsville","Virgin Australia","Feb-22",73,70,3,53,50,17,20,2022,2
"Broome-Perth","Broome","Perth","Virgin Australia","Feb-22",3,3,0,3,3,0,0,2022,2
"Cairns-Brisbane","Cairns","Brisbane","Virgin Australia","Feb-22",85,81,4,59,68,22,13,2022,2
"Cairns-Melbourne","Cairns","Melbourne","Virgin Australia","Feb-22",32,31,1,19,23,12,8,2022,2
"Cairns-Sydney","Cairns","Sydney","Virgin Australia","Feb-22",28,28,0,24,24,4,4,2022,2
"Canberra-Adelaide","Canberra","Adelaide","Virgin Australia","Feb-22",15,15,0,14,14,1,1,2022,2
"Canberra-Brisbane","Canberra","Brisbane","Virgin Australia","Feb-22",57,57,0,50,49,7,8,2022,2
"Canberra-Melbourne","Canberra","Melbourne","Virgin Australia","Feb-22",68,67,1,52,55,15,12,2022,2
"Coffs Harbour-Sydney","Coffs Harbour","Sydney","Virgin Australia","Feb-22",16,16,0,14,14,2,2,2022,2
"Darwin-Brisbane","Darwin","Brisbane","Virgin Australia","Feb-22",20,19,1,13,15,6,4,2022,2
"Emerald-Brisbane","Emerald","Brisbane","Virgin Australia","Feb-22",24,23,1,22,21,1,2,2022,2
"Gladstone-Brisbane","Gladstone","Brisbane","Virgin Australia","Feb-22",36,33,3,29,26,4,7,2022,2
"Gold Coast-Adelaide","Gold Coast","Adelaide","Virgin Australia","Feb-22",18,17,1,12,14,5,3,2022,2
"Gold Coast-Melbourne","Gold Coast","Melbourne","Virgin Australia","Feb-22",218,203,15,149,179,54,24,2022,2
"Gold Coast-Sydney","Gold Coast","Sydney","Virgin Australia","Feb-22",192,177,15,125,134,52,43,2022,2
"Hamilton Island-Brisbane","Hamilton Island","Brisbane","Virgin Australia","Feb-22",29,29,0,11,16,18,13,2022,2
"Hamilton Island-Sydney","Hamilton Island","Sydney","Virgin Australia","Feb-22",20,20,0,11,11,9,9,2022,2
"Hobart-Brisbane","Hobart","Brisbane","Virgin Australia","Feb-22",32,31,1,22,20,9,11,2022,2
"Hobart-Melbourne","Hobart","Melbourne","Virgin Australia","Feb-22",79,79,0,60,58,19,21,2022,2
"Hobart-Sydney","Hobart","Sydney","Virgin Australia","Feb-22",47,47,0,40,37,7,10,2022,2
"Kalgoorlie-Perth","Kalgoorlie","Perth","Virgin Australia","Feb-22",30,30,0,27,27,3,3,2022,2
"Karratha-Perth","Karratha","Perth","Virgin Australia","Feb-22",30,30,0,27,28,3,2,2022,2
"Launceston-Melbourne","Launceston","Melbourne","Virgin Australia","Feb-22",56,56,0,54,50,2,6,2022,2
"Launceston-Sydney","Launceston","Sydney","Virgin Australia","Feb-22",17,17,0,13,13,4,4,2022,2
"Mackay-Brisbane","Mackay","Brisbane","Virgin Australia","Feb-22",79,78,1,56,62,22,16,2022,2
"Melbourne-Adelaide","Melbourne","Adelaide","Virgin Australia","Feb-22",140,139,1,114,109,25,30,2022,2
"Melbourne-Brisbane","Melbourne","Brisbane","Virgin Australia","Feb-22",207,202,5,164,154,38,48,2022,2
"Melbourne-Cairns","Melbourne","Cairns","Virgin Australia","Feb-22",32,31,1,20,22,11,9,2022,2
"Melbourne-Canberra","Melbourne","Canberra","Virgin Australia","Feb-22",68,68,0,55,55,13,13,2022,2
"Melbourne-Gold Coast","Melbourne","Gold Coast","Virgin Australia","Feb-22",218,204,14,166,157,38,47,2022,2
"Melbourne-Hobart","Melbourne","Hobart","Virgin Australia","Feb-22",79,79,0,64,66,15,13,2022,2
"Melbourne-Launceston","Melbourne","Launceston","Virgin Australia","Feb-22",56,56,0,49,52,7,4,2022,2
"Melbourne-Newcastle","Melbourne","Newcastle","Virgin Australia","Feb-22",19,19,0,15,14,4,5,2022,2
"Melbourne-Perth","Melbourne","Perth","Virgin Australia","Feb-22",39,38,1,12,27,26,11,2022,2
"Melbourne-Sunshine Coast","Melbourne","Sunshine Coast","Virgin Australia","Feb-22",69,67,2,59,54,8,13,2022,2
"Melbourne-Sydney","Melbourne","Sydney","Virgin Australia","Feb-22",388,382,6,319,320,63,62,2022,2
"Mount Isa-Brisbane","Mount Isa","Brisbane","Virgin Australia","Feb-22",12,12,0,8,8,4,4,2022,2
"Newcastle-Brisbane","Newcastle","Brisbane","Virgin Australia","Feb-22",64,61,3,50,43,11,18,2022,2
"Newcastle-Melbourne","Newcastle","Melbourne","Virgin Australia","Feb-22",19,19,0,14,15,5,4,2022,2
"Newman-Perth","Newman","Perth","Virgin Australia","Feb-22",22,22,0,17,19,5,3,2022,2
"Perth-Adelaide","Perth","Adelaide","Virgin Australia","Feb-22",3,3,0,1,1,2,2,2022,2
"Perth-Brisbane","Perth","Brisbane","Virgin Australia","Feb-22",24,24,0,15,15,9,9,2022,2
"Perth-Broome","Perth","Broome","Virgin Australia","Feb-22",3,3,0,3,3,0,0,2022,2
"Perth-Kalgoorlie","Perth","Kalgoorlie","Virgin Australia","Feb-22",30,30,0,28,29,2,1,2022,2
"Perth-Karratha","Perth","Karratha","Virgin Australia","Feb-22",30,30,0,27,28,3,2,2022,2
"Perth-Melbourne","Perth","Melbourne","Virgin Australia","Feb-22",39,38,1,14,16,24,22,2022,2
"Perth-Newman","Perth","Newman","Virgin Australia","Feb-22",22,22,0,20,19,2,3,2022,2
"Perth-Port Hedland","Perth","Port Hedland","Virgin Australia","Feb-22",12,12,0,11,10,1,2,2022,2
"Perth-Sydney","Perth","Sydney","Virgin Australia","Feb-22",13,13,0,8,11,5,2,2022,2
"Port Hedland-Perth","Port Hedland","Perth","Virgin Australia","Feb-22",12,12,0,7,8,5,4,2022,2
"Proserpine-Brisbane","Proserpine","Brisbane","Virgin Australia","Feb-22",28,28,0,19,20,9,8,2022,2
"Rockhampton-Brisbane","Rockhampton","Brisbane","Virgin Australia","Feb-22",68,67,1,55,55,12,12,2022,2
"Sunshine Coast-Melbourne","Sunshine Coast","Melbourne","Virgin Australia","Feb-22",69,67,2,37,42,30,25,2022,2
"Sunshine Coast-Sydney","Sunshine Coast","Sydney","Virgin Australia","Feb-22",44,44,0,23,22,21,22,2022,2
"Sydney-Adelaide","Sydney","Adelaide","Virgin Australia","Feb-22",72,72,0,57,61,15,11,2022,2
"Sydney-Ballina","Sydney","Ballina","Virgin Australia","Feb-22",41,37,4,30,29,7,8,2022,2
"Sydney-Brisbane","Sydney","Brisbane","Virgin Australia","Feb-22",233,229,4,185,181,44,48,2022,2
"Sydney-Cairns","Sydney","Cairns","Virgin Australia","Feb-22",28,28,0,25,24,3,4,2022,2
"Sydney-Coffs Harbour","Sydney","Coffs Harbour","Virgin Australia","Feb-22",16,16,0,15,14,1,2,2022,2
"Sydney-Gold Coast","Sydney","Gold Coast","Virgin Australia","Feb-22",192,178,14,143,136,35,42,2022,2
"Sydney-Hamilton Island","Sydney","Hamilton Island","Virgin Australia","Feb-22",20,20,0,18,16,2,4,2022,2
"Sydney-Hobart","Sydney","Hobart","Virgin Australia","Feb-22",47,47,0,42,43,5,4,2022,2
"Sydney-Launceston","Sydney","Launceston","Virgin Australia","Feb-22",17,17,0,12,13,5,4,2022,2
"Sydney-Melbourne","Sydney","Melbourne","Virgin Australia","Feb-22",387,380,7,276,310,104,70,2022,2
"Sydney-Perth","Sydney","Perth","Virgin Australia","Feb-22",13,13,0,4,9,9,4,2022,2
"Sydney-Sunshine Coast","Sydney","Sunshine Coast","Virgin Australia","Feb-22",44,44,0,37,34,7,10,2022,2
"Townsville-Brisbane","Townsville","Brisbane","Virgin Australia","Feb-22",72,69,3,53,55,16,14,2022,2
"Adelaide-Perth","Adelaide","Perth","Virgin Australia Regional Airlines","Feb-22",3,3,0,0,1,3,2,2022,2
"Broome-Perth","Broome","Perth","Virgin Australia Regional Airlines","Feb-22",27,26,1,21,23,5,3,2022,2
"Darwin-Perth","Darwin","Perth","Virgin Australia Regional Airlines","Feb-22",3,3,0,2,3,1,0,2022,2
"Kalgoorlie-Perth","Kalgoorlie","Perth","Virgin Australia Regional Airlines","Feb-22",26,26,0,23,23,3,3,2022,2
"Karratha-Perth","Karratha","Perth","Virgin Australia Regional Airlines","Feb-22",18,18,0,15,15,3,3,2022,2
"Newman-Perth","Newman","Perth","Virgin Australia Regional Airlines","Feb-22",30,30,0,23,24,7,6,2022,2
"Perth-Adelaide","Perth","Adelaide","Virgin Australia Regional Airlines","Feb-22",3,3,0,2,2,1,1,2022,2
"Perth-Broome","Perth","Broome","Virgin Australia Regional Airlines","Feb-22",27,26,1,22,23,4,3,2022,2
"Perth-Darwin","Perth","Darwin","Virgin Australia Regional Airlines","Feb-22",3,3,0,3,3,0,0,2022,2
"Perth-Kalgoorlie","Perth","Kalgoorlie","Virgin Australia Regional Airlines","Feb-22",26,26,0,25,24,1,2,2022,2
"Perth-Karratha","Perth","Karratha","Virgin Australia Regional Airlines","Feb-22",18,18,0,16,15,2,3,2022,2
"Perth-Newman","Perth","Newman","Virgin Australia Regional Airlines","Feb-22",30,30,0,27,27,3,3,2022,2
"Perth-Port Hedland","Perth","Port Hedland","Virgin Australia Regional Airlines","Feb-22",36,36,0,31,31,5,5,2022,2
"Port Hedland-Perth","Port Hedland","Perth","Virgin Australia Regional Airlines","Feb-22",36,36,0,29,24,7,12,2022,2
"Adelaide-Alice Springs","Adelaide","Alice Springs","All Airlines","Feb-22",31,31,0,26,28,5,3,2022,2
"Adelaide-Brisbane","Adelaide","Brisbane","All Airlines","Feb-22",135,134,1,121,112,13,22,2022,2
"Adelaide-Canberra","Adelaide","Canberra","All Airlines","Feb-22",64,61,3,55,54,6,7,2022,2
"Adelaide-Gold Coast","Adelaide","Gold Coast","All Airlines","Feb-22",45,43,2,41,38,2,5,2022,2
"Adelaide-Melbourne","Adelaide","Melbourne","All Airlines","Feb-22",363,358,5,307,324,51,34,2022,2
"Adelaide-Perth","Adelaide","Perth","All Airlines","Feb-22",22,21,1,9,13,12,8,2022,2
"Adelaide-Port Lincoln","Adelaide","Port Lincoln","All Airlines","Feb-22",219,214,5,196,198,18,16,2022,2
"Adelaide-Sydney","Adelaide","Sydney","All Airlines","Feb-22",274,263,11,241,236,22,27,2022,2
"Albury-Sydney","Albury","Sydney","All Airlines","Feb-22",139,138,1,122,126,16,12,2022,2
"Alice Springs-Adelaide","Alice Springs","Adelaide","All Airlines","Feb-22",31,31,0,23,22,8,9,2022,2
"Armidale-Sydney","Armidale","Sydney","All Airlines","Feb-22",111,109,2,84,83,25,26,2022,2
"Ballina-Sydney","Ballina","Sydney","All Airlines","Feb-22",181,167,14,120,123,47,44,2022,2
"Brisbane-Adelaide","Brisbane","Adelaide","All Airlines","Feb-22",133,130,3,101,112,29,18,2022,2
"Brisbane-Cairns","Brisbane","Cairns","All Airlines","Feb-22",236,226,10,170,156,56,70,2022,2
"Brisbane-Canberra","Brisbane","Canberra","All Airlines","Feb-22",188,177,11,138,144,39,33,2022,2
"Brisbane-Darwin","Brisbane","Darwin","All Airlines","Feb-22",60,58,2,48,50,10,8,2022,2
"Brisbane-Emerald","Brisbane","Emerald","All Airlines","Feb-22",107,101,6,90,92,11,9,2022,2
"Brisbane-Gladstone","Brisbane","Gladstone","All Airlines","Feb-22",130,121,9,103,101,18,20,2022,2
"Brisbane-Hamilton Island","Brisbane","Hamilton Island","All Airlines","Feb-22",49,49,0,39,37,10,12,2022,2
"Brisbane-Hobart","Brisbane","Hobart","All Airlines","Feb-22",76,75,1,54,69,21,6,2022,2
"Brisbane-Mackay","Brisbane","Mackay","All Airlines","Feb-22",179,166,13,126,119,40,47,2022,2
"Brisbane-Melbourne","Brisbane","Melbourne","All Airlines","Feb-22",581,560,21,417,453,143,107,2022,2
"Brisbane-Mount Isa","Brisbane","Mount Isa","All Airlines","Feb-22",60,57,3,49,49,8,8,2022,2
"Brisbane-Newcastle","Brisbane","Newcastle","All Airlines","Feb-22",147,138,9,106,108,32,30,2022,2
"Brisbane-Perth","Brisbane","Perth","All Airlines","Feb-22",45,45,0,15,34,30,11,2022,2
"Brisbane-Proserpine","Brisbane","Proserpine","All Airlines","Feb-22",74,72,2,61,54,11,18,2022,2
"Brisbane-Rockhampton","Brisbane","Rockhampton","All Airlines","Feb-22",176,169,7,139,130,30,39,2022,2
"Brisbane-Sydney","Brisbane","Sydney","All Airlines","Feb-22",719,677,42,521,550,156,127,2022,2
"Brisbane-Townsville","Brisbane","Townsville","All Airlines","Feb-22",198,189,9,160,150,29,39,2022,2
"Broome-Perth","Broome","Perth","All Airlines","Feb-22",104,101,3,89,93,12,8,2022,2
"Cairns-Brisbane","Cairns","Brisbane","All Airlines","Feb-22",233,224,9,187,195,37,29,2022,2
"Cairns-Melbourne","Cairns","Melbourne","All Airlines","Feb-22",92,91,1,65,75,26,16,2022,2
"Cairns-Sydney","Cairns","Sydney","All Airlines","Feb-22",95,94,1,82,83,12,11,2022,2
"Cairns-Townsville","Cairns","Townsville","All Airlines","Feb-22",101,101,0,91,94,10,7,2022,2
"Canberra-Adelaide","Canberra","Adelaide","All Airlines","Feb-22",64,61,3,56,57,5,4,2022,2
"Canberra-Brisbane","Canberra","Brisbane","All Airlines","Feb-22",189,179,10,149,141,30,38,2022,2
"Canberra-Melbourne","Canberra","Melbourne","All Airlines","Feb-22",242,231,11,197,199,34,32,2022,2
"Canberra-Sydney","Canberra","Sydney","All Airlines","Feb-22",352,296,56,245,238,51,58,2022,2
"Coffs Harbour-Sydney","Coffs Harbour","Sydney","All Airlines","Feb-22",157,155,2,125,119,30,36,2022,2
"Darwin-Brisbane","Darwin","Brisbane","All Airlines","Feb-22",60,58,2,39,43,19,15,2022,2
"Darwin-Perth","Darwin","Perth","All Airlines","Feb-22",16,16,0,14,16,2,0,2022,2
"Dubbo-Sydney","Dubbo","Sydney","All Airlines","Feb-22",147,147,0,129,125,18,22,2022,2
"Emerald-Brisbane","Emerald","Brisbane","All Airlines","Feb-22",107,99,8,91,89,8,10,2022,2
"Gladstone-Brisbane","Gladstone","Brisbane","All Airlines","Feb-22",129,122,7,105,101,17,21,2022,2
"Gold Coast-Adelaide","Gold Coast","Adelaide","All Airlines","Feb-22",45,42,3,31,36,11,6,2022,2
"Gold Coast-Melbourne","Gold Coast","Melbourne","All Airlines","Feb-22",446,421,25,317,363,104,58,2022,2
"Gold Coast-Sydney","Gold Coast","Sydney","All Airlines","Feb-22",470,439,31,336,341,103,98,2022,2
"Hamilton Island-Brisbane","Hamilton Island","Brisbane","All Airlines","Feb-22",49,49,0,28,32,21,17,2022,2
"Hamilton Island-Sydney","Hamilton Island","Sydney","All Airlines","Feb-22",64,64,0,43,47,21,17,2022,2
"Hobart-Brisbane","Hobart","Brisbane","All Airlines","Feb-22",75,74,1,55,51,19,23,2022,2
"Hobart-Melbourne","Hobart","Melbourne","All Airlines","Feb-22",241,238,3,185,193,53,45,2022,2
"Hobart-Sydney","Hobart","Sydney","All Airlines","Feb-22",144,138,6,111,107,27,31,2022,2
"Kalgoorlie-Perth","Kalgoorlie","Perth","All Airlines","Feb-22",124,124,0,108,108,16,16,2022,2
"Karratha-Perth","Karratha","Perth","All Airlines","Feb-22",184,182,2,171,170,11,12,2022,2
"Launceston-Melbourne","Launceston","Melbourne","All Airlines","Feb-22",163,157,6,122,122,35,35,2022,2
"Launceston-Sydney","Launceston","Sydney","All Airlines","Feb-22",68,68,0,52,52,16,16,2022,2
"Mackay-Brisbane","Mackay","Brisbane","All Airlines","Feb-22",182,169,13,129,136,40,33,2022,2
"Melbourne-Adelaide","Melbourne","Adelaide","All Airlines","Feb-22",363,356,7,314,311,42,45,2022,2
"Melbourne-Brisbane","Melbourne","Brisbane","All Airlines","Feb-22",579,560,19,482,444,78,116,2022,2
"Melbourne-Cairns","Melbourne","Cairns","All Airlines","Feb-22",92,91,1,64,68,27,23,2022,2
"Melbourne-Canberra","Melbourne","Canberra","All Airlines","Feb-22",244,235,9,202,198,33,37,2022,2
"Melbourne-Gold Coast","Melbourne","Gold Coast","All Airlines","Feb-22",444,420,24,339,330,81,90,2022,2
"Melbourne-Hobart","Melbourne","Hobart","All Airlines","Feb-22",241,238,3,185,199,53,39,2022,2
"Melbourne-Launceston","Melbourne","Launceston","All Airlines","Feb-22",163,159,4,135,136,24,23,2022,2
"Melbourne-Mildura","Melbourne","Mildura","All Airlines","Feb-22",132,131,1,111,118,20,13,2022,2
"Melbourne-Newcastle","Melbourne","Newcastle","All Airlines","Feb-22",84,83,1,65,59,18,24,2022,2
"Melbourne-Perth","Melbourne","Perth","All Airlines","Feb-22",70,69,1,22,41,47,28,2022,2
"Melbourne-Sunshine Coast","Melbourne","Sunshine Coast","All Airlines","Feb-22",161,159,2,138,132,21,27,2022,2
"Melbourne-Sydney","Melbourne","Sydney","All Airlines","Feb-22",1300,1229,71,1095,1091,134,138,2022,2
"Mildura-Melbourne","Mildura","Melbourne","All Airlines","Feb-22",131,129,2,115,113,14,16,2022,2
"Mount Isa-Brisbane","Mount Isa","Brisbane","All Airlines","Feb-22",60,55,5,47,47,8,8,2022,2
"Newcastle-Brisbane","Newcastle","Brisbane","All Airlines","Feb-22",145,136,9,104,97,32,39,2022,2
"Newcastle-Melbourne","Newcastle","Melbourne","All Airlines","Feb-22",85,83,2,60,69,23,14,2022,2
"Newman-Perth","Newman","Perth","All Airlines","Feb-22",161,158,3,118,123,40,35,2022,2
"Perth-Adelaide","Perth","Adelaide","All Airlines","Feb-22",21,21,0,14,15,7,6,2022,2
"Perth-Brisbane","Perth","Brisbane","All Airlines","Feb-22",43,43,0,31,28,12,15,2022,2
"Perth-Broome","Perth","Broome","All Airlines","Feb-22",103,101,2,93,93,8,8,2022,2
"Perth-Darwin","Perth","Darwin","All Airlines","Feb-22",16,16,0,16,16,0,0,2022,2
"Perth-Kalgoorlie","Perth","Kalgoorlie","All Airlines","Feb-22",124,124,0,115,114,9,10,2022,2
"Perth-Karratha","Perth","Karratha","All Airlines","Feb-22",184,182,2,172,172,10,10,2022,2
"Perth-Melbourne","Perth","Melbourne","All Airlines","Feb-22",65,63,2,29,30,34,33,2022,2
"Perth-Newman","Perth","Newman","All Airlines","Feb-22",162,159,3,141,142,18,17,2022,2
"Perth-Port Hedland","Perth","Port Hedland","All Airlines","Feb-22",167,164,3,153,144,11,20,2022,2
"Perth-Sydney","Perth","Sydney","All Airlines","Feb-22",50,48,2,34,38,14,10,2022,2
"Port Hedland-Perth","Port Hedland","Perth","All Airlines","Feb-22",168,163,5,127,127,36,36,2022,2
"Port Lincoln-Adelaide","Port Lincoln","Adelaide","All Airlines","Feb-22",215,211,4,189,185,22,26,2022,2
"Port Macquarie-Sydney","Port Macquarie","Sydney","All Airlines","Feb-22",128,128,0,110,103,18,25,2022,2
"Proserpine-Brisbane","Proserpine","Brisbane","All Airlines","Feb-22",76,73,3,47,50,26,23,2022,2
"Rockhampton-Brisbane","Rockhampton","Brisbane","All Airlines","Feb-22",176,168,8,138,140,30,28,2022,2
"Sunshine Coast-Melbourne","Sunshine Coast","Melbourne","All Airlines","Feb-22",162,160,2,109,122,51,38,2022,2
"Sunshine Coast-Sydney","Sunshine Coast","Sydney","All Airlines","Feb-22",128,123,5,81,80,42,43,2022,2
"Sydney-Adelaide","Sydney","Adelaide","All Airlines","Feb-22",276,267,9,223,236,44,31,2022,2
"Sydney-Albury","Sydney","Albury","All Airlines","Feb-22",140,139,1,127,129,12,10,2022,2
"Sydney-Armidale","Sydney","Armidale","All Airlines","Feb-22",111,109,2,93,89,16,20,2022,2
"Sydney-Ballina","Sydney","Ballina","All Airlines","Feb-22",181,166,15,133,132,33,34,2022,2
"Sydney-Brisbane","Sydney","Brisbane","All Airlines","Feb-22",717,674,43,570,553,104,121,2022,2
"Sydney-Cairns","Sydney","Cairns","All Airlines","Feb-22",94,94,0,80,76,14,18,2022,2
"Sydney-Canberra","Sydney","Canberra","All Airlines","Feb-22",351,299,52,234,238,65,61,2022,2
"Sydney-Coffs Harbour","Sydney","Coffs Harbour","All Airlines","Feb-22",157,155,2,125,123,30,32,2022,2
"Sydney-Dubbo","Sydney","Dubbo","All Airlines","Feb-22",151,150,1,129,129,21,21,2022,2
"Sydney-Gold Coast","Sydney","Gold Coast","All Airlines","Feb-22",471,444,27,365,349,79,95,2022,2
"Sydney-Hamilton Island","Sydney","Hamilton Island","All Airlines","Feb-22",64,64,0,57,52,7,12,2022,2
"Sydney-Hobart","Sydney","Hobart","All Airlines","Feb-22",147,140,7,121,124,19,16,2022,2
"Sydney-Launceston","Sydney","Launceston","All Airlines","Feb-22",69,69,0,58,56,11,13,2022,2
"Sydney-Melbourne","Sydney","Melbourne","All Airlines","Feb-22",1281,1212,69,988,1078,224,134,2022,2
"Sydney-Perth","Sydney","Perth","All Airlines","Feb-22",46,45,1,15,28,30,17,2022,2
"Sydney-Port Macquarie","Sydney","Port Macquarie","All Airlines","Feb-22",128,128,0,109,109,19,19,2022,2
"Sydney-Sunshine Coast","Sydney","Sunshine Coast","All Airlines","Feb-22",129,128,1,106,102,22,26,2022,2
"Sydney-Wagga Wagga","Sydney","Wagga Wagga","All Airlines","Feb-22",125,124,1,99,107,25,17,2022,2
"Townsville-Brisbane","Townsville","Brisbane","All Airlines","Feb-22",198,188,10,142,146,46,42,2022,2
"Townsville-Cairns","Townsville","Cairns","All Airlines","Feb-22",101,99,2,85,88,14,11,2022,2
"Wagga Wagga-Sydney","Wagga Wagga","Sydney","All Airlines","Feb-22",124,124,0,114,113,10,11,2022,2
"Adelaide-Brisbane","Adelaide","Brisbane","Jetstar","Mar-22",23,23,0,18,13,5,10,2022,3
"Adelaide-Gold Coast","Adelaide","Gold Coast","Jetstar","Mar-22",23,23,0,21,21,2,2,2022,3
"Adelaide-Melbourne","Adelaide","Melbourne","Jetstar","Mar-22",76,76,0,46,51,30,25,2022,3
"Adelaide-Perth","Adelaide","Perth","Jetstar","Mar-22",17,17,0,13,17,4,0,2022,3
"Adelaide-Sydney","Adelaide","Sydney","Jetstar","Mar-22",76,74,2,58,55,16,19,2022,3
"Ballina-Sydney","Ballina","Sydney","Jetstar","Mar-22",70,59,11,34,36,25,23,2022,3
"Brisbane-Adelaide","Brisbane","Adelaide","Jetstar","Mar-22",23,23,0,6,9,17,14,2022,3
"Brisbane-Cairns","Brisbane","Cairns","Jetstar","Mar-22",63,59,4,31,33,28,26,2022,3
"Brisbane-Canberra","Brisbane","Canberra","Jetstar","Mar-22",18,18,0,11,15,7,3,2022,3
"Brisbane-Darwin","Brisbane","Darwin","Jetstar","Mar-22",15,15,0,13,10,2,5,2022,3
"Brisbane-Hobart","Brisbane","Hobart","Jetstar","Mar-22",27,27,0,22,24,5,3,2022,3
"Brisbane-Mackay","Brisbane","Mackay","Jetstar","Mar-22",23,23,0,8,13,15,10,2022,3
"Brisbane-Melbourne","Brisbane","Melbourne","Jetstar","Mar-22",128,125,3,79,89,46,36,2022,3
"Brisbane-Newcastle","Brisbane","Newcastle","Jetstar","Mar-22",34,33,1,28,26,5,7,2022,3
"Brisbane-Perth","Brisbane","Perth","Jetstar","Mar-22",21,19,2,9,15,10,4,2022,3
"Brisbane-Proserpine","Brisbane","Proserpine","Jetstar","Mar-22",29,29,0,13,10,16,19,2022,3
"Brisbane-Sydney","Brisbane","Sydney","Jetstar","Mar-22",98,96,2,63,70,33,26,2022,3
"Brisbane-Townsville","Brisbane","Townsville","Jetstar","Mar-22",41,39,2,32,34,7,5,2022,3
"Cairns-Brisbane","Cairns","Brisbane","Jetstar","Mar-22",63,59,4,44,44,15,15,2022,3
"Cairns-Melbourne","Cairns","Melbourne","Jetstar","Mar-22",49,49,0,29,34,20,15,2022,3
"Cairns-Sydney","Cairns","Sydney","Jetstar","Mar-22",56,55,1,41,42,14,13,2022,3
"Canberra-Brisbane","Canberra","Brisbane","Jetstar","Mar-22",19,18,1,10,13,8,5,2022,3
"Darwin-Brisbane","Darwin","Brisbane","Jetstar","Mar-22",14,14,0,6,9,8,5,2022,3
"Gold Coast-Adelaide","Gold Coast","Adelaide","Jetstar","Mar-22",23,23,0,16,22,7,1,2022,3
"Gold Coast-Melbourne","Gold Coast","Melbourne","Jetstar","Mar-22",145,144,1,110,117,34,27,2022,3
"Gold Coast-Sydney","Gold Coast","Sydney","Jetstar","Mar-22",193,185,8,124,135,61,50,2022,3
"Hamilton Island-Sydney","Hamilton Island","Sydney","Jetstar","Mar-22",24,24,0,16,16,8,8,2022,3
"Hobart-Brisbane","Hobart","Brisbane","Jetstar","Mar-22",27,27,0,22,20,5,7,2022,3
"Hobart-Melbourne","Hobart","Melbourne","Jetstar","Mar-22",115,114,1,67,68,47,46,2022,3
"Hobart-Sydney","Hobart","Sydney","Jetstar","Mar-22",63,61,2,51,42,10,19,2022,3
"Launceston-Melbourne","Launceston","Melbourne","Jetstar","Mar-22",75,73,2,39,44,34,29,2022,3
"Launceston-Sydney","Launceston","Sydney","Jetstar","Mar-22",40,40,0,19,21,21,19,2022,3
"Mackay-Brisbane","Mackay","Brisbane","Jetstar","Mar-22",23,23,0,10,10,13,13,2022,3
"Melbourne-Adelaide","Melbourne","Adelaide","Jetstar","Mar-22",77,77,0,41,49,36,28,2022,3
"Melbourne-Brisbane","Melbourne","Brisbane","Jetstar","Mar-22",127,124,3,88,79,36,45,2022,3
"Melbourne-Cairns","Melbourne","Cairns","Jetstar","Mar-22",49,49,0,22,21,27,28,2022,3
"Melbourne-Gold Coast","Melbourne","Gold Coast","Jetstar","Mar-22",145,144,1,100,95,44,49,2022,3
"Melbourne-Hobart","Melbourne","Hobart","Jetstar","Mar-22",113,113,0,80,83,33,30,2022,3
"Melbourne-Launceston","Melbourne","Launceston","Jetstar","Mar-22",74,73,1,50,51,23,22,2022,3
"Melbourne-Newcastle","Melbourne","Newcastle","Jetstar","Mar-22",51,51,0,35,31,16,20,2022,3
"Melbourne-Perth","Melbourne","Perth","Jetstar","Mar-22",34,33,1,23,26,10,7,2022,3
"Melbourne-Sunshine Coast","Melbourne","Sunshine Coast","Jetstar","Mar-22",68,68,0,50,35,18,33,2022,3
"Melbourne-Sydney","Melbourne","Sydney","Jetstar","Mar-22",271,264,7,192,183,72,81,2022,3
"Newcastle-Brisbane","Newcastle","Brisbane","Jetstar","Mar-22",34,33,1,27,19,6,14,2022,3
"Newcastle-Melbourne","Newcastle","Melbourne","Jetstar","Mar-22",52,51,1,25,29,26,22,2022,3
"Perth-Adelaide","Perth","Adelaide","Jetstar","Mar-22",17,17,0,14,15,3,2,2022,3
"Perth-Brisbane","Perth","Brisbane","Jetstar","Mar-22",21,19,2,7,5,12,14,2022,3
"Perth-Melbourne","Perth","Melbourne","Jetstar","Mar-22",34,33,1,13,8,20,25,2022,3
"Perth-Sydney","Perth","Sydney","Jetstar","Mar-22",30,29,1,9,18,20,11,2022,3
"Proserpine-Brisbane","Proserpine","Brisbane","Jetstar","Mar-22",29,29,0,9,10,20,19,2022,3
"Sunshine Coast-Melbourne","Sunshine Coast","Melbourne","Jetstar","Mar-22",67,65,2,39,47,26,18,2022,3
"Sunshine Coast-Sydney","Sunshine Coast","Sydney","Jetstar","Mar-22",58,56,2,35,33,21,23,2022,3
"Sydney-Adelaide","Sydney","Adelaide","Jetstar","Mar-22",76,75,1,33,55,42,20,2022,3
"Sydney-Ballina","Sydney","Ballina","Jetstar","Mar-22",69,58,11,50,46,8,12,2022,3
"Sydney-Brisbane","Sydney","Brisbane","Jetstar","Mar-22",99,97,2,61,59,36,38,2022,3
"Sydney-Cairns","Sydney","Cairns","Jetstar","Mar-22",56,55,1,41,37,14,18,2022,3
"Sydney-Gold Coast","Sydney","Gold Coast","Jetstar","Mar-22",193,187,6,130,127,57,60,2022,3
"Sydney-Hamilton Island","Sydney","Hamilton Island","Jetstar","Mar-22",24,24,0,19,19,5,5,2022,3
"Sydney-Hobart","Sydney","Hobart","Jetstar","Mar-22",62,62,0,51,56,11,6,2022,3
"Sydney-Launceston","Sydney","Launceston","Jetstar","Mar-22",39,39,0,26,27,13,12,2022,3
"Sydney-Melbourne","Sydney","Melbourne","Jetstar","Mar-22",272,263,9,177,216,86,47,2022,3
"Sydney-Perth","Sydney","Perth","Jetstar","Mar-22",30,29,1,7,25,22,4,2022,3
"Sydney-Sunshine Coast","Sydney","Sunshine Coast","Jetstar","Mar-22",58,57,1,44,40,13,17,2022,3
"Townsville-Brisbane","Townsville","Brisbane","Jetstar","Mar-22",41,39,2,23,25,16,14,2022,3
"Adelaide-Brisbane","Adelaide","Brisbane","Qantas","Mar-22",88,88,0,81,80,7,8,2022,3
"Adelaide-Melbourne","Adelaide","Melbourne","Qantas","Mar-22",204,201,3,189,188,12,13,2022,3
"Adelaide-Perth","Adelaide","Perth","Qantas","Mar-22",49,49,0,38,43,11,6,2022,3
"Adelaide-Sydney","Adelaide","Sydney","Qantas","Mar-22",205,204,1,178,166,26,38,2022,3
"Brisbane-Adelaide","Brisbane","Adelaide","Qantas","Mar-22",88,88,0,71,81,17,7,2022,3
"Brisbane-Cairns","Brisbane","Cairns","Qantas","Mar-22",90,90,0,74,68,16,22,2022,3
"Brisbane-Canberra","Brisbane","Canberra","Qantas","Mar-22",13,13,0,10,11,3,2,2022,3
"Brisbane-Darwin","Brisbane","Darwin","Qantas","Mar-22",39,35,4,29,31,6,4,2022,3
"Brisbane-Hamilton Island","Brisbane","Hamilton Island","Qantas","Mar-22",27,27,0,26,26,1,1,2022,3
"Brisbane-Mackay","Brisbane","Mackay","Qantas","Mar-22",88,88,0,80,79,8,9,2022,3
"Brisbane-Melbourne","Brisbane","Melbourne","Qantas","Mar-22",338,330,8,283,303,47,27,2022,3
"Brisbane-Mount Isa","Brisbane","Mount Isa","Qantas","Mar-22",36,36,0,33,35,3,1,2022,3
"Brisbane-Perth","Brisbane","Perth","Qantas","Mar-22",64,64,0,52,60,12,4,2022,3
"Brisbane-Sydney","Brisbane","Sydney","Qantas","Mar-22",502,492,10,429,430,63,62,2022,3
"Brisbane-Townsville","Brisbane","Townsville","Qantas","Mar-22",99,99,0,82,78,17,21,2022,3
"Broome-Perth","Broome","Perth","Qantas","Mar-22",58,52,6,49,51,3,1,2022,3
"Cairns-Brisbane","Cairns","Brisbane","Qantas","Mar-22",91,91,0,78,85,13,6,2022,3
"Cairns-Melbourne","Cairns","Melbourne","Qantas","Mar-22",37,36,1,32,31,4,5,2022,3
"Cairns-Sydney","Cairns","Sydney","Qantas","Mar-22",44,44,0,34,36,10,8,2022,3
"Canberra-Brisbane","Canberra","Brisbane","Qantas","Mar-22",13,13,0,10,11,3,2,2022,3
"Canberra-Melbourne","Canberra","Melbourne","Qantas","Mar-22",16,16,0,14,14,2,2,2022,3
"Darwin-Brisbane","Darwin","Brisbane","Qantas","Mar-22",39,35,4,27,26,8,9,2022,3
"Gold Coast-Melbourne","Gold Coast","Melbourne","Qantas","Mar-22",68,68,0,56,57,12,11,2022,3
"Gold Coast-Sydney","Gold Coast","Sydney","Qantas","Mar-22",110,110,0,76,76,34,34,2022,3
"Hamilton Island-Brisbane","Hamilton Island","Brisbane","Qantas","Mar-22",27,27,0,22,25,5,2,2022,3
"Hamilton Island-Sydney","Hamilton Island","Sydney","Qantas","Mar-22",27,27,0,22,23,5,4,2022,3
"Hobart-Sydney","Hobart","Sydney","Qantas","Mar-22",22,22,0,21,19,1,3,2022,3
"Kalgoorlie-Perth","Kalgoorlie","Perth","Qantas","Mar-22",32,31,1,28,29,3,2,2022,3
"Karratha-Perth","Karratha","Perth","Qantas","Mar-22",93,90,3,86,85,4,5,2022,3
"Mackay-Brisbane","Mackay","Brisbane","Qantas","Mar-22",87,84,3,75,74,9,10,2022,3
"Melbourne-Adelaide","Melbourne","Adelaide","Qantas","Mar-22",204,202,2,187,191,15,11,2022,3
"Melbourne-Brisbane","Melbourne","Brisbane","Qantas","Mar-22",340,334,6,296,260,38,74,2022,3
"Melbourne-Cairns","Melbourne","Cairns","Qantas","Mar-22",37,36,1,28,28,8,8,2022,3
"Melbourne-Canberra","Melbourne","Canberra","Qantas","Mar-22",16,16,0,14,14,2,2,2022,3
"Melbourne-Gold Coast","Melbourne","Gold Coast","Qantas","Mar-22",68,68,0,64,60,4,8,2022,3
"Melbourne-Perth","Melbourne","Perth","Qantas","Mar-22",83,81,2,47,63,34,18,2022,3
"Melbourne-Sunshine Coast","Melbourne","Sunshine Coast","Qantas","Mar-22",38,37,1,35,35,2,2,2022,3
"Melbourne-Sydney","Melbourne","Sydney","Qantas","Mar-22",811,779,32,695,644,84,135,2022,3
"Mount Isa-Brisbane","Mount Isa","Brisbane","Qantas","Mar-22",37,36,1,33,33,3,3,2022,3
"Newman-Perth","Newman","Perth","Qantas","Mar-22",19,17,2,15,14,2,3,2022,3
"Perth-Adelaide","Perth","Adelaide","Qantas","Mar-22",49,49,0,42,43,7,6,2022,3
"Perth-Brisbane","Perth","Brisbane","Qantas","Mar-22",65,65,0,63,55,2,10,2022,3
"Perth-Broome","Perth","Broome","Qantas","Mar-22",58,53,5,50,51,3,2,2022,3
"Perth-Kalgoorlie","Perth","Kalgoorlie","Qantas","Mar-22",32,31,1,30,31,1,0,2022,3
"Perth-Karratha","Perth","Karratha","Qantas","Mar-22",93,92,1,87,87,5,5,2022,3
"Perth-Melbourne","Perth","Melbourne","Qantas","Mar-22",85,82,3,67,54,15,28,2022,3
"Perth-Newman","Perth","Newman","Qantas","Mar-22",19,17,2,16,15,1,2,2022,3
"Perth-Port Hedland","Perth","Port Hedland","Qantas","Mar-22",46,46,0,44,45,2,1,2022,3
"Perth-Sydney","Perth","Sydney","Qantas","Mar-22",95,92,3,75,68,17,24,2022,3
"Port Hedland-Perth","Port Hedland","Perth","Qantas","Mar-22",46,46,0,40,42,6,4,2022,3
"Sunshine Coast-Melbourne","Sunshine Coast","Melbourne","Qantas","Mar-22",38,37,1,30,32,7,5,2022,3
"Sunshine Coast-Sydney","Sunshine Coast","Sydney","Qantas","Mar-22",49,49,0,40,42,9,7,2022,3
"Sydney-Adelaide","Sydney","Adelaide","Qantas","Mar-22",206,205,1,165,174,40,31,2022,3
"Sydney-Brisbane","Sydney","Brisbane","Qantas","Mar-22",503,490,13,391,380,99,110,2022,3
"Sydney-Cairns","Sydney","Cairns","Qantas","Mar-22",44,44,0,31,28,13,16,2022,3
"Sydney-Gold Coast","Sydney","Gold Coast","Qantas","Mar-22",111,111,0,85,78,26,33,2022,3
"Sydney-Hamilton Island","Sydney","Hamilton Island","Qantas","Mar-22",27,27,0,22,23,5,4,2022,3
"Sydney-Hobart","Sydney","Hobart","Qantas","Mar-22",22,22,0,21,21,1,1,2022,3
"Sydney-Melbourne","Sydney","Melbourne","Qantas","Mar-22",793,759,34,654,702,105,57,2022,3
"Sydney-Perth","Sydney","Perth","Qantas","Mar-22",95,92,3,47,62,45,30,2022,3
"Sydney-Sunshine Coast","Sydney","Sunshine Coast","Qantas","Mar-22",50,50,0,44,41,6,9,2022,3
"Townsville-Brisbane","Townsville","Brisbane","Qantas","Mar-22",99,99,0,84,89,15,10,2022,3
"Adelaide-Alice Springs","Adelaide","Alice Springs","QantasLink","Mar-22",34,34,0,30,29,4,5,2022,3
"Adelaide-Canberra","Adelaide","Canberra","QantasLink","Mar-22",59,59,0,48,46,11,13,2022,3
"Adelaide-Gold Coast","Adelaide","Gold Coast","QantasLink","Mar-22",8,8,0,7,7,1,1,2022,3
"Adelaide-Port Lincoln","Adelaide","Port Lincoln","QantasLink","Mar-22",131,125,6,115,115,10,10,2022,3
"Albury-Sydney","Albury","Sydney","QantasLink","Mar-22",89,89,0,73,74,16,15,2022,3
"Alice Springs-Adelaide","Alice Springs","Adelaide","QantasLink","Mar-22",34,34,0,24,22,10,12,2022,3
"Armidale-Sydney","Armidale","Sydney","QantasLink","Mar-22",85,77,8,42,39,35,38,2022,3
"Ballina-Sydney","Ballina","Sydney","QantasLink","Mar-22",86,61,25,48,45,13,16,2022,3
"Brisbane-Cairns","Brisbane","Cairns","QantasLink","Mar-22",37,36,1,24,28,12,8,2022,3
"Brisbane-Canberra","Brisbane","Canberra","QantasLink","Mar-22",130,124,6,95,96,29,28,2022,3
"Brisbane-Emerald","Brisbane","Emerald","QantasLink","Mar-22",102,97,5,85,87,12,10,2022,3
"Brisbane-Gladstone","Brisbane","Gladstone","QantasLink","Mar-22",116,115,1,98,95,17,20,2022,3
"Brisbane-Hobart","Brisbane","Hobart","QantasLink","Mar-22",17,17,0,15,15,2,2,2022,3
"Brisbane-Mackay","Brisbane","Mackay","QantasLink","Mar-22",28,25,3,17,17,8,8,2022,3
"Brisbane-Mount Isa","Brisbane","Mount Isa","QantasLink","Mar-22",18,17,1,13,13,4,4,2022,3
"Brisbane-Newcastle","Brisbane","Newcastle","QantasLink","Mar-22",86,83,3,66,64,17,19,2022,3
"Brisbane-Proserpine","Brisbane","Proserpine","QantasLink","Mar-22",23,21,2,18,16,3,5,2022,3
"Brisbane-Rockhampton","Brisbane","Rockhampton","QantasLink","Mar-22",141,134,7,112,114,22,20,2022,3
"Brisbane-Townsville","Brisbane","Townsville","QantasLink","Mar-22",21,20,1,14,13,6,7,2022,3
"Broome-Perth","Broome","Perth","QantasLink","Mar-22",20,18,2,15,16,3,2,2022,3
"Cairns-Brisbane","Cairns","Brisbane","QantasLink","Mar-22",37,36,1,25,23,11,13,2022,3
"Cairns-Townsville","Cairns","Townsville","QantasLink","Mar-22",118,118,0,102,105,16,13,2022,3
"Canberra-Adelaide","Canberra","Adelaide","QantasLink","Mar-22",59,58,1,48,49,10,9,2022,3
"Canberra-Brisbane","Canberra","Brisbane","QantasLink","Mar-22",129,124,5,92,86,32,38,2022,3
"Canberra-Melbourne","Canberra","Melbourne","QantasLink","Mar-22",192,180,12,124,124,56,56,2022,3
"Canberra-Sydney","Canberra","Sydney","QantasLink","Mar-22",364,335,29,280,256,55,79,2022,3
"Coffs Harbour-Sydney","Coffs Harbour","Sydney","QantasLink","Mar-22",103,93,10,67,69,26,24,2022,3
"Dubbo-Sydney","Dubbo","Sydney","QantasLink","Mar-22",93,91,2,76,75,15,16,2022,3
"Emerald-Brisbane","Emerald","Brisbane","QantasLink","Mar-22",102,97,5,80,83,17,14,2022,3
"Gladstone-Brisbane","Gladstone","Brisbane","QantasLink","Mar-22",116,113,3,92,95,21,18,2022,3
"Gold Coast-Adelaide","Gold Coast","Adelaide","QantasLink","Mar-22",8,7,1,3,4,4,3,2022,3
"Gold Coast-Melbourne","Gold Coast","Melbourne","QantasLink","Mar-22",8,6,2,3,4,3,2,2022,3
"Gold Coast-Sydney","Gold Coast","Sydney","QantasLink","Mar-22",6,5,1,3,4,2,1,2022,3
"Hobart-Brisbane","Hobart","Brisbane","QantasLink","Mar-22",17,17,0,12,11,5,6,2022,3
"Hobart-Melbourne","Hobart","Melbourne","QantasLink","Mar-22",108,106,2,74,78,32,28,2022,3
"Hobart-Sydney","Hobart","Sydney","QantasLink","Mar-22",60,59,1,41,28,18,31,2022,3
"Kalgoorlie-Perth","Kalgoorlie","Perth","QantasLink","Mar-22",46,40,6,30,33,10,7,2022,3
"Karratha-Perth","Karratha","Perth","QantasLink","Mar-22",60,58,2,48,50,10,8,2022,3
"Launceston-Melbourne","Launceston","Melbourne","QantasLink","Mar-22",98,89,9,52,59,37,30,2022,3
"Launceston-Sydney","Launceston","Sydney","QantasLink","Mar-22",13,13,0,9,12,4,1,2022,3
"Mackay-Brisbane","Mackay","Brisbane","QantasLink","Mar-22",34,30,4,23,24,7,6,2022,3
"Melbourne-Canberra","Melbourne","Canberra","QantasLink","Mar-22",192,180,12,119,119,61,61,2022,3
"Melbourne-Gold Coast","Melbourne","Gold Coast","QantasLink","Mar-22",8,6,2,4,3,2,3,2022,3
"Melbourne-Hobart","Melbourne","Hobart","QantasLink","Mar-22",108,106,2,69,76,37,30,2022,3
"Melbourne-Launceston","Melbourne","Launceston","QantasLink","Mar-22",99,91,8,73,61,18,30,2022,3
"Melbourne-Mildura","Melbourne","Mildura","QantasLink","Mar-22",108,108,0,64,80,44,28,2022,3
"Melbourne-Newcastle","Melbourne","Newcastle","QantasLink","Mar-22",37,35,2,26,22,9,13,2022,3
"Melbourne-Sunshine Coast","Melbourne","Sunshine Coast","QantasLink","Mar-22",18,18,0,13,11,5,7,2022,3
"Mildura-Melbourne","Mildura","Melbourne","QantasLink","Mar-22",108,108,0,72,62,36,46,2022,3
"Mount Isa-Brisbane","Mount Isa","Brisbane","QantasLink","Mar-22",18,17,1,14,15,3,2,2022,3
"Newcastle-Brisbane","Newcastle","Brisbane","QantasLink","Mar-22",86,83,3,66,65,17,18,2022,3
"Newcastle-Melbourne","Newcastle","Melbourne","QantasLink","Mar-22",36,36,0,30,31,6,5,2022,3
"Newman-Perth","Newman","Perth","QantasLink","Mar-22",107,105,2,86,85,19,20,2022,3
"Perth-Broome","Perth","Broome","QantasLink","Mar-22",20,18,2,16,17,2,1,2022,3
"Perth-Kalgoorlie","Perth","Kalgoorlie","QantasLink","Mar-22",46,41,5,36,36,5,5,2022,3
"Perth-Karratha","Perth","Karratha","QantasLink","Mar-22",60,59,1,46,46,13,13,2022,3
"Perth-Newman","Perth","Newman","QantasLink","Mar-22",107,105,2,97,98,8,7,2022,3
"Perth-Port Hedland","Perth","Port Hedland","QantasLink","Mar-22",91,90,1,70,66,20,24,2022,3
"Port Hedland-Perth","Port Hedland","Perth","QantasLink","Mar-22",90,89,1,62,63,27,26,2022,3
"Port Lincoln-Adelaide","Port Lincoln","Adelaide","QantasLink","Mar-22",131,124,7,114,114,10,10,2022,3
"Port Macquarie-Sydney","Port Macquarie","Sydney","QantasLink","Mar-22",90,86,4,63,63,23,23,2022,3
"Proserpine-Brisbane","Proserpine","Brisbane","QantasLink","Mar-22",23,21,2,13,14,8,7,2022,3
"Rockhampton-Brisbane","Rockhampton","Brisbane","QantasLink","Mar-22",141,134,7,112,113,22,21,2022,3
"Sunshine Coast-Melbourne","Sunshine Coast","Melbourne","QantasLink","Mar-22",18,18,0,9,14,9,4,2022,3
"Sydney-Albury","Sydney","Albury","QantasLink","Mar-22",89,89,0,62,74,27,15,2022,3
"Sydney-Armidale","Sydney","Armidale","QantasLink","Mar-22",81,78,3,40,41,38,37,2022,3
"Sydney-Ballina","Sydney","Ballina","QantasLink","Mar-22",86,62,24,47,47,15,15,2022,3
"Sydney-Canberra","Sydney","Canberra","QantasLink","Mar-22",362,331,31,242,257,89,74,2022,3
"Sydney-Coffs Harbour","Sydney","Coffs Harbour","QantasLink","Mar-22",107,97,10,71,68,26,29,2022,3
"Sydney-Dubbo","Sydney","Dubbo","QantasLink","Mar-22",93,92,1,62,68,30,24,2022,3
"Sydney-Gold Coast","Sydney","Gold Coast","QantasLink","Mar-22",6,5,1,5,5,0,0,2022,3
"Sydney-Hobart","Sydney","Hobart","QantasLink","Mar-22",61,60,1,38,39,22,21,2022,3
"Sydney-Launceston","Sydney","Launceston","QantasLink","Mar-22",13,13,0,9,12,4,1,2022,3
"Sydney-Port Macquarie","Sydney","Port Macquarie","QantasLink","Mar-22",91,88,3,56,64,32,24,2022,3
"Sydney-Wagga Wagga","Sydney","Wagga Wagga","QantasLink","Mar-22",82,82,0,63,69,19,13,2022,3
"Townsville-Brisbane","Townsville","Brisbane","QantasLink","Mar-22",21,19,2,10,10,9,9,2022,3
"Townsville-Cairns","Townsville","Cairns","QantasLink","Mar-22",118,117,1,109,109,8,8,2022,3
"Wagga Wagga-Sydney","Wagga Wagga","Sydney","QantasLink","Mar-22",82,81,1,73,71,8,10,2022,3
"Adelaide-Melbourne","Adelaide","Melbourne","Rex Airlines","Mar-22",48,47,1,43,43,4,4,2022,3
"Adelaide-Port Lincoln","Adelaide","Port Lincoln","Rex Airlines","Mar-22",173,173,0,157,151,16,22,2022,3
"Albury-Sydney","Albury","Sydney","Rex Airlines","Mar-22",89,89,0,84,78,5,11,2022,3
"Armidale-Sydney","Armidale","Sydney","Rex Airlines","Mar-22",58,57,1,33,24,24,33,2022,3
"Ballina-Sydney","Ballina","Sydney","Rex Airlines","Mar-22",28,20,8,15,14,5,6,2022,3
"Brisbane-Melbourne","Brisbane","Melbourne","Rex Airlines","Mar-22",43,39,4,32,33,7,6,2022,3
"Brisbane-Sydney","Brisbane","Sydney","Rex Airlines","Mar-22",60,55,5,52,52,3,3,2022,3
"Cairns-Townsville","Cairns","Townsville","Rex Airlines","Mar-22",13,13,0,12,12,1,1,2022,3
"Canberra-Melbourne","Canberra","Melbourne","Rex Airlines","Mar-22",31,31,0,23,23,8,8,2022,3
"Canberra-Sydney","Canberra","Sydney","Rex Airlines","Mar-22",77,77,0,70,55,7,22,2022,3
"Coffs Harbour-Sydney","Coffs Harbour","Sydney","Rex Airlines","Mar-22",83,80,3,65,61,15,19,2022,3
"Dubbo-Sydney","Dubbo","Sydney","Rex Airlines","Mar-22",128,126,2,104,93,22,33,2022,3
"Gold Coast-Melbourne","Gold Coast","Melbourne","Rex Airlines","Mar-22",48,42,6,34,35,8,7,2022,3
"Gold Coast-Sydney","Gold Coast","Sydney","Rex Airlines","Mar-22",47,41,6,33,34,8,7,2022,3
"Melbourne-Adelaide","Melbourne","Adelaide","Rex Airlines","Mar-22",48,47,1,34,35,13,12,2022,3
"Melbourne-Brisbane","Melbourne","Brisbane","Rex Airlines","Mar-22",43,39,4,34,34,5,5,2022,3
"Melbourne-Canberra","Melbourne","Canberra","Rex Airlines","Mar-22",31,31,0,25,25,6,6,2022,3
"Melbourne-Gold Coast","Melbourne","Gold Coast","Rex Airlines","Mar-22",48,42,6,38,37,4,5,2022,3
"Melbourne-Mildura","Melbourne","Mildura","Rex Airlines","Mar-22",89,89,0,78,78,11,11,2022,3
"Melbourne-Sydney","Melbourne","Sydney","Rex Airlines","Mar-22",118,113,5,92,89,21,24,2022,3
"Mildura-Melbourne","Mildura","Melbourne","Rex Airlines","Mar-22",89,89,0,76,72,13,17,2022,3
"Port Lincoln-Adelaide","Port Lincoln","Adelaide","Rex Airlines","Mar-22",172,172,0,143,145,29,27,2022,3
"Port Macquarie-Sydney","Port Macquarie","Sydney","Rex Airlines","Mar-22",82,82,0,68,51,14,31,2022,3
"Sydney-Albury","Sydney","Albury","Rex Airlines","Mar-22",88,88,0,80,82,8,6,2022,3
"Sydney-Armidale","Sydney","Armidale","Rex Airlines","Mar-22",58,57,1,38,35,19,22,2022,3
"Sydney-Ballina","Sydney","Ballina","Rex Airlines","Mar-22",27,20,7,17,17,3,3,2022,3
"Sydney-Brisbane","Sydney","Brisbane","Rex Airlines","Mar-22",61,56,5,50,50,6,6,2022,3
"Sydney-Canberra","Sydney","Canberra","Rex Airlines","Mar-22",78,78,0,62,52,16,26,2022,3
"Sydney-Coffs Harbour","Sydney","Coffs Harbour","Rex Airlines","Mar-22",82,81,1,63,60,18,21,2022,3
"Sydney-Dubbo","Sydney","Dubbo","Rex Airlines","Mar-22",132,132,0,100,109,32,23,2022,3
"Sydney-Gold Coast","Sydney","Gold Coast","Rex Airlines","Mar-22",46,41,5,35,30,6,11,2022,3
"Sydney-Melbourne","Sydney","Melbourne","Rex Airlines","Mar-22",115,114,1,89,90,25,24,2022,3
"Sydney-Port Macquarie","Sydney","Port Macquarie","Rex Airlines","Mar-22",81,81,0,59,54,22,27,2022,3
"Sydney-Wagga Wagga","Sydney","Wagga Wagga","Rex Airlines","Mar-22",76,76,0,42,49,34,27,2022,3
"Townsville-Cairns","Townsville","Cairns","Rex Airlines","Mar-22",14,14,0,13,13,1,1,2022,3
"Wagga Wagga-Sydney","Wagga Wagga","Sydney","Rex Airlines","Mar-22",75,75,0,59,46,16,29,2022,3
"Adelaide-Alice Springs","Adelaide","Alice Springs","Virgin Australia","Mar-22",8,8,0,6,6,2,2,2022,3
"Adelaide-Brisbane","Adelaide","Brisbane","Virgin Australia","Mar-22",83,83,0,77,78,6,5,2022,3
"Adelaide-Canberra","Adelaide","Canberra","Virgin Australia","Mar-22",16,16,0,14,13,2,3,2022,3
"Adelaide-Gold Coast","Adelaide","Gold Coast","Virgin Australia","Mar-22",27,27,0,23,21,4,6,2022,3
"Adelaide-Melbourne","Adelaide","Melbourne","Virgin Australia","Mar-22",214,211,3,147,163,64,48,2022,3
"Adelaide-Perth","Adelaide","Perth","Virgin Australia","Mar-22",6,6,0,6,6,0,0,2022,3
"Adelaide-Sydney","Adelaide","Sydney","Virgin Australia","Mar-22",112,111,1,94,92,17,19,2022,3
"Alice Springs-Adelaide","Alice Springs","Adelaide","Virgin Australia","Mar-22",8,8,0,4,4,4,4,2022,3
"Ballina-Sydney","Ballina","Sydney","Virgin Australia","Mar-22",61,49,12,35,38,14,11,2022,3
"Brisbane-Adelaide","Brisbane","Adelaide","Virgin Australia","Mar-22",82,81,1,68,71,13,10,2022,3
"Brisbane-Cairns","Brisbane","Cairns","Virgin Australia","Mar-22",122,122,0,88,75,34,47,2022,3
"Brisbane-Canberra","Brisbane","Canberra","Virgin Australia","Mar-22",74,74,0,49,56,25,18,2022,3
"Brisbane-Darwin","Brisbane","Darwin","Virgin Australia","Mar-22",32,32,0,28,25,4,7,2022,3
"Brisbane-Emerald","Brisbane","Emerald","Virgin Australia","Mar-22",27,26,1,23,23,3,3,2022,3
"Brisbane-Gladstone","Brisbane","Gladstone","Virgin Australia","Mar-22",40,38,2,31,31,7,7,2022,3
"Brisbane-Hamilton Island","Brisbane","Hamilton Island","Virgin Australia","Mar-22",42,42,0,38,34,4,8,2022,3
"Brisbane-Hobart","Brisbane","Hobart","Virgin Australia","Mar-22",48,47,1,28,40,19,7,2022,3
"Brisbane-Mackay","Brisbane","Mackay","Virgin Australia","Mar-22",107,107,0,74,73,33,34,2022,3
"Brisbane-Melbourne","Brisbane","Melbourne","Virgin Australia","Mar-22",300,294,6,131,162,163,132,2022,3
"Brisbane-Mount Isa","Brisbane","Mount Isa","Virgin Australia","Mar-22",13,13,0,12,10,1,3,2022,3
"Brisbane-Newcastle","Brisbane","Newcastle","Virgin Australia","Mar-22",79,79,0,62,61,17,18,2022,3
"Brisbane-Perth","Brisbane","Perth","Virgin Australia","Mar-22",25,25,0,18,21,7,4,2022,3
"Brisbane-Proserpine","Brisbane","Proserpine","Virgin Australia","Mar-22",36,36,0,28,26,8,10,2022,3
"Brisbane-Rockhampton","Brisbane","Rockhampton","Virgin Australia","Mar-22",83,83,0,64,54,19,29,2022,3
"Brisbane-Sydney","Brisbane","Sydney","Virgin Australia","Mar-22",371,366,5,247,269,119,97,2022,3
"Brisbane-Townsville","Brisbane","Townsville","Virgin Australia","Mar-22",107,107,0,92,89,15,18,2022,3
"Broome-Perth","Broome","Perth","Virgin Australia","Mar-22",15,13,2,7,7,6,6,2022,3
"Cairns-Brisbane","Cairns","Brisbane","Virgin Australia","Mar-22",122,122,0,94,105,28,17,2022,3
"Cairns-Melbourne","Cairns","Melbourne","Virgin Australia","Mar-22",60,60,0,40,43,20,17,2022,3
"Cairns-Sydney","Cairns","Sydney","Virgin Australia","Mar-22",52,52,0,42,48,10,4,2022,3
"Canberra-Adelaide","Canberra","Adelaide","Virgin Australia","Mar-22",16,16,0,12,14,4,2,2022,3
"Canberra-Brisbane","Canberra","Brisbane","Virgin Australia","Mar-22",74,74,0,58,54,16,20,2022,3
"Canberra-Melbourne","Canberra","Melbourne","Virgin Australia","Mar-22",96,96,0,62,72,34,24,2022,3
"Canberra-Sydney","Canberra","Sydney","Virgin Australia","Mar-22",89,89,0,76,68,13,21,2022,3
"Coffs Harbour-Sydney","Coffs Harbour","Sydney","Virgin Australia","Mar-22",19,19,0,13,15,6,4,2022,3
"Darwin-Brisbane","Darwin","Brisbane","Virgin Australia","Mar-22",32,32,0,22,28,10,4,2022,3
"Emerald-Brisbane","Emerald","Brisbane","Virgin Australia","Mar-22",27,26,1,25,25,1,1,2022,3
"Gladstone-Brisbane","Gladstone","Brisbane","Virgin Australia","Mar-22",40,38,2,29,24,9,14,2022,3
"Gold Coast-Adelaide","Gold Coast","Adelaide","Virgin Australia","Mar-22",27,27,0,16,25,11,2,2022,3
"Gold Coast-Melbourne","Gold Coast","Melbourne","Virgin Australia","Mar-22",309,301,8,174,222,127,79,2022,3
"Gold Coast-Sydney","Gold Coast","Sydney","Virgin Australia","Mar-22",279,272,7,185,200,87,72,2022,3
"Hamilton Island-Brisbane","Hamilton Island","Brisbane","Virgin Australia","Mar-22",42,42,0,27,31,15,11,2022,3
"Hamilton Island-Sydney","Hamilton Island","Sydney","Virgin Australia","Mar-22",22,22,0,15,18,7,4,2022,3
"Hobart-Brisbane","Hobart","Brisbane","Virgin Australia","Mar-22",48,46,2,33,27,13,19,2022,3
"Hobart-Melbourne","Hobart","Melbourne","Virgin Australia","Mar-22",107,106,1,68,64,38,42,2022,3
"Hobart-Sydney","Hobart","Sydney","Virgin Australia","Mar-22",67,67,0,55,48,12,19,2022,3
"Kalgoorlie-Perth","Kalgoorlie","Perth","Virgin Australia","Mar-22",36,36,0,26,29,10,7,2022,3
"Karratha-Perth","Karratha","Perth","Virgin Australia","Mar-22",38,38,0,36,35,2,3,2022,3
"Launceston-Melbourne","Launceston","Melbourne","Virgin Australia","Mar-22",77,77,0,52,51,25,26,2022,3
"Launceston-Sydney","Launceston","Sydney","Virgin Australia","Mar-22",27,27,0,21,21,6,6,2022,3
"Mackay-Brisbane","Mackay","Brisbane","Virgin Australia","Mar-22",107,107,0,88,93,19,14,2022,3
"Melbourne-Adelaide","Melbourne","Adelaide","Virgin Australia","Mar-22",215,213,2,144,142,69,71,2022,3
"Melbourne-Brisbane","Melbourne","Brisbane","Virgin Australia","Mar-22",300,294,6,196,168,98,126,2022,3
"Melbourne-Cairns","Melbourne","Cairns","Virgin Australia","Mar-22",60,60,0,45,47,15,13,2022,3
"Melbourne-Canberra","Melbourne","Canberra","Virgin Australia","Mar-22",96,95,1,62,62,33,33,2022,3
"Melbourne-Gold Coast","Melbourne","Gold Coast","Virgin Australia","Mar-22",310,301,9,213,195,88,106,2022,3
"Melbourne-Hobart","Melbourne","Hobart","Virgin Australia","Mar-22",107,106,1,70,75,36,31,2022,3
"Melbourne-Launceston","Melbourne","Launceston","Virgin Australia","Mar-22",77,77,0,47,47,30,30,2022,3
"Melbourne-Newcastle","Melbourne","Newcastle","Virgin Australia","Mar-22",31,31,0,23,22,8,9,2022,3
"Melbourne-Perth","Melbourne","Perth","Virgin Australia","Mar-22",84,84,0,49,70,35,14,2022,3
"Melbourne-Sunshine Coast","Melbourne","Sunshine Coast","Virgin Australia","Mar-22",115,114,1,74,74,40,40,2022,3
"Melbourne-Sydney","Melbourne","Sydney","Virgin Australia","Mar-22",626,619,7,463,438,156,181,2022,3
"Mount Isa-Brisbane","Mount Isa","Brisbane","Virgin Australia","Mar-22",13,13,0,11,9,2,4,2022,3
"Newcastle-Brisbane","Newcastle","Brisbane","Virgin Australia","Mar-22",79,79,0,65,57,14,22,2022,3
"Newcastle-Melbourne","Newcastle","Melbourne","Virgin Australia","Mar-22",31,31,0,22,23,9,8,2022,3
"Newman-Perth","Newman","Perth","Virgin Australia","Mar-22",23,23,0,20,18,3,5,2022,3
"Perth-Adelaide","Perth","Adelaide","Virgin Australia","Mar-22",7,7,0,7,7,0,0,2022,3
"Perth-Brisbane","Perth","Brisbane","Virgin Australia","Mar-22",25,25,0,14,13,11,12,2022,3
"Perth-Broome","Perth","Broome","Virgin Australia","Mar-22",15,13,2,7,7,6,6,2022,3
"Perth-Kalgoorlie","Perth","Kalgoorlie","Virgin Australia","Mar-22",36,36,0,33,32,3,4,2022,3
"Perth-Karratha","Perth","Karratha","Virgin Australia","Mar-22",38,38,0,38,38,0,0,2022,3
"Perth-Melbourne","Perth","Melbourne","Virgin Australia","Mar-22",84,84,0,64,58,20,26,2022,3
"Perth-Newman","Perth","Newman","Virgin Australia","Mar-22",23,23,0,22,22,1,1,2022,3
"Perth-Port Hedland","Perth","Port Hedland","Virgin Australia","Mar-22",19,19,0,19,18,0,1,2022,3
"Perth-Sydney","Perth","Sydney","Virgin Australia","Mar-22",23,23,0,15,16,8,7,2022,3
"Port Hedland-Perth","Port Hedland","Perth","Virgin Australia","Mar-22",19,19,0,15,13,4,6,2022,3
"Proserpine-Brisbane","Proserpine","Brisbane","Virgin Australia","Mar-22",36,36,0,15,21,21,15,2022,3
"Rockhampton-Brisbane","Rockhampton","Brisbane","Virgin Australia","Mar-22",83,83,0,61,63,22,20,2022,3
"Sunshine Coast-Melbourne","Sunshine Coast","Melbourne","Virgin Australia","Mar-22",115,114,1,65,64,49,50,2022,3
"Sunshine Coast-Sydney","Sunshine Coast","Sydney","Virgin Australia","Mar-22",82,82,0,59,49,23,33,2022,3
"Sydney-Adelaide","Sydney","Adelaide","Virgin Australia","Mar-22",112,112,0,92,99,20,13,2022,3
"Sydney-Ballina","Sydney","Ballina","Virgin Australia","Mar-22",61,50,11,41,39,9,11,2022,3
"Sydney-Brisbane","Sydney","Brisbane","Virgin Australia","Mar-22",370,363,7,289,282,74,81,2022,3
"Sydney-Cairns","Sydney","Cairns","Virgin Australia","Mar-22",52,52,0,50,47,2,5,2022,3
"Sydney-Canberra","Sydney","Canberra","Virgin Australia","Mar-22",89,89,0,71,75,18,14,2022,3
"Sydney-Coffs Harbour","Sydney","Coffs Harbour","Virgin Australia","Mar-22",19,19,0,16,16,3,3,2022,3
"Sydney-Gold Coast","Sydney","Gold Coast","Virgin Australia","Mar-22",279,272,7,213,201,59,71,2022,3
"Sydney-Hamilton Island","Sydney","Hamilton Island","Virgin Australia","Mar-22",22,22,0,21,19,1,3,2022,3
"Sydney-Hobart","Sydney","Hobart","Virgin Australia","Mar-22",67,67,0,47,58,20,9,2022,3
"Sydney-Launceston","Sydney","Launceston","Virgin Australia","Mar-22",27,27,0,20,21,7,6,2022,3
"Sydney-Melbourne","Sydney","Melbourne","Virgin Australia","Mar-22",626,618,8,353,449,265,169,2022,3
"Sydney-Perth","Sydney","Perth","Virgin Australia","Mar-22",23,23,0,14,18,9,5,2022,3
"Sydney-Sunshine Coast","Sydney","Sunshine Coast","Virgin Australia","Mar-22",82,82,0,68,64,14,18,2022,3
"Townsville-Brisbane","Townsville","Brisbane","Virgin Australia","Mar-22",107,107,0,88,92,19,15,2022,3
"Adelaide-Perth","Adelaide","Perth","Virgin Australia Regional Airlines","Mar-22",10,10,0,4,5,6,5,2022,3
"Broome-Perth","Broome","Perth","Virgin Australia Regional Airlines","Mar-22",24,24,0,18,22,6,2,2022,3
"Kalgoorlie-Perth","Kalgoorlie","Perth","Virgin Australia Regional Airlines","Mar-22",27,27,0,22,20,5,7,2022,3
"Karratha-Perth","Karratha","Perth","Virgin Australia Regional Airlines","Mar-22",16,16,0,15,14,1,2,2022,3
"Newman-Perth","Newman","Perth","Virgin Australia Regional Airlines","Mar-22",37,37,0,28,28,9,9,2022,3
"Perth-Adelaide","Perth","Adelaide","Virgin Australia Regional Airlines","Mar-22",10,10,0,8,7,2,3,2022,3
"Perth-Broome","Perth","Broome","Virgin Australia Regional Airlines","Mar-22",24,24,0,22,22,2,2,2022,3
"Perth-Kalgoorlie","Perth","Kalgoorlie","Virgin Australia Regional Airlines","Mar-22",27,27,0,25,25,2,2,2022,3
"Perth-Karratha","Perth","Karratha","Virgin Australia Regional Airlines","Mar-22",16,16,0,16,16,0,0,2022,3
"Perth-Newman","Perth","Newman","Virgin Australia Regional Airlines","Mar-22",37,37,0,34,33,3,4,2022,3
"Perth-Port Hedland","Perth","Port Hedland","Virgin Australia Regional Airlines","Mar-22",35,34,1,32,32,2,2,2022,3
"Port Hedland-Perth","Port Hedland","Perth","Virgin Australia Regional Airlines","Mar-22",35,34,1,30,28,4,6,2022,3
"Adelaide-Alice Springs","Adelaide","Alice Springs","All Airlines","Mar-22",42,42,0,36,35,6,7,2022,3
"Adelaide-Brisbane","Adelaide","Brisbane","All Airlines","Mar-22",194,194,0,176,171,18,23,2022,3
"Adelaide-Canberra","Adelaide","Canberra","All Airlines","Mar-22",75,75,0,62,59,13,16,2022,3
"Adelaide-Gold Coast","Adelaide","Gold Coast","All Airlines","Mar-22",58,58,0,51,49,7,9,2022,3
"Adelaide-Melbourne","Adelaide","Melbourne","All Airlines","Mar-22",542,535,7,425,445,110,90,2022,3
"Adelaide-Perth","Adelaide","Perth","All Airlines","Mar-22",82,82,0,61,71,21,11,2022,3
"Adelaide-Port Lincoln","Adelaide","Port Lincoln","All Airlines","Mar-22",304,298,6,272,266,26,32,2022,3
"Adelaide-Sydney","Adelaide","Sydney","All Airlines","Mar-22",393,389,4,330,313,59,76,2022,3
"Albury-Sydney","Albury","Sydney","All Airlines","Mar-22",178,178,0,157,152,21,26,2022,3
"Alice Springs-Adelaide","Alice Springs","Adelaide","All Airlines","Mar-22",42,42,0,28,26,14,16,2022,3
"Armidale-Sydney","Armidale","Sydney","All Airlines","Mar-22",143,134,9,75,63,59,71,2022,3
"Ballina-Sydney","Ballina","Sydney","All Airlines","Mar-22",245,189,56,132,133,57,56,2022,3
"Brisbane-Adelaide","Brisbane","Adelaide","All Airlines","Mar-22",193,192,1,145,161,47,31,2022,3
"Brisbane-Cairns","Brisbane","Cairns","All Airlines","Mar-22",312,307,5,217,204,90,103,2022,3
"Brisbane-Canberra","Brisbane","Canberra","All Airlines","Mar-22",235,229,6,165,178,64,51,2022,3
"Brisbane-Darwin","Brisbane","Darwin","All Airlines","Mar-22",86,82,4,70,66,12,16,2022,3
"Brisbane-Emerald","Brisbane","Emerald","All Airlines","Mar-22",129,123,6,108,110,15,13,2022,3
"Brisbane-Gladstone","Brisbane","Gladstone","All Airlines","Mar-22",156,153,3,129,126,24,27,2022,3
"Brisbane-Hamilton Island","Brisbane","Hamilton Island","All Airlines","Mar-22",69,69,0,64,60,5,9,2022,3
"Brisbane-Hobart","Brisbane","Hobart","All Airlines","Mar-22",92,91,1,65,79,26,12,2022,3
"Brisbane-Mackay","Brisbane","Mackay","All Airlines","Mar-22",246,243,3,179,182,64,61,2022,3
"Brisbane-Melbourne","Brisbane","Melbourne","All Airlines","Mar-22",809,788,21,525,587,263,201,2022,3
"Brisbane-Mount Isa","Brisbane","Mount Isa","All Airlines","Mar-22",67,66,1,58,58,8,8,2022,3
"Brisbane-Newcastle","Brisbane","Newcastle","All Airlines","Mar-22",199,195,4,156,151,39,44,2022,3
"Brisbane-Perth","Brisbane","Perth","All Airlines","Mar-22",110,108,2,79,96,29,12,2022,3
"Brisbane-Proserpine","Brisbane","Proserpine","All Airlines","Mar-22",88,86,2,59,52,27,34,2022,3
"Brisbane-Rockhampton","Brisbane","Rockhampton","All Airlines","Mar-22",224,217,7,176,168,41,49,2022,3
"Brisbane-Sydney","Brisbane","Sydney","All Airlines","Mar-22",1031,1009,22,791,821,218,188,2022,3
"Brisbane-Townsville","Brisbane","Townsville","All Airlines","Mar-22",268,265,3,220,214,45,51,2022,3
"Broome-Perth","Broome","Perth","All Airlines","Mar-22",117,107,10,89,96,18,11,2022,3
"Cairns-Brisbane","Cairns","Brisbane","All Airlines","Mar-22",313,308,5,241,257,67,51,2022,3
"Cairns-Melbourne","Cairns","Melbourne","All Airlines","Mar-22",146,145,1,101,108,44,37,2022,3
"Cairns-Sydney","Cairns","Sydney","All Airlines","Mar-22",152,151,1,117,126,34,25,2022,3
"Cairns-Townsville","Cairns","Townsville","All Airlines","Mar-22",131,131,0,114,117,17,14,2022,3
"Canberra-Adelaide","Canberra","Adelaide","All Airlines","Mar-22",75,74,1,60,63,14,11,2022,3
"Canberra-Brisbane","Canberra","Brisbane","All Airlines","Mar-22",235,229,6,170,164,59,65,2022,3
"Canberra-Melbourne","Canberra","Melbourne","All Airlines","Mar-22",335,323,12,223,233,100,90,2022,3
"Canberra-Sydney","Canberra","Sydney","All Airlines","Mar-22",530,501,29,426,379,75,122,2022,3
"Coffs Harbour-Sydney","Coffs Harbour","Sydney","All Airlines","Mar-22",205,192,13,145,145,47,47,2022,3
"Darwin-Brisbane","Darwin","Brisbane","All Airlines","Mar-22",85,81,4,55,63,26,18,2022,3
"Dubbo-Sydney","Dubbo","Sydney","All Airlines","Mar-22",221,217,4,180,168,37,49,2022,3
"Emerald-Brisbane","Emerald","Brisbane","All Airlines","Mar-22",129,123,6,105,108,18,15,2022,3
"Gladstone-Brisbane","Gladstone","Brisbane","All Airlines","Mar-22",156,151,5,121,119,30,32,2022,3
"Gold Coast-Adelaide","Gold Coast","Adelaide","All Airlines","Mar-22",58,57,1,35,51,22,6,2022,3
"Gold Coast-Melbourne","Gold Coast","Melbourne","All Airlines","Mar-22",578,561,17,377,435,184,126,2022,3
"Gold Coast-Sydney","Gold Coast","Sydney","All Airlines","Mar-22",635,613,22,421,449,192,164,2022,3
"Hamilton Island-Brisbane","Hamilton Island","Brisbane","All Airlines","Mar-22",69,69,0,49,56,20,13,2022,3
"Hamilton Island-Sydney","Hamilton Island","Sydney","All Airlines","Mar-22",73,73,0,53,57,20,16,2022,3
"Hobart-Brisbane","Hobart","Brisbane","All Airlines","Mar-22",92,90,2,67,58,23,32,2022,3
"Hobart-Melbourne","Hobart","Melbourne","All Airlines","Mar-22",330,326,4,209,210,117,116,2022,3
"Hobart-Sydney","Hobart","Sydney","All Airlines","Mar-22",212,209,3,168,137,41,72,2022,3
"Kalgoorlie-Perth","Kalgoorlie","Perth","All Airlines","Mar-22",141,134,7,106,111,28,23,2022,3
"Karratha-Perth","Karratha","Perth","All Airlines","Mar-22",207,202,5,185,184,17,18,2022,3
"Launceston-Melbourne","Launceston","Melbourne","All Airlines","Mar-22",250,239,11,143,154,96,85,2022,3
"Launceston-Sydney","Launceston","Sydney","All Airlines","Mar-22",80,80,0,49,54,31,26,2022,3
"Mackay-Brisbane","Mackay","Brisbane","All Airlines","Mar-22",251,244,7,196,201,48,43,2022,3
"Melbourne-Adelaide","Melbourne","Adelaide","All Airlines","Mar-22",544,539,5,406,417,133,122,2022,3
"Melbourne-Brisbane","Melbourne","Brisbane","All Airlines","Mar-22",810,791,19,614,541,177,250,2022,3
"Melbourne-Cairns","Melbourne","Cairns","All Airlines","Mar-22",146,145,1,95,96,50,49,2022,3
"Melbourne-Canberra","Melbourne","Canberra","All Airlines","Mar-22",335,322,13,220,220,102,102,2022,3
"Melbourne-Gold Coast","Melbourne","Gold Coast","All Airlines","Mar-22",579,561,18,419,390,142,171,2022,3
"Melbourne-Hobart","Melbourne","Hobart","All Airlines","Mar-22",328,325,3,219,234,106,91,2022,3
"Melbourne-Launceston","Melbourne","Launceston","All Airlines","Mar-22",250,241,9,170,159,71,82,2022,3
"Melbourne-Mildura","Melbourne","Mildura","All Airlines","Mar-22",197,197,0,142,158,55,39,2022,3
"Melbourne-Newcastle","Melbourne","Newcastle","All Airlines","Mar-22",119,117,2,84,75,33,42,2022,3
"Melbourne-Perth","Melbourne","Perth","All Airlines","Mar-22",201,198,3,119,159,79,39,2022,3
"Melbourne-Sunshine Coast","Melbourne","Sunshine Coast","All Airlines","Mar-22",239,237,2,172,155,65,82,2022,3
"Melbourne-Sydney","Melbourne","Sydney","All Airlines","Mar-22",1826,1775,51,1442,1354,333,421,2022,3
"Mildura-Melbourne","Mildura","Melbourne","All Airlines","Mar-22",197,197,0,148,134,49,63,2022,3
"Mount Isa-Brisbane","Mount Isa","Brisbane","All Airlines","Mar-22",68,66,2,58,57,8,9,2022,3
"Newcastle-Brisbane","Newcastle","Brisbane","All Airlines","Mar-22",199,195,4,158,141,37,54,2022,3
"Newcastle-Melbourne","Newcastle","Melbourne","All Airlines","Mar-22",119,118,1,77,83,41,35,2022,3
"Newman-Perth","Newman","Perth","All Airlines","Mar-22",186,182,4,149,145,33,37,2022,3
"Perth-Adelaide","Perth","Adelaide","All Airlines","Mar-22",83,83,0,71,72,12,11,2022,3
"Perth-Brisbane","Perth","Brisbane","All Airlines","Mar-22",111,109,2,84,73,25,36,2022,3
"Perth-Broome","Perth","Broome","All Airlines","Mar-22",117,108,9,95,97,13,11,2022,3
"Perth-Kalgoorlie","Perth","Kalgoorlie","All Airlines","Mar-22",141,135,6,124,124,11,11,2022,3
"Perth-Karratha","Perth","Karratha","All Airlines","Mar-22",207,205,2,187,187,18,18,2022,3
"Perth-Melbourne","Perth","Melbourne","All Airlines","Mar-22",203,199,4,144,120,55,79,2022,3
"Perth-Newman","Perth","Newman","All Airlines","Mar-22",186,182,4,169,168,13,14,2022,3
"Perth-Port Hedland","Perth","Port Hedland","All Airlines","Mar-22",191,189,2,165,161,24,28,2022,3
"Perth-Sydney","Perth","Sydney","All Airlines","Mar-22",148,144,4,99,102,45,42,2022,3
"Port Hedland-Perth","Port Hedland","Perth","All Airlines","Mar-22",190,188,2,147,146,41,42,2022,3
"Port Lincoln-Adelaide","Port Lincoln","Adelaide","All Airlines","Mar-22",303,296,7,257,259,39,37,2022,3
"Port Macquarie-Sydney","Port Macquarie","Sydney","All Airlines","Mar-22",172,168,4,131,114,37,54,2022,3
"Proserpine-Brisbane","Proserpine","Brisbane","All Airlines","Mar-22",88,86,2,37,45,49,41,2022,3
"Rockhampton-Brisbane","Rockhampton","Brisbane","All Airlines","Mar-22",224,217,7,173,176,44,41,2022,3
"Sunshine Coast-Melbourne","Sunshine Coast","Melbourne","All Airlines","Mar-22",238,234,4,143,157,91,77,2022,3
"Sunshine Coast-Sydney","Sunshine Coast","Sydney","All Airlines","Mar-22",189,187,2,134,124,53,63,2022,3
"Sydney-Adelaide","Sydney","Adelaide","All Airlines","Mar-22",394,392,2,290,328,102,64,2022,3
"Sydney-Albury","Sydney","Albury","All Airlines","Mar-22",177,177,0,142,156,35,21,2022,3
"Sydney-Armidale","Sydney","Armidale","All Airlines","Mar-22",139,135,4,78,76,57,59,2022,3
"Sydney-Ballina","Sydney","Ballina","All Airlines","Mar-22",243,190,53,155,149,35,41,2022,3
"Sydney-Brisbane","Sydney","Brisbane","All Airlines","Mar-22",1033,1006,27,791,771,215,235,2022,3
"Sydney-Cairns","Sydney","Cairns","All Airlines","Mar-22",152,151,1,122,112,29,39,2022,3
"Sydney-Canberra","Sydney","Canberra","All Airlines","Mar-22",529,498,31,375,384,123,114,2022,3
"Sydney-Coffs Harbour","Sydney","Coffs Harbour","All Airlines","Mar-22",208,197,11,150,144,47,53,2022,3
"Sydney-Dubbo","Sydney","Dubbo","All Airlines","Mar-22",225,224,1,162,177,62,47,2022,3
"Sydney-Gold Coast","Sydney","Gold Coast","All Airlines","Mar-22",635,616,19,468,441,148,175,2022,3
"Sydney-Hamilton Island","Sydney","Hamilton Island","All Airlines","Mar-22",73,73,0,62,61,11,12,2022,3
"Sydney-Hobart","Sydney","Hobart","All Airlines","Mar-22",212,211,1,157,174,54,37,2022,3
"Sydney-Launceston","Sydney","Launceston","All Airlines","Mar-22",79,79,0,55,60,24,19,2022,3
"Sydney-Melbourne","Sydney","Melbourne","All Airlines","Mar-22",1806,1754,52,1273,1457,481,297,2022,3
"Sydney-Perth","Sydney","Perth","All Airlines","Mar-22",148,144,4,68,105,76,39,2022,3
"Sydney-Port Macquarie","Sydney","Port Macquarie","All Airlines","Mar-22",172,169,3,115,118,54,51,2022,3
"Sydney-Sunshine Coast","Sydney","Sunshine Coast","All Airlines","Mar-22",190,189,1,156,145,33,44,2022,3
"Sydney-Wagga Wagga","Sydney","Wagga Wagga","All Airlines","Mar-22",158,158,0,105,118,53,40,2022,3
"Townsville-Brisbane","Townsville","Brisbane","All Airlines","Mar-22",268,264,4,205,216,59,48,2022,3
"Townsville-Cairns","Townsville","Cairns","All Airlines","Mar-22",132,131,1,122,122,9,9,2022,3
"Wagga Wagga-Sydney","Wagga Wagga","Sydney","All Airlines","Mar-22",157,156,1,132,117,24,39,2022,3
"Adelaide-Brisbane","Adelaide","Brisbane","Jetstar","Apr-22",35,33,2,20,23,13,10,2022,4
"Adelaide-Gold Coast","Adelaide","Gold Coast","Jetstar","Apr-22",30,30,0,26,26,4,4,2022,4
"Adelaide-Melbourne","Adelaide","Melbourne","Jetstar","Apr-22",125,117,8,64,67,53,50,2022,4
"Adelaide-Perth","Adelaide","Perth","Jetstar","Apr-22",26,26,0,18,20,8,6,2022,4
"Adelaide-Sydney","Adelaide","Sydney","Jetstar","Apr-22",133,125,8,92,91,33,34,2022,4
"Ballina-Sydney","Ballina","Sydney","Jetstar","Apr-22",99,78,21,44,51,34,27,2022,4
"Brisbane-Adelaide","Brisbane","Adelaide","Jetstar","Apr-22",35,33,2,19,26,14,7,2022,4
"Brisbane-Cairns","Brisbane","Cairns","Jetstar","Apr-22",95,92,3,44,46,48,46,2022,4
"Brisbane-Canberra","Brisbane","Canberra","Jetstar","Apr-22",21,21,0,8,14,13,7,2022,4
"Brisbane-Darwin","Brisbane","Darwin","Jetstar","Apr-22",23,23,0,15,19,8,4,2022,4
"Brisbane-Hobart","Brisbane","Hobart","Jetstar","Apr-22",34,34,0,27,28,7,6,2022,4
"Brisbane-Mackay","Brisbane","Mackay","Jetstar","Apr-22",30,30,0,26,22,4,8,2022,4
"Brisbane-Melbourne","Brisbane","Melbourne","Jetstar","Apr-22",210,192,18,78,101,114,91,2022,4
"Brisbane-Newcastle","Brisbane","Newcastle","Jetstar","Apr-22",62,60,2,41,43,19,17,2022,4
"Brisbane-Perth","Brisbane","Perth","Jetstar","Apr-22",26,26,0,12,18,14,8,2022,4
"Brisbane-Proserpine","Brisbane","Proserpine","Jetstar","Apr-22",42,41,1,23,23,18,18,2022,4
"Brisbane-Sydney","Brisbane","Sydney","Jetstar","Apr-22",176,152,24,66,78,86,74,2022,4
"Brisbane-Townsville","Brisbane","Townsville","Jetstar","Apr-22",56,54,2,38,40,16,14,2022,4
"Cairns-Brisbane","Cairns","Brisbane","Jetstar","Apr-22",95,92,3,56,49,36,43,2022,4
"Cairns-Melbourne","Cairns","Melbourne","Jetstar","Apr-22",120,114,6,78,89,36,25,2022,4
"Cairns-Sydney","Cairns","Sydney","Jetstar","Apr-22",123,120,3,88,97,32,23,2022,4
"Canberra-Brisbane","Canberra","Brisbane","Jetstar","Apr-22",23,22,1,5,8,17,14,2022,4
"Darwin-Brisbane","Darwin","Brisbane","Jetstar","Apr-22",23,23,0,17,15,6,8,2022,4
"Darwin-Melbourne","Darwin","Melbourne","Jetstar","Apr-22",28,25,3,8,10,17,15,2022,4
"Gold Coast-Adelaide","Gold Coast","Adelaide","Jetstar","Apr-22",30,30,0,21,26,9,4,2022,4
"Gold Coast-Melbourne","Gold Coast","Melbourne","Jetstar","Apr-22",239,235,4,134,148,101,87,2022,4
"Gold Coast-Sydney","Gold Coast","Sydney","Jetstar","Apr-22",301,293,8,176,190,117,103,2022,4
"Hamilton Island-Sydney","Hamilton Island","Sydney","Jetstar","Apr-22",30,30,0,14,17,16,13,2022,4
"Hobart-Brisbane","Hobart","Brisbane","Jetstar","Apr-22",34,34,0,24,23,10,11,2022,4
"Hobart-Melbourne","Hobart","Melbourne","Jetstar","Apr-22",182,176,6,69,72,107,104,2022,4
"Hobart-Sydney","Hobart","Sydney","Jetstar","Apr-22",112,109,3,72,65,37,44,2022,4
"Launceston-Melbourne","Launceston","Melbourne","Jetstar","Apr-22",129,120,9,45,48,75,72,2022,4
"Launceston-Sydney","Launceston","Sydney","Jetstar","Apr-22",56,56,0,28,27,28,29,2022,4
"Mackay-Brisbane","Mackay","Brisbane","Jetstar","Apr-22",30,30,0,21,18,9,12,2022,4
"Melbourne-Adelaide","Melbourne","Adelaide","Jetstar","Apr-22",125,117,8,60,72,57,45,2022,4
"Melbourne-Brisbane","Melbourne","Brisbane","Jetstar","Apr-22",212,193,19,82,74,111,119,2022,4
"Melbourne-Cairns","Melbourne","Cairns","Jetstar","Apr-22",120,115,5,41,50,74,65,2022,4
"Melbourne-Darwin","Melbourne","Darwin","Jetstar","Apr-22",27,26,1,15,14,11,12,2022,4
"Melbourne-Gold Coast","Melbourne","Gold Coast","Jetstar","Apr-22",238,235,3,117,111,118,124,2022,4
"Melbourne-Hobart","Melbourne","Hobart","Jetstar","Apr-22",182,176,6,77,94,99,82,2022,4
"Melbourne-Launceston","Melbourne","Launceston","Jetstar","Apr-22",128,120,8,60,64,60,56,2022,4
"Melbourne-Newcastle","Melbourne","Newcastle","Jetstar","Apr-22",94,92,2,44,38,48,54,2022,4
"Melbourne-Perth","Melbourne","Perth","Jetstar","Apr-22",45,45,0,20,30,25,15,2022,4
"Melbourne-Sunshine Coast","Melbourne","Sunshine Coast","Jetstar","Apr-22",85,84,1,42,43,42,41,2022,4
"Melbourne-Sydney","Melbourne","Sydney","Jetstar","Apr-22",450,402,48,198,206,204,196,2022,4
"Newcastle-Brisbane","Newcastle","Brisbane","Jetstar","Apr-22",62,60,2,40,38,20,22,2022,4
"Newcastle-Melbourne","Newcastle","Melbourne","Jetstar","Apr-22",93,91,2,33,43,58,48,2022,4
"Perth-Adelaide","Perth","Adelaide","Jetstar","Apr-22",26,26,0,13,12,13,14,2022,4
"Perth-Brisbane","Perth","Brisbane","Jetstar","Apr-22",26,26,0,6,9,20,17,2022,4
"Perth-Melbourne","Perth","Melbourne","Jetstar","Apr-22",44,44,0,19,20,25,24,2022,4
"Perth-Sydney","Perth","Sydney","Jetstar","Apr-22",35,31,4,12,13,19,18,2022,4
"Proserpine-Brisbane","Proserpine","Brisbane","Jetstar","Apr-22",43,42,1,13,14,29,28,2022,4
"Sunshine Coast-Melbourne","Sunshine Coast","Melbourne","Jetstar","Apr-22",83,82,1,34,36,48,46,2022,4
"Sunshine Coast-Sydney","Sunshine Coast","Sydney","Jetstar","Apr-22",106,102,4,69,67,33,35,2022,4
"Sydney-Adelaide","Sydney","Adelaide","Jetstar","Apr-22",133,125,8,71,90,54,35,2022,4
"Sydney-Ballina","Sydney","Ballina","Jetstar","Apr-22",99,78,21,54,56,24,22,2022,4
"Sydney-Brisbane","Sydney","Brisbane","Jetstar","Apr-22",175,155,20,66,69,89,86,2022,4
"Sydney-Cairns","Sydney","Cairns","Jetstar","Apr-22",123,120,3,70,77,50,43,2022,4
"Sydney-Gold Coast","Sydney","Gold Coast","Jetstar","Apr-22",301,293,8,180,181,113,112,2022,4
"Sydney-Hamilton Island","Sydney","Hamilton Island","Jetstar","Apr-22",30,30,0,24,23,6,7,2022,4
"Sydney-Hobart","Sydney","Hobart","Jetstar","Apr-22",112,109,3,81,92,28,17,2022,4
"Sydney-Launceston","Sydney","Launceston","Jetstar","Apr-22",56,56,0,32,38,24,18,2022,4
"Sydney-Melbourne","Sydney","Melbourne","Jetstar","Apr-22",451,403,48,197,236,206,167,2022,4
"Sydney-Perth","Sydney","Perth","Jetstar","Apr-22",34,32,2,15,19,17,13,2022,4
"Sydney-Sunshine Coast","Sydney","Sunshine Coast","Jetstar","Apr-22",105,101,4,76,74,25,27,2022,4
"Townsville-Brisbane","Townsville","Brisbane","Jetstar","Apr-22",56,54,2,34,32,20,22,2022,4
"Adelaide-Brisbane","Adelaide","Brisbane","Qantas","Apr-22",45,45,0,35,38,10,7,2022,4
"Adelaide-Melbourne","Adelaide","Melbourne","Qantas","Apr-22",238,232,6,154,154,78,78,2022,4
"Adelaide-Perth","Adelaide","Perth","Qantas","Apr-22",93,92,1,60,65,32,27,2022,4
"Adelaide-Sydney","Adelaide","Sydney","Qantas","Apr-22",215,213,2,141,118,72,95,2022,4
"Brisbane-Adelaide","Brisbane","Adelaide","Qantas","Apr-22",46,46,0,42,45,4,1,2022,4
"Brisbane-Cairns","Brisbane","Cairns","Qantas","Apr-22",93,93,0,70,75,23,18,2022,4
"Brisbane-Canberra","Brisbane","Canberra","Qantas","Apr-22",51,51,0,37,43,14,8,2022,4
"Brisbane-Darwin","Brisbane","Darwin","Qantas","Apr-22",50,50,0,33,36,17,14,2022,4
"Brisbane-Hamilton Island","Brisbane","Hamilton Island","Qantas","Apr-22",42,39,3,33,32,6,7,2022,4
"Brisbane-Hobart","Brisbane","Hobart","Qantas","Apr-22",8,8,0,7,6,1,2,2022,4
"Brisbane-Mackay","Brisbane","Mackay","Qantas","Apr-22",103,102,1,79,80,23,22,2022,4
"Brisbane-Melbourne","Brisbane","Melbourne","Qantas","Apr-22",393,374,19,234,247,140,127,2022,4
"Brisbane-Mount Isa","Brisbane","Mount Isa","Qantas","Apr-22",34,34,0,31,33,3,1,2022,4
"Brisbane-Perth","Brisbane","Perth","Qantas","Apr-22",100,100,0,61,76,39,24,2022,4
"Brisbane-Sydney","Brisbane","Sydney","Qantas","Apr-22",505,488,17,325,299,163,189,2022,4
"Brisbane-Townsville","Brisbane","Townsville","Qantas","Apr-22",113,113,0,76,80,37,33,2022,4
"Broome-Perth","Broome","Perth","Qantas","Apr-22",17,13,4,8,10,5,3,2022,4
"Cairns-Brisbane","Cairns","Brisbane","Qantas","Apr-22",92,91,1,80,79,11,12,2022,4
"Cairns-Melbourne","Cairns","Melbourne","Qantas","Apr-22",60,58,2,26,26,32,32,2022,4
"Cairns-Sydney","Cairns","Sydney","Qantas","Apr-22",81,81,0,38,40,43,41,2022,4
"Canberra-Brisbane","Canberra","Brisbane","Qantas","Apr-22",51,51,0,35,41,16,10,2022,4
"Canberra-Melbourne","Canberra","Melbourne","Qantas","Apr-22",6,4,2,1,1,3,3,2022,4
"Darwin-Brisbane","Darwin","Brisbane","Qantas","Apr-22",50,50,0,19,16,31,34,2022,4
"Darwin-Melbourne","Darwin","Melbourne","Qantas","Apr-22",32,32,0,13,10,19,22,2022,4
"Darwin-Perth","Darwin","Perth","Qantas","Apr-22",26,26,0,15,21,11,5,2022,4
"Gold Coast-Melbourne","Gold Coast","Melbourne","Qantas","Apr-22",80,78,2,25,38,53,40,2022,4
"Gold Coast-Sydney","Gold Coast","Sydney","Qantas","Apr-22",97,97,0,49,53,48,44,2022,4
"Hamilton Island-Brisbane","Hamilton Island","Brisbane","Qantas","Apr-22",42,39,3,28,29,11,10,2022,4
"Hamilton Island-Sydney","Hamilton Island","Sydney","Qantas","Apr-22",38,37,1,22,22,15,15,2022,4
"Hobart-Brisbane","Hobart","Brisbane","Qantas","Apr-22",8,8,0,4,5,4,3,2022,4
"Hobart-Melbourne","Hobart","Melbourne","Qantas","Apr-22",5,5,0,2,2,3,3,2022,4
"Hobart-Sydney","Hobart","Sydney","Qantas","Apr-22",26,25,1,13,13,12,12,2022,4
"Kalgoorlie-Perth","Kalgoorlie","Perth","Qantas","Apr-22",25,24,1,16,19,8,5,2022,4
"Karratha-Perth","Karratha","Perth","Qantas","Apr-22",51,47,4,40,44,7,3,2022,4
"Mackay-Brisbane","Mackay","Brisbane","Qantas","Apr-22",104,102,2,77,74,25,28,2022,4
"Melbourne-Adelaide","Melbourne","Adelaide","Qantas","Apr-22",237,232,5,103,119,129,113,2022,4
"Melbourne-Brisbane","Melbourne","Brisbane","Qantas","Apr-22",395,387,8,185,199,202,188,2022,4
"Melbourne-Cairns","Melbourne","Cairns","Qantas","Apr-22",60,59,1,25,28,34,31,2022,4
"Melbourne-Canberra","Melbourne","Canberra","Qantas","Apr-22",6,4,2,1,1,3,3,2022,4
"Melbourne-Darwin","Melbourne","Darwin","Qantas","Apr-22",32,32,0,11,17,21,15,2022,4
"Melbourne-Gold Coast","Melbourne","Gold Coast","Qantas","Apr-22",80,78,2,42,42,36,36,2022,4
"Melbourne-Hobart","Melbourne","Hobart","Qantas","Apr-22",5,5,0,3,3,2,2,2022,4
"Melbourne-Perth","Melbourne","Perth","Qantas","Apr-22",134,133,1,30,40,103,93,2022,4
"Melbourne-Sunshine Coast","Melbourne","Sunshine Coast","Qantas","Apr-22",57,57,0,26,27,31,30,2022,4
"Melbourne-Sydney","Melbourne","Sydney","Qantas","Apr-22",881,740,141,393,348,347,392,2022,4
"Mount Isa-Brisbane","Mount Isa","Brisbane","Qantas","Apr-22",34,33,1,31,31,2,2,2022,4
"Newman-Perth","Newman","Perth","Qantas","Apr-22",34,30,4,28,28,2,2,2022,4
"Perth-Adelaide","Perth","Adelaide","Qantas","Apr-22",94,93,1,61,59,32,34,2022,4
"Perth-Brisbane","Perth","Brisbane","Qantas","Apr-22",100,100,0,79,67,21,33,2022,4
"Perth-Broome","Perth","Broome","Qantas","Apr-22",17,14,3,11,13,3,1,2022,4
"Perth-Darwin","Perth","Darwin","Qantas","Apr-22",26,26,0,19,19,7,7,2022,4
"Perth-Kalgoorlie","Perth","Kalgoorlie","Qantas","Apr-22",25,24,1,22,22,2,2,2022,4
"Perth-Karratha","Perth","Karratha","Qantas","Apr-22",51,49,2,40,40,9,9,2022,4
"Perth-Melbourne","Perth","Melbourne","Qantas","Apr-22",134,132,2,93,64,39,68,2022,4
"Perth-Newman","Perth","Newman","Qantas","Apr-22",34,30,4,27,27,3,3,2022,4
"Perth-Port Hedland","Perth","Port Hedland","Qantas","Apr-22",38,36,2,32,34,4,2,2022,4
"Perth-Sydney","Perth","Sydney","Qantas","Apr-22",153,153,0,97,88,56,65,2022,4
"Port Hedland-Perth","Port Hedland","Perth","Qantas","Apr-22",38,36,2,25,30,11,6,2022,4
"Sunshine Coast-Melbourne","Sunshine Coast","Melbourne","Qantas","Apr-22",57,56,1,24,20,32,36,2022,4
"Sunshine Coast-Sydney","Sunshine Coast","Sydney","Qantas","Apr-22",79,75,4,51,50,24,25,2022,4
"Sydney-Adelaide","Sydney","Adelaide","Qantas","Apr-22",214,212,2,116,119,96,93,2022,4
"Sydney-Brisbane","Sydney","Brisbane","Qantas","Apr-22",506,485,21,220,229,265,256,2022,4
"Sydney-Cairns","Sydney","Cairns","Qantas","Apr-22",81,81,0,39,42,42,39,2022,4
"Sydney-Gold Coast","Sydney","Gold Coast","Qantas","Apr-22",97,97,0,45,45,52,52,2022,4
"Sydney-Hamilton Island","Sydney","Hamilton Island","Qantas","Apr-22",38,37,1,20,22,17,15,2022,4
"Sydney-Hobart","Sydney","Hobart","Qantas","Apr-22",26,26,0,11,15,15,11,2022,4
"Sydney-Melbourne","Sydney","Melbourne","Qantas","Apr-22",861,730,131,378,411,352,319,2022,4
"Sydney-Perth","Sydney","Perth","Qantas","Apr-22",155,155,0,41,64,114,91,2022,4
"Sydney-Sunshine Coast","Sydney","Sunshine Coast","Qantas","Apr-22",79,78,1,42,36,36,42,2022,4
"Townsville-Brisbane","Townsville","Brisbane","Qantas","Apr-22",113,113,0,84,79,29,34,2022,4
"Adelaide-Alice Springs","Adelaide","Alice Springs","QantasLink","Apr-22",45,44,1,32,33,12,11,2022,4
"Adelaide-Brisbane","Adelaide","Brisbane","QantasLink","Apr-22",65,53,12,15,10,38,43,2022,4
"Adelaide-Canberra","Adelaide","Canberra","QantasLink","Apr-22",62,59,3,45,43,14,16,2022,4
"Adelaide-Gold Coast","Adelaide","Gold Coast","QantasLink","Apr-22",14,13,1,10,9,3,4,2022,4
"Adelaide-Port Lincoln","Adelaide","Port Lincoln","QantasLink","Apr-22",136,131,5,103,106,28,25,2022,4
"Albury-Sydney","Albury","Sydney","QantasLink","Apr-22",86,85,1,55,57,30,28,2022,4
"Alice Springs-Adelaide","Alice Springs","Adelaide","QantasLink","Apr-22",45,44,1,21,25,23,19,2022,4
"Armidale-Sydney","Armidale","Sydney","QantasLink","Apr-22",83,80,3,60,61,20,19,2022,4
"Ballina-Sydney","Ballina","Sydney","QantasLink","Apr-22",105,95,10,50,48,45,47,2022,4
"Brisbane-Adelaide","Brisbane","Adelaide","QantasLink","Apr-22",65,53,12,17,20,36,33,2022,4
"Brisbane-Cairns","Brisbane","Cairns","QantasLink","Apr-22",35,29,6,13,12,16,17,2022,4
"Brisbane-Canberra","Brisbane","Canberra","QantasLink","Apr-22",84,77,7,37,41,40,36,2022,4
"Brisbane-Emerald","Brisbane","Emerald","QantasLink","Apr-22",97,94,3,72,81,22,13,2022,4
"Brisbane-Gladstone","Brisbane","Gladstone","QantasLink","Apr-22",118,114,4,66,72,48,42,2022,4
"Brisbane-Hobart","Brisbane","Hobart","QantasLink","Apr-22",25,25,0,18,19,7,6,2022,4
"Brisbane-Mackay","Brisbane","Mackay","QantasLink","Apr-22",10,9,1,6,7,3,2,2022,4
"Brisbane-Mount Isa","Brisbane","Mount Isa","QantasLink","Apr-22",17,16,1,6,9,10,7,2022,4
"Brisbane-Newcastle","Brisbane","Newcastle","QantasLink","Apr-22",126,120,6,61,71,59,49,2022,4
"Brisbane-Proserpine","Brisbane","Proserpine","QantasLink","Apr-22",33,27,6,16,11,11,16,2022,4
"Brisbane-Rockhampton","Brisbane","Rockhampton","QantasLink","Apr-22",133,132,1,93,93,39,39,2022,4
"Brisbane-Townsville","Brisbane","Townsville","QantasLink","Apr-22",2,2,0,0,0,2,2,2022,4
"Broome-Perth","Broome","Perth","QantasLink","Apr-22",75,69,6,48,52,21,17,2022,4
"Cairns-Brisbane","Cairns","Brisbane","QantasLink","Apr-22",36,28,8,11,8,17,20,2022,4
"Cairns-Townsville","Cairns","Townsville","QantasLink","Apr-22",136,131,5,107,106,24,25,2022,4
"Canberra-Adelaide","Canberra","Adelaide","QantasLink","Apr-22",62,59,3,35,37,24,22,2022,4
"Canberra-Brisbane","Canberra","Brisbane","QantasLink","Apr-22",85,77,8,46,42,31,35,2022,4
"Canberra-Melbourne","Canberra","Melbourne","QantasLink","Apr-22",258,250,8,147,135,103,115,2022,4
"Canberra-Sydney","Canberra","Sydney","QantasLink","Apr-22",486,418,68,316,291,102,127,2022,4
"Coffs Harbour-Sydney","Coffs Harbour","Sydney","QantasLink","Apr-22",116,115,1,72,76,43,39,2022,4
"Darwin-Perth","Darwin","Perth","QantasLink","Apr-22",6,6,0,1,0,5,6,2022,4
"Dubbo-Sydney","Dubbo","Sydney","QantasLink","Apr-22",87,85,2,61,62,24,23,2022,4
"Emerald-Brisbane","Emerald","Brisbane","QantasLink","Apr-22",97,94,3,73,68,21,26,2022,4
"Gladstone-Brisbane","Gladstone","Brisbane","QantasLink","Apr-22",120,115,5,83,84,32,31,2022,4
"Gold Coast-Adelaide","Gold Coast","Adelaide","QantasLink","Apr-22",14,13,1,4,6,9,7,2022,4
"Gold Coast-Melbourne","Gold Coast","Melbourne","QantasLink","Apr-22",5,3,2,0,0,3,3,2022,4
"Gold Coast-Sydney","Gold Coast","Sydney","QantasLink","Apr-22",20,20,0,9,9,11,11,2022,4
"Hobart-Brisbane","Hobart","Brisbane","QantasLink","Apr-22",25,25,0,18,18,7,7,2022,4
"Hobart-Melbourne","Hobart","Melbourne","QantasLink","Apr-22",103,102,1,55,57,47,45,2022,4
"Hobart-Sydney","Hobart","Sydney","QantasLink","Apr-22",48,45,3,26,18,19,27,2022,4
"Kalgoorlie-Perth","Kalgoorlie","Perth","QantasLink","Apr-22",47,43,4,25,29,18,14,2022,4
"Karratha-Perth","Karratha","Perth","QantasLink","Apr-22",91,82,9,65,71,17,11,2022,4
"Launceston-Melbourne","Launceston","Melbourne","QantasLink","Apr-22",113,107,6,41,27,66,80,2022,4
"Launceston-Sydney","Launceston","Sydney","QantasLink","Apr-22",32,31,1,15,14,16,17,2022,4
"Mackay-Brisbane","Mackay","Brisbane","QantasLink","Apr-22",14,12,2,8,8,4,4,2022,4
"Melbourne-Canberra","Melbourne","Canberra","QantasLink","Apr-22",259,251,8,127,123,124,128,2022,4
"Melbourne-Gold Coast","Melbourne","Gold Coast","QantasLink","Apr-22",6,3,3,1,1,2,2,2022,4
"Melbourne-Hobart","Melbourne","Hobart","QantasLink","Apr-22",103,102,1,43,52,59,50,2022,4
"Melbourne-Launceston","Melbourne","Launceston","QantasLink","Apr-22",112,107,5,44,37,63,70,2022,4
"Melbourne-Mildura","Melbourne","Mildura","QantasLink","Apr-22",92,91,1,31,31,60,60,2022,4
"Melbourne-Newcastle","Melbourne","Newcastle","QantasLink","Apr-22",48,46,2,19,18,27,28,2022,4
"Melbourne-Sunshine Coast","Melbourne","Sunshine Coast","QantasLink","Apr-22",21,20,1,9,6,11,14,2022,4
"Melbourne-Sydney","Melbourne","Sydney","QantasLink","Apr-22",30,25,5,14,8,11,17,2022,4
"Mildura-Melbourne","Mildura","Melbourne","QantasLink","Apr-22",93,92,1,31,27,61,65,2022,4
"Mount Isa-Brisbane","Mount Isa","Brisbane","QantasLink","Apr-22",17,16,1,9,10,7,6,2022,4
"Newcastle-Brisbane","Newcastle","Brisbane","QantasLink","Apr-22",128,120,8,68,69,52,51,2022,4
"Newcastle-Melbourne","Newcastle","Melbourne","QantasLink","Apr-22",49,46,3,32,29,14,17,2022,4
"Newman-Perth","Newman","Perth","QantasLink","Apr-22",77,68,9,47,52,21,16,2022,4
"Perth-Broome","Perth","Broome","QantasLink","Apr-22",75,70,5,51,57,19,13,2022,4
"Perth-Darwin","Perth","Darwin","QantasLink","Apr-22",6,6,0,3,3,3,3,2022,4
"Perth-Kalgoorlie","Perth","Kalgoorlie","QantasLink","Apr-22",47,43,4,28,28,15,15,2022,4
"Perth-Karratha","Perth","Karratha","QantasLink","Apr-22",94,85,9,70,70,15,15,2022,4
"Perth-Newman","Perth","Newman","QantasLink","Apr-22",78,70,8,52,53,18,17,2022,4
"Perth-Port Hedland","Perth","Port Hedland","QantasLink","Apr-22",81,73,8,55,53,18,20,2022,4
"Port Hedland-Perth","Port Hedland","Perth","QantasLink","Apr-22",82,74,8,47,50,27,24,2022,4
"Port Lincoln-Adelaide","Port Lincoln","Adelaide","QantasLink","Apr-22",137,133,4,113,111,20,22,2022,4
"Port Macquarie-Sydney","Port Macquarie","Sydney","QantasLink","Apr-22",98,96,2,72,71,24,25,2022,4
"Proserpine-Brisbane","Proserpine","Brisbane","QantasLink","Apr-22",32,25,7,9,7,16,18,2022,4
"Rockhampton-Brisbane","Rockhampton","Brisbane","QantasLink","Apr-22",134,132,2,83,76,49,56,2022,4
"Sunshine Coast-Melbourne","Sunshine Coast","Melbourne","QantasLink","Apr-22",21,20,1,8,8,12,12,2022,4
"Sydney-Albury","Sydney","Albury","QantasLink","Apr-22",85,84,1,53,60,31,24,2022,4
"Sydney-Armidale","Sydney","Armidale","QantasLink","Apr-22",81,79,2,44,53,35,26,2022,4
"Sydney-Ballina","Sydney","Ballina","QantasLink","Apr-22",105,97,8,58,40,39,57,2022,4
"Sydney-Canberra","Sydney","Canberra","QantasLink","Apr-22",485,423,62,280,290,143,133,2022,4
"Sydney-Coffs Harbour","Sydney","Coffs Harbour","QantasLink","Apr-22",115,114,1,66,72,48,42,2022,4
"Sydney-Dubbo","Sydney","Dubbo","QantasLink","Apr-22",87,86,1,45,52,41,34,2022,4
"Sydney-Gold Coast","Sydney","Gold Coast","QantasLink","Apr-22",20,20,0,13,13,7,7,2022,4
"Sydney-Hobart","Sydney","Hobart","QantasLink","Apr-22",48,46,2,18,18,28,28,2022,4
"Sydney-Launceston","Sydney","Launceston","QantasLink","Apr-22",32,31,1,12,14,19,17,2022,4
"Sydney-Melbourne","Sydney","Melbourne","QantasLink","Apr-22",31,23,8,10,6,13,17,2022,4
"Sydney-Port Macquarie","Sydney","Port Macquarie","QantasLink","Apr-22",97,96,1,63,69,33,27,2022,4
"Sydney-Wagga Wagga","Sydney","Wagga Wagga","QantasLink","Apr-22",80,80,0,46,51,34,29,2022,4
"Townsville-Brisbane","Townsville","Brisbane","QantasLink","Apr-22",2,2,0,0,0,2,2,2022,4
"Townsville-Cairns","Townsville","Cairns","QantasLink","Apr-22",136,133,3,97,100,36,33,2022,4
"Wagga Wagga-Sydney","Wagga Wagga","Sydney","QantasLink","Apr-22",81,80,1,59,61,21,19,2022,4
"Adelaide-Melbourne","Adelaide","Melbourne","Rex Airlines","Apr-22",54,53,1,45,45,8,8,2022,4
"Adelaide-Port Lincoln","Adelaide","Port Lincoln","Rex Airlines","Apr-22",164,164,0,147,134,17,30,2022,4
"Albury-Sydney","Albury","Sydney","Rex Airlines","Apr-22",102,102,0,82,75,20,27,2022,4
"Armidale-Sydney","Armidale","Sydney","Rex Airlines","Apr-22",76,74,2,45,36,29,38,2022,4
"Ballina-Sydney","Ballina","Sydney","Rex Airlines","Apr-22",22,20,2,13,14,7,6,2022,4
"Brisbane-Melbourne","Brisbane","Melbourne","Rex Airlines","Apr-22",49,47,2,33,36,14,11,2022,4
"Brisbane-Sydney","Brisbane","Sydney","Rex Airlines","Apr-22",76,73,3,65,65,8,8,2022,4
"Cairns-Townsville","Cairns","Townsville","Rex Airlines","Apr-22",20,20,0,19,19,1,1,2022,4
"Canberra-Melbourne","Canberra","Melbourne","Rex Airlines","Apr-22",30,30,0,16,18,14,12,2022,4
"Canberra-Sydney","Canberra","Sydney","Rex Airlines","Apr-22",109,108,1,95,78,13,30,2022,4
"Coffs Harbour-Sydney","Coffs Harbour","Sydney","Rex Airlines","Apr-22",78,78,0,46,40,32,38,2022,4
"Dubbo-Sydney","Dubbo","Sydney","Rex Airlines","Apr-22",105,105,0,72,63,33,42,2022,4
"Gold Coast-Melbourne","Gold Coast","Melbourne","Rex Airlines","Apr-22",60,59,1,43,37,16,22,2022,4
"Gold Coast-Sydney","Gold Coast","Sydney","Rex Airlines","Apr-22",55,50,5,39,40,11,10,2022,4
"Melbourne-Adelaide","Melbourne","Adelaide","Rex Airlines","Apr-22",52,51,1,37,37,14,14,2022,4
"Melbourne-Brisbane","Melbourne","Brisbane","Rex Airlines","Apr-22",49,48,1,34,32,14,16,2022,4
"Melbourne-Canberra","Melbourne","Canberra","Rex Airlines","Apr-22",30,30,0,21,19,9,11,2022,4
"Melbourne-Gold Coast","Melbourne","Gold Coast","Rex Airlines","Apr-22",60,58,2,43,45,15,13,2022,4
"Melbourne-Mildura","Melbourne","Mildura","Rex Airlines","Apr-22",82,82,0,54,55,28,27,2022,4
"Melbourne-Sydney","Melbourne","Sydney","Rex Airlines","Apr-22",112,105,7,78,74,27,31,2022,4
"Mildura-Melbourne","Mildura","Melbourne","Rex Airlines","Apr-22",83,83,0,65,58,18,25,2022,4
"Port Lincoln-Adelaide","Port Lincoln","Adelaide","Rex Airlines","Apr-22",164,163,1,136,134,27,29,2022,4
"Port Macquarie-Sydney","Port Macquarie","Sydney","Rex Airlines","Apr-22",81,81,0,50,33,31,48,2022,4
"Sydney-Albury","Sydney","Albury","Rex Airlines","Apr-22",102,102,0,79,83,23,19,2022,4
"Sydney-Armidale","Sydney","Armidale","Rex Airlines","Apr-22",75,72,3,47,49,25,23,2022,4
"Sydney-Ballina","Sydney","Ballina","Rex Airlines","Apr-22",23,22,1,12,12,10,10,2022,4
"Sydney-Brisbane","Sydney","Brisbane","Rex Airlines","Apr-22",76,73,3,56,51,17,22,2022,4
"Sydney-Canberra","Sydney","Canberra","Rex Airlines","Apr-22",108,107,1,76,65,31,42,2022,4
"Sydney-Coffs Harbour","Sydney","Coffs Harbour","Rex Airlines","Apr-22",77,77,0,42,43,35,34,2022,4
"Sydney-Dubbo","Sydney","Dubbo","Rex Airlines","Apr-22",108,108,0,67,68,41,40,2022,4
"Sydney-Gold Coast","Sydney","Gold Coast","Rex Airlines","Apr-22",55,49,6,40,37,9,12,2022,4
"Sydney-Melbourne","Sydney","Melbourne","Rex Airlines","Apr-22",114,104,10,78,78,26,26,2022,4
"Sydney-Port Macquarie","Sydney","Port Macquarie","Rex Airlines","Apr-22",80,80,0,36,38,44,42,2022,4
"Sydney-Wagga Wagga","Sydney","Wagga Wagga","Rex Airlines","Apr-22",83,83,0,47,54,36,29,2022,4
"Townsville-Cairns","Townsville","Cairns","Rex Airlines","Apr-22",20,20,0,19,20,1,0,2022,4
"Wagga Wagga-Sydney","Wagga Wagga","Sydney","Rex Airlines","Apr-22",83,82,1,72,66,10,16,2022,4
"Adelaide-Alice Springs","Adelaide","Alice Springs","Virgin Australia","Apr-22",9,9,0,7,7,2,2,2022,4
"Adelaide-Brisbane","Adelaide","Brisbane","Virgin Australia","Apr-22",105,105,0,84,85,21,20,2022,4
"Adelaide-Canberra","Adelaide","Canberra","Virgin Australia","Apr-22",16,15,1,11,12,4,3,2022,4
"Adelaide-Gold Coast","Adelaide","Gold Coast","Virgin Australia","Apr-22",33,33,0,23,23,10,10,2022,4
"Adelaide-Melbourne","Adelaide","Melbourne","Virgin Australia","Apr-22",265,263,2,133,136,130,127,2022,4
"Adelaide-Perth","Adelaide","Perth","Virgin Australia","Apr-22",9,9,0,4,6,5,3,2022,4
"Adelaide-Sydney","Adelaide","Sydney","Virgin Australia","Apr-22",112,112,0,63,60,49,52,2022,4
"Alice Springs-Adelaide","Alice Springs","Adelaide","Virgin Australia","Apr-22",9,9,0,2,3,7,6,2022,4
"Ballina-Sydney","Ballina","Sydney","Virgin Australia","Apr-22",73,64,9,42,40,22,24,2022,4
"Brisbane-Adelaide","Brisbane","Adelaide","Virgin Australia","Apr-22",105,105,0,67,93,38,12,2022,4
"Brisbane-Cairns","Brisbane","Cairns","Virgin Australia","Apr-22",142,141,1,86,103,55,38,2022,4
"Brisbane-Canberra","Brisbane","Canberra","Virgin Australia","Apr-22",82,82,0,48,57,34,25,2022,4
"Brisbane-Darwin","Brisbane","Darwin","Virgin Australia","Apr-22",50,49,1,32,44,17,5,2022,4
"Brisbane-Emerald","Brisbane","Emerald","Virgin Australia","Apr-22",25,25,0,21,22,4,3,2022,4
"Brisbane-Gladstone","Brisbane","Gladstone","Virgin Australia","Apr-22",38,32,6,23,21,9,11,2022,4
"Brisbane-Hamilton Island","Brisbane","Hamilton Island","Virgin Australia","Apr-22",54,50,4,42,42,8,8,2022,4
"Brisbane-Hobart","Brisbane","Hobart","Virgin Australia","Apr-22",55,53,2,41,45,12,8,2022,4
"Brisbane-Mackay","Brisbane","Mackay","Virgin Australia","Apr-22",107,107,0,85,90,22,17,2022,4
"Brisbane-Melbourne","Brisbane","Melbourne","Virgin Australia","Apr-22",346,331,15,162,172,169,159,2022,4
"Brisbane-Mount Isa","Brisbane","Mount Isa","Virgin Australia","Apr-22",13,12,1,11,10,1,2,2022,4
"Brisbane-Newcastle","Brisbane","Newcastle","Virgin Australia","Apr-22",75,75,0,62,59,13,16,2022,4
"Brisbane-Perth","Brisbane","Perth","Virgin Australia","Apr-22",57,57,0,36,53,21,4,2022,4
"Brisbane-Proserpine","Brisbane","Proserpine","Virgin Australia","Apr-22",54,54,0,42,45,12,9,2022,4
"Brisbane-Rockhampton","Brisbane","Rockhampton","Virgin Australia","Apr-22",80,80,0,46,40,34,40,2022,4
"Brisbane-Sydney","Brisbane","Sydney","Virgin Australia","Apr-22",454,441,13,283,302,158,139,2022,4
"Brisbane-Townsville","Brisbane","Townsville","Virgin Australia","Apr-22",106,106,0,82,90,24,16,2022,4
"Broome-Perth","Broome","Perth","Virgin Australia","Apr-22",20,19,1,6,14,13,5,2022,4
"Cairns-Brisbane","Cairns","Brisbane","Virgin Australia","Apr-22",142,141,1,112,121,29,20,2022,4
"Cairns-Melbourne","Cairns","Melbourne","Virgin Australia","Apr-22",88,83,5,50,50,33,33,2022,4
"Cairns-Sydney","Cairns","Sydney","Virgin Australia","Apr-22",88,84,4,63,69,21,15,2022,4
"Canberra-Adelaide","Canberra","Adelaide","Virgin Australia","Apr-22",16,15,1,10,10,5,5,2022,4
"Canberra-Brisbane","Canberra","Brisbane","Virgin Australia","Apr-22",82,82,0,57,58,25,24,2022,4
"Canberra-Melbourne","Canberra","Melbourne","Virgin Australia","Apr-22",107,106,1,52,54,54,52,2022,4
"Canberra-Sydney","Canberra","Sydney","Virgin Australia","Apr-22",224,221,3,188,189,33,32,2022,4
"Darwin-Brisbane","Darwin","Brisbane","Virgin Australia","Apr-22",50,47,3,32,35,15,12,2022,4
"Darwin-Melbourne","Darwin","Melbourne","Virgin Australia","Apr-22",24,24,0,11,11,13,13,2022,4
"Darwin-Perth","Darwin","Perth","Virgin Australia","Apr-22",8,8,0,3,3,5,5,2022,4
"Emerald-Brisbane","Emerald","Brisbane","Virgin Australia","Apr-22",25,25,0,22,22,3,3,2022,4
"Gladstone-Brisbane","Gladstone","Brisbane","Virgin Australia","Apr-22",38,32,6,22,18,10,14,2022,4
"Gold Coast-Adelaide","Gold Coast","Adelaide","Virgin Australia","Apr-22",33,33,0,18,21,15,12,2022,4
"Gold Coast-Melbourne","Gold Coast","Melbourne","Virgin Australia","Apr-22",379,367,12,210,239,157,128,2022,4
"Gold Coast-Sydney","Gold Coast","Sydney","Virgin Australia","Apr-22",371,356,15,214,237,142,119,2022,4
"Hamilton Island-Brisbane","Hamilton Island","Brisbane","Virgin Australia","Apr-22",54,50,4,36,39,14,11,2022,4
"Hamilton Island-Sydney","Hamilton Island","Sydney","Virgin Australia","Apr-22",30,30,0,22,21,8,9,2022,4
"Hobart-Brisbane","Hobart","Brisbane","Virgin Australia","Apr-22",55,53,2,37,37,16,16,2022,4
"Hobart-Melbourne","Hobart","Melbourne","Virgin Australia","Apr-22",115,114,1,66,58,48,56,2022,4
"Hobart-Sydney","Hobart","Sydney","Virgin Australia","Apr-22",84,83,1,67,56,16,27,2022,4
"Kalgoorlie-Perth","Kalgoorlie","Perth","Virgin Australia","Apr-22",33,33,0,11,16,22,17,2022,4
"Karratha-Perth","Karratha","Perth","Virgin Australia","Apr-22",24,24,0,18,23,6,1,2022,4
"Launceston-Melbourne","Launceston","Melbourne","Virgin Australia","Apr-22",84,81,3,45,39,36,42,2022,4
"Launceston-Sydney","Launceston","Sydney","Virgin Australia","Apr-22",30,30,0,24,23,6,7,2022,4
"Mackay-Brisbane","Mackay","Brisbane","Virgin Australia","Apr-22",107,107,0,74,80,33,27,2022,4
"Melbourne-Adelaide","Melbourne","Adelaide","Virgin Australia","Apr-22",267,264,3,126,141,138,123,2022,4
"Melbourne-Brisbane","Melbourne","Brisbane","Virgin Australia","Apr-22",349,336,13,177,175,159,161,2022,4
"Melbourne-Cairns","Melbourne","Cairns","Virgin Australia","Apr-22",88,82,6,53,53,29,29,2022,4
"Melbourne-Canberra","Melbourne","Canberra","Virgin Australia","Apr-22",107,106,1,59,59,47,47,2022,4
"Melbourne-Darwin","Melbourne","Darwin","Virgin Australia","Apr-22",23,23,0,18,17,5,6,2022,4
"Melbourne-Gold Coast","Melbourne","Gold Coast","Virgin Australia","Apr-22",379,368,11,209,215,159,153,2022,4
"Melbourne-Hobart","Melbourne","Hobart","Virgin Australia","Apr-22",115,114,1,78,72,36,42,2022,4
"Melbourne-Launceston","Melbourne","Launceston","Virgin Australia","Apr-22",84,81,3,44,40,37,41,2022,4
"Melbourne-Newcastle","Melbourne","Newcastle","Virgin Australia","Apr-22",30,30,0,13,11,17,19,2022,4
"Melbourne-Perth","Melbourne","Perth","Virgin Australia","Apr-22",100,100,0,40,71,60,29,2022,4
"Melbourne-Sunshine Coast","Melbourne","Sunshine Coast","Virgin Australia","Apr-22",138,131,7,66,76,65,55,2022,4
"Melbourne-Sydney","Melbourne","Sydney","Virgin Australia","Apr-22",691,647,44,386,351,261,296,2022,4
"Mount Isa-Brisbane","Mount Isa","Brisbane","Virgin Australia","Apr-22",13,12,1,9,8,3,4,2022,4
"Newcastle-Brisbane","Newcastle","Brisbane","Virgin Australia","Apr-22",76,76,0,65,60,11,16,2022,4
"Newcastle-Melbourne","Newcastle","Melbourne","Virgin Australia","Apr-22",30,30,0,9,4,21,26,2022,4
"Newman-Perth","Newman","Perth","Virgin Australia","Apr-22",19,19,0,17,19,2,0,2022,4
"Perth-Adelaide","Perth","Adelaide","Virgin Australia","Apr-22",8,8,0,4,4,4,4,2022,4
"Perth-Brisbane","Perth","Brisbane","Virgin Australia","Apr-22",59,59,0,26,30,33,29,2022,4
"Perth-Broome","Perth","Broome","Virgin Australia","Apr-22",20,20,0,13,17,7,3,2022,4
"Perth-Darwin","Perth","Darwin","Virgin Australia","Apr-22",8,8,0,3,3,5,5,2022,4
"Perth-Kalgoorlie","Perth","Kalgoorlie","Virgin Australia","Apr-22",33,33,0,24,23,9,10,2022,4
"Perth-Karratha","Perth","Karratha","Virgin Australia","Apr-22",24,24,0,23,21,1,3,2022,4
"Perth-Melbourne","Perth","Melbourne","Virgin Australia","Apr-22",100,100,0,55,53,45,47,2022,4
"Perth-Newman","Perth","Newman","Virgin Australia","Apr-22",19,19,0,17,18,2,1,2022,4
"Perth-Port Hedland","Perth","Port Hedland","Virgin Australia","Apr-22",17,17,0,14,13,3,4,2022,4
"Perth-Sydney","Perth","Sydney","Virgin Australia","Apr-22",78,78,0,46,54,32,24,2022,4
"Port Hedland-Perth","Port Hedland","Perth","Virgin Australia","Apr-22",17,17,0,8,9,9,8,2022,4
"Proserpine-Brisbane","Proserpine","Brisbane","Virgin Australia","Apr-22",54,54,0,31,41,23,13,2022,4
"Rockhampton-Brisbane","Rockhampton","Brisbane","Virgin Australia","Apr-22",80,80,0,43,49,37,31,2022,4
"Sunshine Coast-Melbourne","Sunshine Coast","Melbourne","Virgin Australia","Apr-22",138,129,9,74,69,55,60,2022,4
"Sunshine Coast-Sydney","Sunshine Coast","Sydney","Virgin Australia","Apr-22",110,99,11,64,50,35,49,2022,4
"Sydney-Adelaide","Sydney","Adelaide","Virgin Australia","Apr-22",112,111,1,58,64,53,47,2022,4
"Sydney-Ballina","Sydney","Ballina","Virgin Australia","Apr-22",73,65,8,43,41,22,24,2022,4
"Sydney-Brisbane","Sydney","Brisbane","Virgin Australia","Apr-22",453,439,14,313,319,126,120,2022,4
"Sydney-Cairns","Sydney","Cairns","Virgin Australia","Apr-22",88,84,4,61,70,23,14,2022,4
"Sydney-Canberra","Sydney","Canberra","Virgin Australia","Apr-22",224,221,3,167,188,54,33,2022,4
"Sydney-Gold Coast","Sydney","Gold Coast","Virgin Australia","Apr-22",374,359,15,225,212,134,147,2022,4
"Sydney-Hamilton Island","Sydney","Hamilton Island","Virgin Australia","Apr-22",30,30,0,29,27,1,3,2022,4
"Sydney-Hobart","Sydney","Hobart","Virgin Australia","Apr-22",84,83,1,68,72,15,11,2022,4
"Sydney-Launceston","Sydney","Launceston","Virgin Australia","Apr-22",30,30,0,18,23,12,7,2022,4
"Sydney-Melbourne","Sydney","Melbourne","Virgin Australia","Apr-22",692,651,41,333,363,318,288,2022,4
"Sydney-Perth","Sydney","Perth","Virgin Australia","Apr-22",78,78,0,38,56,40,22,2022,4
"Sydney-Sunshine Coast","Sydney","Sunshine Coast","Virgin Australia","Apr-22",110,99,11,69,72,30,27,2022,4
"Townsville-Brisbane","Townsville","Brisbane","Virgin Australia","Apr-22",106,106,0,83,93,23,13,2022,4
"Adelaide-Perth","Adelaide","Perth","Virgin Australia Regional Airlines","Apr-22",31,31,0,5,16,26,15,2022,4
"Broome-Perth","Broome","Perth","Virgin Australia Regional Airlines","Apr-22",39,38,1,19,30,19,8,2022,4
"Darwin-Perth","Darwin","Perth","Virgin Australia Regional Airlines","Apr-22",9,9,0,4,4,5,5,2022,4
"Kalgoorlie-Perth","Kalgoorlie","Perth","Virgin Australia Regional Airlines","Apr-22",26,25,1,14,17,11,8,2022,4
"Karratha-Perth","Karratha","Perth","Virgin Australia Regional Airlines","Apr-22",27,27,0,19,22,8,5,2022,4
"Newman-Perth","Newman","Perth","Virgin Australia Regional Airlines","Apr-22",35,32,3,21,21,11,11,2022,4
"Perth-Adelaide","Perth","Adelaide","Virgin Australia Regional Airlines","Apr-22",31,31,0,20,14,11,17,2022,4
"Perth-Broome","Perth","Broome","Virgin Australia Regional Airlines","Apr-22",39,38,1,27,27,11,11,2022,4
"Perth-Darwin","Perth","Darwin","Virgin Australia Regional Airlines","Apr-22",9,9,0,5,4,4,5,2022,4
"Perth-Kalgoorlie","Perth","Kalgoorlie","Virgin Australia Regional Airlines","Apr-22",26,25,1,18,17,7,8,2022,4
"Perth-Karratha","Perth","Karratha","Virgin Australia Regional Airlines","Apr-22",27,27,0,21,21,6,6,2022,4
"Perth-Newman","Perth","Newman","Virgin Australia Regional Airlines","Apr-22",35,32,3,28,27,4,5,2022,4
"Perth-Port Hedland","Perth","Port Hedland","Virgin Australia Regional Airlines","Apr-22",35,34,1,29,27,5,7,2022,4
"Port Hedland-Perth","Port Hedland","Perth","Virgin Australia Regional Airlines","Apr-22",34,32,2,19,23,13,9,2022,4
"Adelaide-Alice Springs","Adelaide","Alice Springs","All Airlines","Apr-22",54,53,1,39,40,14,13,2022,4
"Adelaide-Brisbane","Adelaide","Brisbane","All Airlines","Apr-22",250,236,14,154,156,82,80,2022,4
"Adelaide-Canberra","Adelaide","Canberra","All Airlines","Apr-22",78,74,4,56,55,18,19,2022,4
"Adelaide-Gold Coast","Adelaide","Gold Coast","All Airlines","Apr-22",77,76,1,59,58,17,18,2022,4
"Adelaide-Melbourne","Adelaide","Melbourne","All Airlines","Apr-22",682,665,17,396,402,269,263,2022,4
"Adelaide-Perth","Adelaide","Perth","All Airlines","Apr-22",159,158,1,87,107,71,51,2022,4
"Adelaide-Port Lincoln","Adelaide","Port Lincoln","All Airlines","Apr-22",300,295,5,250,240,45,55,2022,4
"Adelaide-Sydney","Adelaide","Sydney","All Airlines","Apr-22",460,450,10,296,269,154,181,2022,4
"Albury-Sydney","Albury","Sydney","All Airlines","Apr-22",188,187,1,137,132,50,55,2022,4
"Alice Springs-Adelaide","Alice Springs","Adelaide","All Airlines","Apr-22",54,53,1,23,28,30,25,2022,4
"Armidale-Sydney","Armidale","Sydney","All Airlines","Apr-22",159,154,5,105,97,49,57,2022,4
"Ballina-Sydney","Ballina","Sydney","All Airlines","Apr-22",299,257,42,149,153,108,104,2022,4
"Brisbane-Adelaide","Brisbane","Adelaide","All Airlines","Apr-22",251,237,14,145,184,92,53,2022,4
"Brisbane-Cairns","Brisbane","Cairns","All Airlines","Apr-22",365,355,10,213,236,142,119,2022,4
"Brisbane-Canberra","Brisbane","Canberra","All Airlines","Apr-22",238,231,7,130,155,101,76,2022,4
"Brisbane-Darwin","Brisbane","Darwin","All Airlines","Apr-22",123,122,1,80,99,42,23,2022,4
"Brisbane-Emerald","Brisbane","Emerald","All Airlines","Apr-22",122,119,3,93,103,26,16,2022,4
"Brisbane-Gladstone","Brisbane","Gladstone","All Airlines","Apr-22",156,146,10,89,93,57,53,2022,4
"Brisbane-Hamilton Island","Brisbane","Hamilton Island","All Airlines","Apr-22",96,89,7,75,74,14,15,2022,4
"Brisbane-Hobart","Brisbane","Hobart","All Airlines","Apr-22",122,120,2,93,98,27,22,2022,4
"Brisbane-Mackay","Brisbane","Mackay","All Airlines","Apr-22",250,248,2,196,199,52,49,2022,4
"Brisbane-Melbourne","Brisbane","Melbourne","All Airlines","Apr-22",998,944,54,507,556,437,388,2022,4
"Brisbane-Mount Isa","Brisbane","Mount Isa","All Airlines","Apr-22",64,62,2,48,52,14,10,2022,4
"Brisbane-Newcastle","Brisbane","Newcastle","All Airlines","Apr-22",263,255,8,164,173,91,82,2022,4
"Brisbane-Perth","Brisbane","Perth","All Airlines","Apr-22",183,183,0,109,147,74,36,2022,4
"Brisbane-Proserpine","Brisbane","Proserpine","All Airlines","Apr-22",129,122,7,81,79,41,43,2022,4
"Brisbane-Rockhampton","Brisbane","Rockhampton","All Airlines","Apr-22",213,212,1,139,133,73,79,2022,4
"Brisbane-Sydney","Brisbane","Sydney","All Airlines","Apr-22",1211,1154,57,739,744,415,410,2022,4
"Brisbane-Townsville","Brisbane","Townsville","All Airlines","Apr-22",277,275,2,196,210,79,65,2022,4
"Broome-Perth","Broome","Perth","All Airlines","Apr-22",151,139,12,81,106,58,33,2022,4
"Cairns-Brisbane","Cairns","Brisbane","All Airlines","Apr-22",365,352,13,259,257,93,95,2022,4
"Cairns-Melbourne","Cairns","Melbourne","All Airlines","Apr-22",268,255,13,154,165,101,90,2022,4
"Cairns-Sydney","Cairns","Sydney","All Airlines","Apr-22",292,285,7,189,206,96,79,2022,4
"Cairns-Townsville","Cairns","Townsville","All Airlines","Apr-22",156,151,5,126,125,25,26,2022,4
"Canberra-Adelaide","Canberra","Adelaide","All Airlines","Apr-22",78,74,4,45,47,29,27,2022,4
"Canberra-Brisbane","Canberra","Brisbane","All Airlines","Apr-22",241,232,9,143,149,89,83,2022,4
"Canberra-Melbourne","Canberra","Melbourne","All Airlines","Apr-22",401,390,11,216,208,174,182,2022,4
"Canberra-Sydney","Canberra","Sydney","All Airlines","Apr-22",819,747,72,599,558,148,189,2022,4
"Coffs Harbour-Sydney","Coffs Harbour","Sydney","All Airlines","Apr-22",194,193,1,118,116,75,77,2022,4
"Darwin-Brisbane","Darwin","Brisbane","All Airlines","Apr-22",123,120,3,68,66,52,54,2022,4
"Darwin-Melbourne","Darwin","Melbourne","All Airlines","Apr-22",84,81,3,32,31,49,50,2022,4
"Darwin-Perth","Darwin","Perth","All Airlines","Apr-22",49,49,0,23,28,26,21,2022,4
"Dubbo-Sydney","Dubbo","Sydney","All Airlines","Apr-22",192,190,2,133,125,57,65,2022,4
"Emerald-Brisbane","Emerald","Brisbane","All Airlines","Apr-22",122,119,3,95,90,24,29,2022,4
"Gladstone-Brisbane","Gladstone","Brisbane","All Airlines","Apr-22",158,147,11,105,102,42,45,2022,4
"Gold Coast-Adelaide","Gold Coast","Adelaide","All Airlines","Apr-22",77,76,1,43,53,33,23,2022,4
"Gold Coast-Melbourne","Gold Coast","Melbourne","All Airlines","Apr-22",763,742,21,412,462,330,280,2022,4
"Gold Coast-Sydney","Gold Coast","Sydney","All Airlines","Apr-22",844,816,28,487,529,329,287,2022,4
"Hamilton Island-Brisbane","Hamilton Island","Brisbane","All Airlines","Apr-22",96,89,7,64,68,25,21,2022,4
"Hamilton Island-Sydney","Hamilton Island","Sydney","All Airlines","Apr-22",98,97,1,58,60,39,37,2022,4
"Hobart-Brisbane","Hobart","Brisbane","All Airlines","Apr-22",122,120,2,83,83,37,37,2022,4
"Hobart-Melbourne","Hobart","Melbourne","All Airlines","Apr-22",405,397,8,192,189,205,208,2022,4
"Hobart-Sydney","Hobart","Sydney","All Airlines","Apr-22",270,262,8,178,152,84,110,2022,4
"Kalgoorlie-Perth","Kalgoorlie","Perth","All Airlines","Apr-22",131,125,6,66,81,59,44,2022,4
"Karratha-Perth","Karratha","Perth","All Airlines","Apr-22",193,180,13,142,160,38,20,2022,4
"Launceston-Melbourne","Launceston","Melbourne","All Airlines","Apr-22",326,308,18,131,114,177,194,2022,4
"Launceston-Sydney","Launceston","Sydney","All Airlines","Apr-22",118,117,1,67,64,50,53,2022,4
"Mackay-Brisbane","Mackay","Brisbane","All Airlines","Apr-22",255,251,4,180,180,71,71,2022,4
"Melbourne-Adelaide","Melbourne","Adelaide","All Airlines","Apr-22",681,664,17,326,369,338,295,2022,4
"Melbourne-Brisbane","Melbourne","Brisbane","All Airlines","Apr-22",1005,964,41,478,480,486,484,2022,4
"Melbourne-Cairns","Melbourne","Cairns","All Airlines","Apr-22",268,256,12,119,131,137,125,2022,4
"Melbourne-Canberra","Melbourne","Canberra","All Airlines","Apr-22",402,391,11,208,202,183,189,2022,4
"Melbourne-Darwin","Melbourne","Darwin","All Airlines","Apr-22",82,81,1,44,48,37,33,2022,4
"Melbourne-Gold Coast","Melbourne","Gold Coast","All Airlines","Apr-22",763,742,21,412,414,330,328,2022,4
"Melbourne-Hobart","Melbourne","Hobart","All Airlines","Apr-22",405,397,8,201,221,196,176,2022,4
"Melbourne-Launceston","Melbourne","Launceston","All Airlines","Apr-22",324,308,16,148,141,160,167,2022,4
"Melbourne-Mildura","Melbourne","Mildura","All Airlines","Apr-22",174,173,1,85,86,88,87,2022,4
"Melbourne-Newcastle","Melbourne","Newcastle","All Airlines","Apr-22",172,168,4,76,67,92,101,2022,4
"Melbourne-Perth","Melbourne","Perth","All Airlines","Apr-22",279,278,1,90,141,188,137,2022,4
"Melbourne-Sunshine Coast","Melbourne","Sunshine Coast","All Airlines","Apr-22",301,292,9,143,152,149,140,2022,4
"Melbourne-Sydney","Melbourne","Sydney","All Airlines","Apr-22",2164,1919,245,1069,987,850,932,2022,4
"Mildura-Melbourne","Mildura","Melbourne","All Airlines","Apr-22",176,175,1,96,85,79,90,2022,4
"Mount Isa-Brisbane","Mount Isa","Brisbane","All Airlines","Apr-22",64,61,3,49,49,12,12,2022,4
"Newcastle-Brisbane","Newcastle","Brisbane","All Airlines","Apr-22",266,256,10,173,167,83,89,2022,4
"Newcastle-Melbourne","Newcastle","Melbourne","All Airlines","Apr-22",172,167,5,74,76,93,91,2022,4
"Newman-Perth","Newman","Perth","All Airlines","Apr-22",165,149,16,113,120,36,29,2022,4
"Perth-Adelaide","Perth","Adelaide","All Airlines","Apr-22",159,158,1,98,89,60,69,2022,4
"Perth-Brisbane","Perth","Brisbane","All Airlines","Apr-22",185,185,0,111,106,74,79,2022,4
"Perth-Broome","Perth","Broome","All Airlines","Apr-22",151,142,9,102,114,40,28,2022,4
"Perth-Darwin","Perth","Darwin","All Airlines","Apr-22",49,49,0,30,29,19,20,2022,4
"Perth-Kalgoorlie","Perth","Kalgoorlie","All Airlines","Apr-22",131,125,6,92,90,33,35,2022,4
"Perth-Karratha","Perth","Karratha","All Airlines","Apr-22",196,185,11,154,152,31,33,2022,4
"Perth-Melbourne","Perth","Melbourne","All Airlines","Apr-22",278,276,2,167,137,109,139,2022,4
"Perth-Newman","Perth","Newman","All Airlines","Apr-22",166,151,15,124,125,27,26,2022,4
"Perth-Port Hedland","Perth","Port Hedland","All Airlines","Apr-22",171,160,11,130,127,30,33,2022,4
"Perth-Sydney","Perth","Sydney","All Airlines","Apr-22",266,262,4,155,155,107,107,2022,4
"Port Hedland-Perth","Port Hedland","Perth","All Airlines","Apr-22",171,159,12,99,112,60,47,2022,4
"Port Lincoln-Adelaide","Port Lincoln","Adelaide","All Airlines","Apr-22",301,296,5,249,245,47,51,2022,4
"Port Macquarie-Sydney","Port Macquarie","Sydney","All Airlines","Apr-22",179,177,2,122,104,55,73,2022,4
"Proserpine-Brisbane","Proserpine","Brisbane","All Airlines","Apr-22",129,121,8,53,62,68,59,2022,4
"Rockhampton-Brisbane","Rockhampton","Brisbane","All Airlines","Apr-22",214,212,2,126,125,86,87,2022,4
"Sunshine Coast-Melbourne","Sunshine Coast","Melbourne","All Airlines","Apr-22",299,287,12,140,133,147,154,2022,4
"Sunshine Coast-Sydney","Sunshine Coast","Sydney","All Airlines","Apr-22",295,276,19,184,167,92,109,2022,4
"Sydney-Adelaide","Sydney","Adelaide","All Airlines","Apr-22",459,448,11,245,273,203,175,2022,4
"Sydney-Albury","Sydney","Albury","All Airlines","Apr-22",187,186,1,132,143,54,43,2022,4
"Sydney-Armidale","Sydney","Armidale","All Airlines","Apr-22",156,151,5,91,102,60,49,2022,4
"Sydney-Ballina","Sydney","Ballina","All Airlines","Apr-22",300,262,38,167,149,95,113,2022,4
"Sydney-Brisbane","Sydney","Brisbane","All Airlines","Apr-22",1210,1152,58,655,668,497,484,2022,4
"Sydney-Cairns","Sydney","Cairns","All Airlines","Apr-22",292,285,7,170,189,115,96,2022,4
"Sydney-Canberra","Sydney","Canberra","All Airlines","Apr-22",817,751,66,523,543,228,208,2022,4
"Sydney-Coffs Harbour","Sydney","Coffs Harbour","All Airlines","Apr-22",192,191,1,108,115,83,76,2022,4
"Sydney-Dubbo","Sydney","Dubbo","All Airlines","Apr-22",195,194,1,112,120,82,74,2022,4
"Sydney-Gold Coast","Sydney","Gold Coast","All Airlines","Apr-22",847,818,29,503,488,315,330,2022,4
"Sydney-Hamilton Island","Sydney","Hamilton Island","All Airlines","Apr-22",98,97,1,73,72,24,25,2022,4
"Sydney-Hobart","Sydney","Hobart","All Airlines","Apr-22",270,264,6,178,197,86,67,2022,4
"Sydney-Launceston","Sydney","Launceston","All Airlines","Apr-22",118,117,1,62,75,55,42,2022,4
"Sydney-Melbourne","Sydney","Melbourne","All Airlines","Apr-22",2149,1911,238,996,1094,915,817,2022,4
"Sydney-Perth","Sydney","Perth","All Airlines","Apr-22",267,265,2,94,139,171,126,2022,4
"Sydney-Port Macquarie","Sydney","Port Macquarie","All Airlines","Apr-22",177,176,1,99,107,77,69,2022,4
"Sydney-Sunshine Coast","Sydney","Sunshine Coast","All Airlines","Apr-22",294,278,16,187,182,91,96,2022,4
"Sydney-Wagga Wagga","Sydney","Wagga Wagga","All Airlines","Apr-22",163,163,0,93,105,70,58,2022,4
"Townsville-Brisbane","Townsville","Brisbane","All Airlines","Apr-22",277,275,2,201,204,74,71,2022,4
"Townsville-Cairns","Townsville","Cairns","All Airlines","Apr-22",156,153,3,116,120,37,33,2022,4
"Wagga Wagga-Sydney","Wagga Wagga","Sydney","All Airlines","Apr-22",164,162,2,131,127,31,35,2022,4
"Adelaide-Brisbane","Adelaide","Brisbane","Jetstar","May-22",32,31,1,21,19,10,12,2022,5
"Adelaide-Gold Coast","Adelaide","Gold Coast","Jetstar","May-22",27,27,0,22,22,5,5,2022,5
"Adelaide-Melbourne","Adelaide","Melbourne","Jetstar","May-22",111,97,14,59,62,38,35,2022,5
"Adelaide-Perth","Adelaide","Perth","Jetstar","May-22",27,26,1,13,15,13,11,2022,5
"Adelaide-Sydney","Adelaide","Sydney","Jetstar","May-22",96,88,8,48,52,40,36,2022,5
"Ballina-Sydney","Ballina","Sydney","Jetstar","May-22",81,79,2,54,55,25,24,2022,5
"Brisbane-Adelaide","Brisbane","Adelaide","Jetstar","May-22",32,31,1,8,15,23,16,2022,5
"Brisbane-Cairns","Brisbane","Cairns","Jetstar","May-22",75,75,0,37,34,38,41,2022,5
"Brisbane-Canberra","Brisbane","Canberra","Jetstar","May-22",22,22,0,11,15,11,7,2022,5
"Brisbane-Darwin","Brisbane","Darwin","Jetstar","May-22",22,22,0,13,18,9,4,2022,5
"Brisbane-Hobart","Brisbane","Hobart","Jetstar","May-22",22,22,0,18,19,4,3,2022,5
"Brisbane-Mackay","Brisbane","Mackay","Jetstar","May-22",32,31,1,14,11,17,20,2022,5
"Brisbane-Melbourne","Brisbane","Melbourne","Jetstar","May-22",108,93,15,51,67,42,26,2022,5
"Brisbane-Newcastle","Brisbane","Newcastle","Jetstar","May-22",57,54,3,35,32,19,22,2022,5
"Brisbane-Perth","Brisbane","Perth","Jetstar","May-22",23,21,2,7,7,14,14,2022,5
"Brisbane-Proserpine","Brisbane","Proserpine","Jetstar","May-22",31,31,0,17,14,14,17,2022,5
"Brisbane-Sydney","Brisbane","Sydney","Jetstar","May-22",175,166,9,91,99,75,67,2022,5
"Brisbane-Townsville","Brisbane","Townsville","Jetstar","May-22",59,58,1,46,46,12,12,2022,5
"Cairns-Brisbane","Cairns","Brisbane","Jetstar","May-22",75,75,0,39,34,36,41,2022,5
"Cairns-Melbourne","Cairns","Melbourne","Jetstar","May-22",85,83,2,48,50,35,33,2022,5
"Cairns-Sydney","Cairns","Sydney","Jetstar","May-22",84,81,3,55,58,26,23,2022,5
"Canberra-Brisbane","Canberra","Brisbane","Jetstar","May-22",22,22,0,10,9,12,13,2022,5
"Darwin-Brisbane","Darwin","Brisbane","Jetstar","May-22",23,23,0,13,13,10,10,2022,5
"Darwin-Melbourne","Darwin","Melbourne","Jetstar","May-22",31,30,1,10,15,20,15,2022,5
"Darwin-Sydney","Darwin","Sydney","Jetstar","May-22",30,28,2,9,20,19,8,2022,5
"Gold Coast-Adelaide","Gold Coast","Adelaide","Jetstar","May-22",27,27,0,17,22,10,5,2022,5
"Gold Coast-Melbourne","Gold Coast","Melbourne","Jetstar","May-22",222,204,18,123,145,81,59,2022,5
"Gold Coast-Sydney","Gold Coast","Sydney","Jetstar","May-22",314,293,21,202,210,91,83,2022,5
"Hamilton Island-Sydney","Hamilton Island","Sydney","Jetstar","May-22",18,18,0,8,9,10,9,2022,5
"Hobart-Brisbane","Hobart","Brisbane","Jetstar","May-22",22,22,0,12,9,10,13,2022,5
"Hobart-Melbourne","Hobart","Melbourne","Jetstar","May-22",138,130,8,67,61,63,69,2022,5
"Hobart-Sydney","Hobart","Sydney","Jetstar","May-22",65,64,1,38,33,26,31,2022,5
"Launceston-Melbourne","Launceston","Melbourne","Jetstar","May-22",82,78,4,28,32,50,46,2022,5
"Launceston-Sydney","Launceston","Sydney","Jetstar","May-22",27,27,0,10,10,17,17,2022,5
"Mackay-Brisbane","Mackay","Brisbane","Jetstar","May-22",32,30,2,10,8,20,22,2022,5
"Melbourne-Adelaide","Melbourne","Adelaide","Jetstar","May-22",111,98,13,58,67,40,31,2022,5
"Melbourne-Brisbane","Melbourne","Brisbane","Jetstar","May-22",108,94,14,35,35,59,59,2022,5
"Melbourne-Cairns","Melbourne","Cairns","Jetstar","May-22",85,84,1,35,44,49,40,2022,5
"Melbourne-Darwin","Melbourne","Darwin","Jetstar","May-22",31,30,1,18,21,12,9,2022,5
"Melbourne-Gold Coast","Melbourne","Gold Coast","Jetstar","May-22",222,206,16,128,117,78,89,2022,5
"Melbourne-Hobart","Melbourne","Hobart","Jetstar","May-22",137,130,7,80,82,50,48,2022,5
"Melbourne-Launceston","Melbourne","Launceston","Jetstar","May-22",82,78,4,38,39,40,39,2022,5
"Melbourne-Newcastle","Melbourne","Newcastle","Jetstar","May-22",72,68,4,40,40,28,28,2022,5
"Melbourne-Perth","Melbourne","Perth","Jetstar","May-22",62,59,3,37,42,22,17,2022,5
"Melbourne-Sunshine Coast","Melbourne","Sunshine Coast","Jetstar","May-22",62,61,1,38,35,23,26,2022,5
"Melbourne-Sydney","Melbourne","Sydney","Jetstar","May-22",409,348,61,186,216,162,132,2022,5
"Newcastle-Brisbane","Newcastle","Brisbane","Jetstar","May-22",57,54,3,27,28,27,26,2022,5
"Newcastle-Melbourne","Newcastle","Melbourne","Jetstar","May-22",72,68,4,39,39,29,29,2022,5
"Perth-Adelaide","Perth","Adelaide","Jetstar","May-22",27,26,1,6,11,20,15,2022,5
"Perth-Brisbane","Perth","Brisbane","Jetstar","May-22",23,21,2,3,5,18,16,2022,5
"Perth-Melbourne","Perth","Melbourne","Jetstar","May-22",61,58,3,17,25,41,33,2022,5
"Perth-Sydney","Perth","Sydney","Jetstar","May-22",33,30,3,5,10,25,20,2022,5
"Proserpine-Brisbane","Proserpine","Brisbane","Jetstar","May-22",31,31,0,12,12,19,19,2022,5
"Sunshine Coast-Melbourne","Sunshine Coast","Melbourne","Jetstar","May-22",63,62,1,25,27,37,35,2022,5
"Sunshine Coast-Sydney","Sunshine Coast","Sydney","Jetstar","May-22",101,96,5,65,63,31,33,2022,5
"Sydney-Adelaide","Sydney","Adelaide","Jetstar","May-22",96,88,8,30,43,58,45,2022,5
"Sydney-Ballina","Sydney","Ballina","Jetstar","May-22",81,79,2,63,61,16,18,2022,5
"Sydney-Brisbane","Sydney","Brisbane","Jetstar","May-22",178,169,9,95,90,74,79,2022,5
"Sydney-Cairns","Sydney","Cairns","Jetstar","May-22",85,83,2,59,61,24,22,2022,5
"Sydney-Darwin","Sydney","Darwin","Jetstar","May-22",30,28,2,17,21,11,7,2022,5
"Sydney-Gold Coast","Sydney","Gold Coast","Jetstar","May-22",314,293,21,218,207,75,86,2022,5
"Sydney-Hamilton Island","Sydney","Hamilton Island","Jetstar","May-22",18,18,0,15,16,3,2,2022,5
"Sydney-Hobart","Sydney","Hobart","Jetstar","May-22",65,65,0,44,54,21,11,2022,5
"Sydney-Launceston","Sydney","Launceston","Jetstar","May-22",26,26,0,15,15,11,11,2022,5
"Sydney-Melbourne","Sydney","Melbourne","Jetstar","May-22",409,347,62,210,218,137,129,2022,5
"Sydney-Perth","Sydney","Perth","Jetstar","May-22",32,31,1,13,20,18,11,2022,5
"Sydney-Sunshine Coast","Sydney","Sunshine Coast","Jetstar","May-22",99,95,4,73,70,22,25,2022,5
"Townsville-Brisbane","Townsville","Brisbane","Jetstar","May-22",59,58,1,38,37,20,21,2022,5
"Adelaide-Alice Springs","Adelaide","Alice Springs","Qantas","May-22",9,9,0,9,9,0,0,2022,5
"Adelaide-Brisbane","Adelaide","Brisbane","Qantas","May-22",49,49,0,38,41,11,8,2022,5
"Adelaide-Melbourne","Adelaide","Melbourne","Qantas","May-22",252,237,15,163,172,74,65,2022,5
"Adelaide-Perth","Adelaide","Perth","Qantas","May-22",107,105,2,80,79,25,26,2022,5
"Adelaide-Sydney","Adelaide","Sydney","Qantas","May-22",245,240,5,161,136,79,104,2022,5
"Alice Springs-Adelaide","Alice Springs","Adelaide","Qantas","May-22",9,9,0,8,8,1,1,2022,5
"Brisbane-Adelaide","Brisbane","Adelaide","Qantas","May-22",49,49,0,43,45,6,4,2022,5
"Brisbane-Cairns","Brisbane","Cairns","Qantas","May-22",119,119,0,85,87,34,32,2022,5
"Brisbane-Canberra","Brisbane","Canberra","Qantas","May-22",1,1,0,1,1,0,0,2022,5
"Brisbane-Darwin","Brisbane","Darwin","Qantas","May-22",53,53,0,27,25,26,28,2022,5
"Brisbane-Hamilton Island","Brisbane","Hamilton Island","Qantas","May-22",31,31,0,28,28,3,3,2022,5
"Brisbane-Mackay","Brisbane","Mackay","Qantas","May-22",109,108,1,86,83,22,25,2022,5
"Brisbane-Melbourne","Brisbane","Melbourne","Qantas","May-22",411,378,33,247,273,131,105,2022,5
"Brisbane-Mount Isa","Brisbane","Mount Isa","Qantas","May-22",26,26,0,25,24,1,2,2022,5
"Brisbane-Perth","Brisbane","Perth","Qantas","May-22",152,147,5,97,96,50,51,2022,5
"Brisbane-Sydney","Brisbane","Sydney","Qantas","May-22",584,545,39,385,381,160,164,2022,5
"Brisbane-Townsville","Brisbane","Townsville","Qantas","May-22",112,112,0,76,78,36,34,2022,5
"Broome-Perth","Broome","Perth","Qantas","May-22",18,18,0,7,10,11,8,2022,5
"Cairns-Brisbane","Cairns","Brisbane","Qantas","May-22",119,119,0,94,83,25,36,2022,5
"Cairns-Melbourne","Cairns","Melbourne","Qantas","May-22",56,55,1,35,36,20,19,2022,5
"Cairns-Sydney","Cairns","Sydney","Qantas","May-22",65,65,0,34,34,31,31,2022,5
"Canberra-Brisbane","Canberra","Brisbane","Qantas","May-22",1,1,0,1,1,0,0,2022,5
"Darwin-Brisbane","Darwin","Brisbane","Qantas","May-22",52,52,0,14,15,38,37,2022,5
"Darwin-Melbourne","Darwin","Melbourne","Qantas","May-22",31,31,0,10,14,21,17,2022,5
"Darwin-Perth","Darwin","Perth","Qantas","May-22",5,5,0,4,5,1,0,2022,5
"Darwin-Sydney","Darwin","Sydney","Qantas","May-22",44,44,0,11,12,33,32,2022,5
"Gold Coast-Melbourne","Gold Coast","Melbourne","Qantas","May-22",17,17,0,6,10,11,7,2022,5
"Gold Coast-Sydney","Gold Coast","Sydney","Qantas","May-22",69,69,0,44,49,25,20,2022,5
"Hamilton Island-Brisbane","Hamilton Island","Brisbane","Qantas","May-22",31,30,1,19,20,11,10,2022,5
"Hamilton Island-Sydney","Hamilton Island","Sydney","Qantas","May-22",31,31,0,17,18,14,13,2022,5
"Hobart-Melbourne","Hobart","Melbourne","Qantas","May-22",5,5,0,2,2,3,3,2022,5
"Hobart-Sydney","Hobart","Sydney","Qantas","May-22",8,8,0,6,6,2,2,2022,5
"Kalgoorlie-Perth","Kalgoorlie","Perth","Qantas","May-22",15,15,0,5,9,10,6,2022,5
"Karratha-Perth","Karratha","Perth","Qantas","May-22",22,20,2,11,11,9,9,2022,5
"Mackay-Brisbane","Mackay","Brisbane","Qantas","May-22",108,106,2,82,76,24,30,2022,5
"Melbourne-Adelaide","Melbourne","Adelaide","Qantas","May-22",252,237,15,136,134,101,103,2022,5
"Melbourne-Brisbane","Melbourne","Brisbane","Qantas","May-22",410,373,37,221,210,152,163,2022,5
"Melbourne-Cairns","Melbourne","Cairns","Qantas","May-22",56,55,1,35,36,20,19,2022,5
"Melbourne-Darwin","Melbourne","Darwin","Qantas","May-22",31,31,0,15,20,16,11,2022,5
"Melbourne-Gold Coast","Melbourne","Gold Coast","Qantas","May-22",17,17,0,9,11,8,6,2022,5
"Melbourne-Hobart","Melbourne","Hobart","Qantas","May-22",5,5,0,4,4,1,1,2022,5
"Melbourne-Perth","Melbourne","Perth","Qantas","May-22",173,171,2,72,79,99,92,2022,5
"Melbourne-Sydney","Melbourne","Sydney","Qantas","May-22",983,772,211,471,433,301,339,2022,5
"Mount Isa-Brisbane","Mount Isa","Brisbane","Qantas","May-22",26,26,0,21,24,5,2,2022,5
"Newman-Perth","Newman","Perth","Qantas","May-22",40,38,2,25,24,13,14,2022,5
"Perth-Adelaide","Perth","Adelaide","Qantas","May-22",107,105,2,71,70,34,35,2022,5
"Perth-Brisbane","Perth","Brisbane","Qantas","May-22",152,149,3,104,105,45,44,2022,5
"Perth-Broome","Perth","Broome","Qantas","May-22",18,18,0,10,13,8,5,2022,5
"Perth-Darwin","Perth","Darwin","Qantas","May-22",5,5,0,4,4,1,1,2022,5
"Perth-Kalgoorlie","Perth","Kalgoorlie","Qantas","May-22",15,15,0,14,12,1,3,2022,5
"Perth-Karratha","Perth","Karratha","Qantas","May-22",22,21,1,14,16,7,5,2022,5
"Perth-Melbourne","Perth","Melbourne","Qantas","May-22",171,168,3,112,99,56,69,2022,5
"Perth-Newman","Perth","Newman","Qantas","May-22",40,38,2,30,31,8,7,2022,5
"Perth-Port Hedland","Perth","Port Hedland","Qantas","May-22",33,32,1,24,23,8,9,2022,5
"Perth-Sydney","Perth","Sydney","Qantas","May-22",176,174,2,123,118,51,56,2022,5
"Port Hedland-Perth","Port Hedland","Perth","Qantas","May-22",33,32,1,18,20,14,12,2022,5
"Sunshine Coast-Sydney","Sunshine Coast","Sydney","Qantas","May-22",62,61,1,33,41,28,20,2022,5
"Sydney-Adelaide","Sydney","Adelaide","Qantas","May-22",248,244,4,139,130,105,114,2022,5
"Sydney-Brisbane","Sydney","Brisbane","Qantas","May-22",584,551,33,323,286,228,265,2022,5
"Sydney-Cairns","Sydney","Cairns","Qantas","May-22",65,65,0,34,33,31,32,2022,5
"Sydney-Darwin","Sydney","Darwin","Qantas","May-22",44,44,0,22,22,22,22,2022,5
"Sydney-Gold Coast","Sydney","Gold Coast","Qantas","May-22",69,69,0,37,35,32,34,2022,5
"Sydney-Hamilton Island","Sydney","Hamilton Island","Qantas","May-22",31,31,0,23,17,8,14,2022,5
"Sydney-Hobart","Sydney","Hobart","Qantas","May-22",8,8,0,5,7,3,1,2022,5
"Sydney-Melbourne","Sydney","Melbourne","Qantas","May-22",972,756,216,451,473,305,283,2022,5
"Sydney-Perth","Sydney","Perth","Qantas","May-22",174,174,0,71,75,103,99,2022,5
"Sydney-Sunshine Coast","Sydney","Sunshine Coast","Qantas","May-22",61,60,1,38,28,22,32,2022,5
"Townsville-Brisbane","Townsville","Brisbane","Qantas","May-22",112,111,1,83,73,28,38,2022,5
"Adelaide-Alice Springs","Adelaide","Alice Springs","QantasLink","May-22",37,36,1,30,29,6,7,2022,5
"Adelaide-Brisbane","Adelaide","Brisbane","QantasLink","May-22",61,57,4,13,9,44,48,2022,5
"Adelaide-Canberra","Adelaide","Canberra","QantasLink","May-22",65,63,2,54,46,9,17,2022,5
"Adelaide-Port Lincoln","Adelaide","Port Lincoln","QantasLink","May-22",140,128,12,105,110,23,18,2022,5
"Albury-Sydney","Albury","Sydney","QantasLink","May-22",93,90,3,55,54,35,36,2022,5
"Alice Springs-Adelaide","Alice Springs","Adelaide","QantasLink","May-22",37,36,1,28,28,8,8,2022,5
"Armidale-Sydney","Armidale","Sydney","QantasLink","May-22",91,81,10,54,55,27,26,2022,5
"Ballina-Sydney","Ballina","Sydney","QantasLink","May-22",110,100,10,52,49,48,51,2022,5
"Brisbane-Adelaide","Brisbane","Adelaide","QantasLink","May-22",62,58,4,21,22,37,36,2022,5
"Brisbane-Cairns","Brisbane","Cairns","QantasLink","May-22",3,3,0,1,1,2,2,2022,5
"Brisbane-Canberra","Brisbane","Canberra","QantasLink","May-22",166,160,6,85,96,75,64,2022,5
"Brisbane-Emerald","Brisbane","Emerald","QantasLink","May-22",122,118,4,92,92,26,26,2022,5
"Brisbane-Gladstone","Brisbane","Gladstone","QantasLink","May-22",133,126,7,73,69,53,57,2022,5
"Brisbane-Hobart","Brisbane","Hobart","QantasLink","May-22",22,20,2,13,13,7,7,2022,5
"Brisbane-Mackay","Brisbane","Mackay","QantasLink","May-22",10,7,3,5,3,2,4,2022,5
"Brisbane-Mount Isa","Brisbane","Mount Isa","QantasLink","May-22",27,27,0,10,9,17,18,2022,5
"Brisbane-Newcastle","Brisbane","Newcastle","QantasLink","May-22",131,122,9,60,65,62,57,2022,5
"Brisbane-Proserpine","Brisbane","Proserpine","QantasLink","May-22",23,20,3,16,9,4,11,2022,5
"Brisbane-Rockhampton","Brisbane","Rockhampton","QantasLink","May-22",171,161,10,108,109,53,52,2022,5
"Brisbane-Townsville","Brisbane","Townsville","QantasLink","May-22",10,10,0,5,4,5,6,2022,5
"Broome-Perth","Broome","Perth","QantasLink","May-22",79,70,9,36,39,34,31,2022,5
"Cairns-Brisbane","Cairns","Brisbane","QantasLink","May-22",3,3,0,0,0,3,3,2022,5
"Cairns-Townsville","Cairns","Townsville","QantasLink","May-22",142,137,5,111,113,26,24,2022,5
"Canberra-Adelaide","Canberra","Adelaide","QantasLink","May-22",65,63,2,46,50,17,13,2022,5
"Canberra-Brisbane","Canberra","Brisbane","QantasLink","May-22",165,159,6,103,89,56,70,2022,5
"Canberra-Melbourne","Canberra","Melbourne","QantasLink","May-22",290,265,25,163,158,102,107,2022,5
"Canberra-Sydney","Canberra","Sydney","QantasLink","May-22",513,461,52,333,308,128,153,2022,5
"Coffs Harbour-Sydney","Coffs Harbour","Sydney","QantasLink","May-22",114,108,6,76,74,32,34,2022,5
"Darwin-Perth","Darwin","Perth","QantasLink","May-22",35,33,2,4,4,29,29,2022,5
"Dubbo-Sydney","Dubbo","Sydney","QantasLink","May-22",90,89,1,52,54,37,35,2022,5
"Emerald-Brisbane","Emerald","Brisbane","QantasLink","May-22",122,118,4,80,83,38,35,2022,5
"Gladstone-Brisbane","Gladstone","Brisbane","QantasLink","May-22",132,123,9,72,71,51,52,2022,5
"Gold Coast-Melbourne","Gold Coast","Melbourne","QantasLink","May-22",66,51,15,25,32,26,19,2022,5
"Gold Coast-Sydney","Gold Coast","Sydney","QantasLink","May-22",45,39,6,19,19,20,20,2022,5
"Hobart-Brisbane","Hobart","Brisbane","QantasLink","May-22",22,20,2,11,9,9,11,2022,5
"Hobart-Melbourne","Hobart","Melbourne","QantasLink","May-22",119,112,7,59,61,53,51,2022,5
"Hobart-Sydney","Hobart","Sydney","QantasLink","May-22",76,74,2,42,29,32,45,2022,5
"Kalgoorlie-Perth","Kalgoorlie","Perth","QantasLink","May-22",60,52,8,20,27,32,25,2022,5
"Karratha-Perth","Karratha","Perth","QantasLink","May-22",126,112,14,56,59,56,53,2022,5
"Launceston-Melbourne","Launceston","Melbourne","QantasLink","May-22",122,92,30,30,19,62,73,2022,5
"Launceston-Sydney","Launceston","Sydney","QantasLink","May-22",14,14,0,5,6,9,8,2022,5
"Mackay-Brisbane","Mackay","Brisbane","QantasLink","May-22",13,9,4,6,7,3,2,2022,5
"Melbourne-Canberra","Melbourne","Canberra","QantasLink","May-22",288,266,22,144,149,122,117,2022,5
"Melbourne-Gold Coast","Melbourne","Gold Coast","QantasLink","May-22",65,50,15,32,27,18,23,2022,5
"Melbourne-Hobart","Melbourne","Hobart","QantasLink","May-22",120,114,6,44,46,70,68,2022,5
"Melbourne-Launceston","Melbourne","Launceston","QantasLink","May-22",123,95,28,35,32,60,63,2022,5
"Melbourne-Mildura","Melbourne","Mildura","QantasLink","May-22",110,108,2,35,35,73,73,2022,5
"Melbourne-Newcastle","Melbourne","Newcastle","QantasLink","May-22",49,49,0,20,19,29,30,2022,5
"Melbourne-Sydney","Melbourne","Sydney","QantasLink","May-22",39,30,9,16,14,14,16,2022,5
"Mildura-Melbourne","Mildura","Melbourne","QantasLink","May-22",109,107,2,40,36,67,71,2022,5
"Mount Isa-Brisbane","Mount Isa","Brisbane","QantasLink","May-22",27,27,0,13,16,14,11,2022,5
"Newcastle-Brisbane","Newcastle","Brisbane","QantasLink","May-22",131,122,9,70,66,52,56,2022,5
"Newcastle-Melbourne","Newcastle","Melbourne","QantasLink","May-22",53,52,1,33,33,19,19,2022,5
"Newman-Perth","Newman","Perth","QantasLink","May-22",79,70,9,46,41,24,29,2022,5
"Perth-Broome","Perth","Broome","QantasLink","May-22",79,73,6,49,53,24,20,2022,5
"Perth-Darwin","Perth","Darwin","QantasLink","May-22",35,33,2,13,17,20,16,2022,5
"Perth-Kalgoorlie","Perth","Kalgoorlie","QantasLink","May-22",60,53,7,32,29,21,24,2022,5
"Perth-Karratha","Perth","Karratha","QantasLink","May-22",130,117,13,76,69,41,48,2022,5
"Perth-Newman","Perth","Newman","QantasLink","May-22",79,72,7,51,57,21,15,2022,5
"Perth-Port Hedland","Perth","Port Hedland","QantasLink","May-22",95,88,7,66,62,22,26,2022,5
"Port Hedland-Perth","Port Hedland","Perth","QantasLink","May-22",97,90,7,53,58,37,32,2022,5
"Port Lincoln-Adelaide","Port Lincoln","Adelaide","QantasLink","May-22",138,127,11,109,109,18,18,2022,5
"Port Macquarie-Sydney","Port Macquarie","Sydney","QantasLink","May-22",102,99,3,71,70,28,29,2022,5
"Proserpine-Brisbane","Proserpine","Brisbane","QantasLink","May-22",23,20,3,7,9,13,11,2022,5
"Rockhampton-Brisbane","Rockhampton","Brisbane","QantasLink","May-22",171,159,12,88,85,71,74,2022,5
"Sydney-Albury","Sydney","Albury","QantasLink","May-22",94,92,2,57,64,35,28,2022,5
"Sydney-Armidale","Sydney","Armidale","QantasLink","May-22",88,82,6,43,50,39,32,2022,5
"Sydney-Ballina","Sydney","Ballina","QantasLink","May-22",110,101,9,61,32,40,69,2022,5
"Sydney-Canberra","Sydney","Canberra","QantasLink","May-22",515,465,50,294,290,171,175,2022,5
"Sydney-Coffs Harbour","Sydney","Coffs Harbour","QantasLink","May-22",116,111,5,62,64,49,47,2022,5
"Sydney-Dubbo","Sydney","Dubbo","QantasLink","May-22",90,89,1,48,43,41,46,2022,5
"Sydney-Gold Coast","Sydney","Gold Coast","QantasLink","May-22",45,40,5,26,24,14,16,2022,5
"Sydney-Hobart","Sydney","Hobart","QantasLink","May-22",77,75,2,17,24,58,51,2022,5
"Sydney-Launceston","Sydney","Launceston","QantasLink","May-22",14,14,0,4,5,10,9,2022,5
"Sydney-Melbourne","Sydney","Melbourne","QantasLink","May-22",39,32,7,17,10,15,22,2022,5
"Sydney-Port Macquarie","Sydney","Port Macquarie","QantasLink","May-22",103,101,2,57,62,44,39,2022,5
"Sydney-Wagga Wagga","Sydney","Wagga Wagga","QantasLink","May-22",86,85,1,54,53,31,32,2022,5
"Townsville-Brisbane","Townsville","Brisbane","QantasLink","May-22",10,10,0,5,3,5,7,2022,5
"Townsville-Cairns","Townsville","Cairns","QantasLink","May-22",142,138,4,99,105,39,33,2022,5
"Wagga Wagga-Sydney","Wagga Wagga","Sydney","QantasLink","May-22",85,84,1,59,62,25,22,2022,5
"Adelaide-Melbourne","Adelaide","Melbourne","Rex Airlines","May-22",44,44,0,42,43,2,1,2022,5
"Adelaide-Port Lincoln","Adelaide","Port Lincoln","Rex Airlines","May-22",178,176,2,151,141,25,35,2022,5
"Albury-Sydney","Albury","Sydney","Rex Airlines","May-22",106,106,0,85,82,21,24,2022,5
"Armidale-Sydney","Armidale","Sydney","Rex Airlines","May-22",80,74,6,41,34,33,40,2022,5
"Ballina-Sydney","Ballina","Sydney","Rex Airlines","May-22",21,19,2,12,11,7,8,2022,5
"Brisbane-Melbourne","Brisbane","Melbourne","Rex Airlines","May-22",42,42,0,35,38,7,4,2022,5
"Brisbane-Sydney","Brisbane","Sydney","Rex Airlines","May-22",74,72,2,65,61,7,11,2022,5
"Cairns-Townsville","Cairns","Townsville","Rex Airlines","May-22",20,20,0,16,16,4,4,2022,5
"Canberra-Melbourne","Canberra","Melbourne","Rex Airlines","May-22",31,31,0,30,30,1,1,2022,5
"Canberra-Sydney","Canberra","Sydney","Rex Airlines","May-22",105,93,12,85,77,8,16,2022,5
"Coffs Harbour-Sydney","Coffs Harbour","Sydney","Rex Airlines","May-22",80,79,1,51,49,28,30,2022,5
"Dubbo-Sydney","Dubbo","Sydney","Rex Airlines","May-22",106,106,0,67,66,39,40,2022,5
"Gold Coast-Melbourne","Gold Coast","Melbourne","Rex Airlines","May-22",45,40,5,33,33,7,7,2022,5
"Gold Coast-Sydney","Gold Coast","Sydney","Rex Airlines","May-22",51,47,4,41,42,6,5,2022,5
"Melbourne-Adelaide","Melbourne","Adelaide","Rex Airlines","May-22",44,44,0,41,40,3,4,2022,5
"Melbourne-Brisbane","Melbourne","Brisbane","Rex Airlines","May-22",41,41,0,38,35,3,6,2022,5
"Melbourne-Canberra","Melbourne","Canberra","Rex Airlines","May-22",31,31,0,30,30,1,1,2022,5
"Melbourne-Gold Coast","Melbourne","Gold Coast","Rex Airlines","May-22",45,40,5,33,31,7,9,2022,5
"Melbourne-Mildura","Melbourne","Mildura","Rex Airlines","May-22",97,97,0,69,66,28,31,2022,5
"Melbourne-Sydney","Melbourne","Sydney","Rex Airlines","May-22",112,111,1,102,100,9,11,2022,5
"Mildura-Melbourne","Mildura","Melbourne","Rex Airlines","May-22",96,96,0,74,71,22,25,2022,5
"Port Lincoln-Adelaide","Port Lincoln","Adelaide","Rex Airlines","May-22",177,175,2,142,129,33,46,2022,5
"Port Macquarie-Sydney","Port Macquarie","Sydney","Rex Airlines","May-22",86,84,2,63,47,21,37,2022,5
"Sydney-Albury","Sydney","Albury","Rex Airlines","May-22",106,106,0,76,73,30,33,2022,5
"Sydney-Armidale","Sydney","Armidale","Rex Airlines","May-22",79,74,5,42,43,32,31,2022,5
"Sydney-Ballina","Sydney","Ballina","Rex Airlines","May-22",22,21,1,14,15,7,6,2022,5
"Sydney-Brisbane","Sydney","Brisbane","Rex Airlines","May-22",75,73,2,58,52,15,21,2022,5
"Sydney-Canberra","Sydney","Canberra","Rex Airlines","May-22",107,93,14,74,67,19,26,2022,5
"Sydney-Coffs Harbour","Sydney","Coffs Harbour","Rex Airlines","May-22",82,82,0,55,54,27,28,2022,5
"Sydney-Dubbo","Sydney","Dubbo","Rex Airlines","May-22",111,111,0,74,78,37,33,2022,5
"Sydney-Gold Coast","Sydney","Gold Coast","Rex Airlines","May-22",51,47,4,43,38,4,9,2022,5
"Sydney-Melbourne","Sydney","Melbourne","Rex Airlines","May-22",110,109,1,101,97,8,12,2022,5
"Sydney-Port Macquarie","Sydney","Port Macquarie","Rex Airlines","May-22",87,85,2,52,55,33,30,2022,5
"Sydney-Wagga Wagga","Sydney","Wagga Wagga","Rex Airlines","May-22",91,91,0,63,64,28,27,2022,5
"Townsville-Cairns","Townsville","Cairns","Rex Airlines","May-22",20,20,0,17,17,3,3,2022,5
"Wagga Wagga-Sydney","Wagga Wagga","Sydney","Rex Airlines","May-22",91,91,0,75,66,16,25,2022,5
"Adelaide-Alice Springs","Adelaide","Alice Springs","Virgin Australia","May-22",13,13,0,11,11,2,2,2022,5
"Adelaide-Brisbane","Adelaide","Brisbane","Virgin Australia","May-22",106,103,3,90,90,13,13,2022,5
"Adelaide-Canberra","Adelaide","Canberra","Virgin Australia","May-22",23,21,2,21,21,0,0,2022,5
"Adelaide-Gold Coast","Adelaide","Gold Coast","Virgin Australia","May-22",31,30,1,29,28,1,2,2022,5
"Adelaide-Melbourne","Adelaide","Melbourne","Virgin Australia","May-22",291,277,14,152,153,125,124,2022,5
"Adelaide-Perth","Adelaide","Perth","Virgin Australia","May-22",3,3,0,2,3,1,0,2022,5
"Adelaide-Sydney","Adelaide","Sydney","Virgin Australia","May-22",144,141,3,90,85,51,56,2022,5
"Alice Springs-Adelaide","Alice Springs","Adelaide","Virgin Australia","May-22",13,13,0,9,8,4,5,2022,5
"Ballina-Sydney","Ballina","Sydney","Virgin Australia","May-22",88,84,4,51,55,33,29,2022,5
"Brisbane-Adelaide","Brisbane","Adelaide","Virgin Australia","May-22",106,103,3,75,88,28,15,2022,5
"Brisbane-Cairns","Brisbane","Cairns","Virgin Australia","May-22",138,138,0,87,94,51,44,2022,5
"Brisbane-Canberra","Brisbane","Canberra","Virgin Australia","May-22",104,100,4,72,80,28,20,2022,5
"Brisbane-Darwin","Brisbane","Darwin","Virgin Australia","May-22",44,44,0,31,36,13,8,2022,5
"Brisbane-Emerald","Brisbane","Emerald","Virgin Australia","May-22",30,27,3,20,21,7,6,2022,5
"Brisbane-Gladstone","Brisbane","Gladstone","Virgin Australia","May-22",53,50,3,41,37,9,13,2022,5
"Brisbane-Hamilton Island","Brisbane","Hamilton Island","Virgin Australia","May-22",44,43,1,34,35,9,8,2022,5
"Brisbane-Hobart","Brisbane","Hobart","Virgin Australia","May-22",48,47,1,31,38,16,9,2022,5
"Brisbane-Mackay","Brisbane","Mackay","Virgin Australia","May-22",132,132,0,93,91,39,41,2022,5
"Brisbane-Melbourne","Brisbane","Melbourne","Virgin Australia","May-22",356,331,25,143,167,188,164,2022,5
"Brisbane-Mount Isa","Brisbane","Mount Isa","Virgin Australia","May-22",13,13,0,8,9,5,4,2022,5
"Brisbane-Newcastle","Brisbane","Newcastle","Virgin Australia","May-22",85,84,1,65,62,19,22,2022,5
"Brisbane-Perth","Brisbane","Perth","Virgin Australia","May-22",79,79,0,48,66,31,13,2022,5
"Brisbane-Proserpine","Brisbane","Proserpine","Virgin Australia","May-22",39,39,0,21,22,18,17,2022,5
"Brisbane-Rockhampton","Brisbane","Rockhampton","Virgin Australia","May-22",88,88,0,62,49,26,39,2022,5
"Brisbane-Sydney","Brisbane","Sydney","Virgin Australia","May-22",535,495,40,308,324,187,171,2022,5
"Brisbane-Townsville","Brisbane","Townsville","Virgin Australia","May-22",133,130,3,93,100,37,30,2022,5
"Broome-Perth","Broome","Perth","Virgin Australia","May-22",13,13,0,4,4,9,9,2022,5
"Cairns-Brisbane","Cairns","Brisbane","Virgin Australia","May-22",138,138,0,90,111,48,27,2022,5
"Cairns-Melbourne","Cairns","Melbourne","Virgin Australia","May-22",69,64,5,31,38,33,26,2022,5
"Cairns-Sydney","Cairns","Sydney","Virgin Australia","May-22",77,74,3,53,56,21,18,2022,5
"Canberra-Adelaide","Canberra","Adelaide","Virgin Australia","May-22",23,21,2,20,19,1,2,2022,5
"Canberra-Brisbane","Canberra","Brisbane","Virgin Australia","May-22",104,100,4,79,82,21,18,2022,5
"Canberra-Melbourne","Canberra","Melbourne","Virgin Australia","May-22",132,132,0,92,91,40,41,2022,5
"Canberra-Sydney","Canberra","Sydney","Virgin Australia","May-22",256,255,1,223,220,32,35,2022,5
"Darwin-Brisbane","Darwin","Brisbane","Virgin Australia","May-22",43,43,0,17,27,26,16,2022,5
"Darwin-Melbourne","Darwin","Melbourne","Virgin Australia","May-22",31,31,0,11,9,20,22,2022,5
"Darwin-Perth","Darwin","Perth","Virgin Australia","May-22",1,1,0,0,0,1,1,2022,5
"Darwin-Sydney","Darwin","Sydney","Virgin Australia","May-22",12,12,0,12,11,0,1,2022,5
"Emerald-Brisbane","Emerald","Brisbane","Virgin Australia","May-22",27,27,0,24,25,3,2,2022,5
"Gladstone-Brisbane","Gladstone","Brisbane","Virgin Australia","May-22",53,50,3,36,31,14,19,2022,5
"Gold Coast-Adelaide","Gold Coast","Adelaide","Virgin Australia","May-22",31,30,1,20,20,10,10,2022,5
"Gold Coast-Melbourne","Gold Coast","Melbourne","Virgin Australia","May-22",319,303,16,162,207,141,96,2022,5
"Gold Coast-Sydney","Gold Coast","Sydney","Virgin Australia","May-22",370,342,28,219,233,123,109,2022,5
"Hamilton Island-Brisbane","Hamilton Island","Brisbane","Virgin Australia","May-22",44,43,1,27,30,16,13,2022,5
"Hamilton Island-Sydney","Hamilton Island","Sydney","Virgin Australia","May-22",31,31,0,15,20,16,11,2022,5
"Hobart-Brisbane","Hobart","Brisbane","Virgin Australia","May-22",48,47,1,27,25,20,22,2022,5
"Hobart-Melbourne","Hobart","Melbourne","Virgin Australia","May-22",127,124,3,76,62,48,62,2022,5
"Hobart-Sydney","Hobart","Sydney","Virgin Australia","May-22",80,79,1,55,48,24,31,2022,5
"Kalgoorlie-Perth","Kalgoorlie","Perth","Virgin Australia","May-22",25,24,1,5,7,19,17,2022,5
"Karratha-Perth","Karratha","Perth","Virgin Australia","May-22",23,23,0,15,16,8,7,2022,5
"Launceston-Melbourne","Launceston","Melbourne","Virgin Australia","May-22",87,86,1,50,41,36,45,2022,5
"Launceston-Sydney","Launceston","Sydney","Virgin Australia","May-22",31,31,0,28,23,3,8,2022,5
"Mackay-Brisbane","Mackay","Brisbane","Virgin Australia","May-22",132,132,0,101,107,31,25,2022,5
"Melbourne-Adelaide","Melbourne","Adelaide","Virgin Australia","May-22",291,278,13,160,166,118,112,2022,5
"Melbourne-Brisbane","Melbourne","Brisbane","Virgin Australia","May-22",357,334,23,184,174,150,160,2022,5
"Melbourne-Cairns","Melbourne","Cairns","Virgin Australia","May-22",69,64,5,40,37,24,27,2022,5
"Melbourne-Canberra","Melbourne","Canberra","Virgin Australia","May-22",132,132,0,83,87,49,45,2022,5
"Melbourne-Darwin","Melbourne","Darwin","Virgin Australia","May-22",31,31,0,18,19,13,12,2022,5
"Melbourne-Gold Coast","Melbourne","Gold Coast","Virgin Australia","May-22",319,302,17,177,161,125,141,2022,5
"Melbourne-Hobart","Melbourne","Hobart","Virgin Australia","May-22",127,125,2,84,75,41,50,2022,5
"Melbourne-Launceston","Melbourne","Launceston","Virgin Australia","May-22",88,87,1,51,42,36,45,2022,5
"Melbourne-Newcastle","Melbourne","Newcastle","Virgin Australia","May-22",31,31,0,14,12,17,19,2022,5
"Melbourne-Perth","Melbourne","Perth","Virgin Australia","May-22",129,126,3,63,88,63,38,2022,5
"Melbourne-Sunshine Coast","Melbourne","Sunshine Coast","Virgin Australia","May-22",130,122,8,71,66,51,56,2022,5
"Melbourne-Sydney","Melbourne","Sydney","Virgin Australia","May-22",857,750,107,495,471,255,279,2022,5
"Mount Isa-Brisbane","Mount Isa","Brisbane","Virgin Australia","May-22",13,13,0,7,5,6,8,2022,5
"Newcastle-Brisbane","Newcastle","Brisbane","Virgin Australia","May-22",84,83,1,67,57,16,26,2022,5
"Newcastle-Melbourne","Newcastle","Melbourne","Virgin Australia","May-22",31,30,1,9,10,21,20,2022,5
"Newman-Perth","Newman","Perth","Virgin Australia","May-22",21,20,1,15,14,5,6,2022,5
"Perth-Adelaide","Perth","Adelaide","Virgin Australia","May-22",3,3,0,3,3,0,0,2022,5
"Perth-Brisbane","Perth","Brisbane","Virgin Australia","May-22",78,77,1,35,41,42,36,2022,5
"Perth-Broome","Perth","Broome","Virgin Australia","May-22",13,13,0,2,6,11,7,2022,5
"Perth-Darwin","Perth","Darwin","Virgin Australia","May-22",1,1,0,0,0,1,1,2022,5
"Perth-Kalgoorlie","Perth","Kalgoorlie","Virgin Australia","May-22",25,25,0,21,21,4,4,2022,5
"Perth-Karratha","Perth","Karratha","Virgin Australia","May-22",23,23,0,19,19,4,4,2022,5
"Perth-Melbourne","Perth","Melbourne","Virgin Australia","May-22",129,127,2,62,70,65,57,2022,5
"Perth-Newman","Perth","Newman","Virgin Australia","May-22",21,20,1,18,18,2,2,2022,5
"Perth-Port Hedland","Perth","Port Hedland","Virgin Australia","May-22",15,15,0,12,12,3,3,2022,5
"Perth-Sydney","Perth","Sydney","Virgin Australia","May-22",106,104,2,38,67,66,37,2022,5
"Port Hedland-Perth","Port Hedland","Perth","Virgin Australia","May-22",15,15,0,9,8,6,7,2022,5
"Proserpine-Brisbane","Proserpine","Brisbane","Virgin Australia","May-22",39,39,0,17,24,22,15,2022,5
"Rockhampton-Brisbane","Rockhampton","Brisbane","Virgin Australia","May-22",88,88,0,65,62,23,26,2022,5
"Sunshine Coast-Melbourne","Sunshine Coast","Melbourne","Virgin Australia","May-22",130,121,9,53,58,68,63,2022,5
"Sunshine Coast-Sydney","Sunshine Coast","Sydney","Virgin Australia","May-22",111,103,8,59,50,44,53,2022,5
"Sydney-Adelaide","Sydney","Adelaide","Virgin Australia","May-22",144,142,2,83,88,59,54,2022,5
"Sydney-Ballina","Sydney","Ballina","Virgin Australia","May-22",88,84,4,53,48,31,36,2022,5
"Sydney-Brisbane","Sydney","Brisbane","Virgin Australia","May-22",536,495,41,357,336,138,159,2022,5
"Sydney-Cairns","Sydney","Cairns","Virgin Australia","May-22",77,74,3,55,61,19,13,2022,5
"Sydney-Canberra","Sydney","Canberra","Virgin Australia","May-22",256,255,1,200,213,55,42,2022,5
"Sydney-Darwin","Sydney","Darwin","Virgin Australia","May-22",11,11,0,9,11,2,0,2022,5
"Sydney-Gold Coast","Sydney","Gold Coast","Virgin Australia","May-22",369,342,27,221,199,121,143,2022,5
"Sydney-Hamilton Island","Sydney","Hamilton Island","Virgin Australia","May-22",31,31,0,25,24,6,7,2022,5
"Sydney-Hobart","Sydney","Hobart","Virgin Australia","May-22",80,79,1,64,65,15,14,2022,5
"Sydney-Launceston","Sydney","Launceston","Virgin Australia","May-22",31,31,0,23,29,8,2,2022,5
"Sydney-Melbourne","Sydney","Melbourne","Virgin Australia","May-22",857,750,107,442,447,308,303,2022,5
"Sydney-Perth","Sydney","Perth","Virgin Australia","May-22",105,104,1,56,66,48,38,2022,5
"Sydney-Sunshine Coast","Sydney","Sunshine Coast","Virgin Australia","May-22",111,103,8,80,64,23,39,2022,5
"Townsville-Brisbane","Townsville","Brisbane","Virgin Australia","May-22",132,129,3,107,109,22,20,2022,5
"Adelaide-Perth","Adelaide","Perth","Virgin Australia Regional Airlines","May-22",48,42,6,14,21,28,21,2022,5
"Broome-Perth","Broome","Perth","Virgin Australia Regional Airlines","May-22",51,48,3,26,32,22,16,2022,5
"Darwin-Perth","Darwin","Perth","Virgin Australia Regional Airlines","May-22",17,17,0,10,11,7,6,2022,5
"Kalgoorlie-Perth","Kalgoorlie","Perth","Virgin Australia Regional Airlines","May-22",37,36,1,21,23,15,13,2022,5
"Karratha-Perth","Karratha","Perth","Virgin Australia Regional Airlines","May-22",30,30,0,18,23,12,7,2022,5
"Newman-Perth","Newman","Perth","Virgin Australia Regional Airlines","May-22",38,37,1,26,23,11,14,2022,5
"Perth-Adelaide","Perth","Adelaide","Virgin Australia Regional Airlines","May-22",48,43,5,28,25,15,18,2022,5
"Perth-Broome","Perth","Broome","Virgin Australia Regional Airlines","May-22",51,48,3,38,37,10,11,2022,5
"Perth-Darwin","Perth","Darwin","Virgin Australia Regional Airlines","May-22",17,17,0,10,13,7,4,2022,5
"Perth-Kalgoorlie","Perth","Kalgoorlie","Virgin Australia Regional Airlines","May-22",36,36,0,28,26,8,10,2022,5
"Perth-Karratha","Perth","Karratha","Virgin Australia Regional Airlines","May-22",30,30,0,26,19,4,11,2022,5
"Perth-Newman","Perth","Newman","Virgin Australia Regional Airlines","May-22",38,37,1,27,27,10,10,2022,5
"Perth-Port Hedland","Perth","Port Hedland","Virgin Australia Regional Airlines","May-22",37,36,1,24,25,12,11,2022,5
"Port Hedland-Perth","Port Hedland","Perth","Virgin Australia Regional Airlines","May-22",37,36,1,19,19,17,17,2022,5
"Adelaide-Alice Springs","Adelaide","Alice Springs","All Airlines","May-22",59,58,1,50,49,8,9,2022,5
"Adelaide-Brisbane","Adelaide","Brisbane","All Airlines","May-22",248,240,8,162,159,78,81,2022,5
"Adelaide-Canberra","Adelaide","Canberra","All Airlines","May-22",88,84,4,75,67,9,17,2022,5
"Adelaide-Gold Coast","Adelaide","Gold Coast","All Airlines","May-22",58,57,1,51,50,6,7,2022,5
"Adelaide-Melbourne","Adelaide","Melbourne","All Airlines","May-22",698,655,43,416,430,239,225,2022,5
"Adelaide-Perth","Adelaide","Perth","All Airlines","May-22",185,176,9,109,118,67,58,2022,5
"Adelaide-Port Lincoln","Adelaide","Port Lincoln","All Airlines","May-22",318,304,14,256,251,48,53,2022,5
"Adelaide-Sydney","Adelaide","Sydney","All Airlines","May-22",485,469,16,299,273,170,196,2022,5
"Albury-Sydney","Albury","Sydney","All Airlines","May-22",199,196,3,140,136,56,60,2022,5
"Alice Springs-Adelaide","Alice Springs","Adelaide","All Airlines","May-22",59,58,1,45,44,13,14,2022,5
"Armidale-Sydney","Armidale","Sydney","All Airlines","May-22",171,155,16,95,89,60,66,2022,5
"Ballina-Sydney","Ballina","Sydney","All Airlines","May-22",300,282,18,169,170,113,112,2022,5
"Brisbane-Adelaide","Brisbane","Adelaide","All Airlines","May-22",249,241,8,147,170,94,71,2022,5
"Brisbane-Cairns","Brisbane","Cairns","All Airlines","May-22",335,335,0,210,216,125,119,2022,5
"Brisbane-Canberra","Brisbane","Canberra","All Airlines","May-22",293,283,10,169,192,114,91,2022,5
"Brisbane-Darwin","Brisbane","Darwin","All Airlines","May-22",119,119,0,71,79,48,40,2022,5
"Brisbane-Emerald","Brisbane","Emerald","All Airlines","May-22",152,145,7,112,113,33,32,2022,5
"Brisbane-Gladstone","Brisbane","Gladstone","All Airlines","May-22",186,176,10,114,106,62,70,2022,5
"Brisbane-Hamilton Island","Brisbane","Hamilton Island","All Airlines","May-22",75,74,1,62,63,12,11,2022,5
"Brisbane-Hobart","Brisbane","Hobart","All Airlines","May-22",92,89,3,62,70,27,19,2022,5
"Brisbane-Mackay","Brisbane","Mackay","All Airlines","May-22",283,278,5,198,188,80,90,2022,5
"Brisbane-Melbourne","Brisbane","Melbourne","All Airlines","May-22",917,844,73,476,545,368,299,2022,5
"Brisbane-Mount Isa","Brisbane","Mount Isa","All Airlines","May-22",66,66,0,43,42,23,24,2022,5
"Brisbane-Newcastle","Brisbane","Newcastle","All Airlines","May-22",273,260,13,160,159,100,101,2022,5
"Brisbane-Perth","Brisbane","Perth","All Airlines","May-22",254,247,7,152,169,95,78,2022,5
"Brisbane-Proserpine","Brisbane","Proserpine","All Airlines","May-22",93,90,3,54,45,36,45,2022,5
"Brisbane-Rockhampton","Brisbane","Rockhampton","All Airlines","May-22",259,249,10,170,158,79,91,2022,5
"Brisbane-Sydney","Brisbane","Sydney","All Airlines","May-22",1368,1278,90,849,865,429,413,2022,5
"Brisbane-Townsville","Brisbane","Townsville","All Airlines","May-22",314,310,4,220,228,90,82,2022,5
"Broome-Perth","Broome","Perth","All Airlines","May-22",161,149,12,73,85,76,64,2022,5
"Cairns-Brisbane","Cairns","Brisbane","All Airlines","May-22",335,335,0,223,228,112,107,2022,5
"Cairns-Melbourne","Cairns","Melbourne","All Airlines","May-22",210,202,8,114,124,88,78,2022,5
"Cairns-Sydney","Cairns","Sydney","All Airlines","May-22",226,220,6,142,148,78,72,2022,5
"Cairns-Townsville","Cairns","Townsville","All Airlines","May-22",162,157,5,127,129,30,28,2022,5
"Canberra-Adelaide","Canberra","Adelaide","All Airlines","May-22",88,84,4,66,69,18,15,2022,5
"Canberra-Brisbane","Canberra","Brisbane","All Airlines","May-22",292,282,10,193,181,89,101,2022,5
"Canberra-Melbourne","Canberra","Melbourne","All Airlines","May-22",453,428,25,285,279,143,149,2022,5
"Canberra-Sydney","Canberra","Sydney","All Airlines","May-22",874,809,65,641,605,168,204,2022,5
"Coffs Harbour-Sydney","Coffs Harbour","Sydney","All Airlines","May-22",194,187,7,127,123,60,64,2022,5
"Darwin-Brisbane","Darwin","Brisbane","All Airlines","May-22",118,118,0,44,55,74,63,2022,5
"Darwin-Melbourne","Darwin","Melbourne","All Airlines","May-22",93,92,1,31,38,61,54,2022,5
"Darwin-Perth","Darwin","Perth","All Airlines","May-22",58,56,2,18,20,38,36,2022,5
"Darwin-Sydney","Darwin","Sydney","All Airlines","May-22",86,84,2,32,43,52,41,2022,5
"Dubbo-Sydney","Dubbo","Sydney","All Airlines","May-22",196,195,1,119,120,76,75,2022,5
"Emerald-Brisbane","Emerald","Brisbane","All Airlines","May-22",149,145,4,104,108,41,37,2022,5
"Gladstone-Brisbane","Gladstone","Brisbane","All Airlines","May-22",185,173,12,108,102,65,71,2022,5
"Gold Coast-Adelaide","Gold Coast","Adelaide","All Airlines","May-22",58,57,1,37,42,20,15,2022,5
"Gold Coast-Melbourne","Gold Coast","Melbourne","All Airlines","May-22",669,615,54,349,427,266,188,2022,5
"Gold Coast-Sydney","Gold Coast","Sydney","All Airlines","May-22",849,790,59,525,553,265,237,2022,5
"Hamilton Island-Brisbane","Hamilton Island","Brisbane","All Airlines","May-22",75,73,2,46,50,27,23,2022,5
"Hamilton Island-Sydney","Hamilton Island","Sydney","All Airlines","May-22",80,80,0,40,47,40,33,2022,5
"Hobart-Brisbane","Hobart","Brisbane","All Airlines","May-22",92,89,3,50,43,39,46,2022,5
"Hobart-Melbourne","Hobart","Melbourne","All Airlines","May-22",389,371,18,204,186,167,185,2022,5
"Hobart-Sydney","Hobart","Sydney","All Airlines","May-22",229,225,4,141,116,84,109,2022,5
"Kalgoorlie-Perth","Kalgoorlie","Perth","All Airlines","May-22",137,127,10,51,66,76,61,2022,5
"Karratha-Perth","Karratha","Perth","All Airlines","May-22",201,185,16,100,109,85,76,2022,5
"Launceston-Melbourne","Launceston","Melbourne","All Airlines","May-22",291,256,35,108,92,148,164,2022,5
"Launceston-Sydney","Launceston","Sydney","All Airlines","May-22",72,72,0,43,39,29,33,2022,5
"Mackay-Brisbane","Mackay","Brisbane","All Airlines","May-22",285,277,8,199,198,78,79,2022,5
"Melbourne-Adelaide","Melbourne","Adelaide","All Airlines","May-22",698,657,41,395,407,262,250,2022,5
"Melbourne-Brisbane","Melbourne","Brisbane","All Airlines","May-22",916,842,74,478,454,364,388,2022,5
"Melbourne-Cairns","Melbourne","Cairns","All Airlines","May-22",210,203,7,110,117,93,86,2022,5
"Melbourne-Canberra","Melbourne","Canberra","All Airlines","May-22",451,429,22,257,266,172,163,2022,5
"Melbourne-Darwin","Melbourne","Darwin","All Airlines","May-22",93,92,1,51,60,41,32,2022,5
"Melbourne-Gold Coast","Melbourne","Gold Coast","All Airlines","May-22",668,615,53,379,347,236,268,2022,5
"Melbourne-Hobart","Melbourne","Hobart","All Airlines","May-22",389,374,15,212,207,162,167,2022,5
"Melbourne-Launceston","Melbourne","Launceston","All Airlines","May-22",293,260,33,124,113,136,147,2022,5
"Melbourne-Mildura","Melbourne","Mildura","All Airlines","May-22",207,205,2,104,101,101,104,2022,5
"Melbourne-Newcastle","Melbourne","Newcastle","All Airlines","May-22",152,148,4,74,71,74,77,2022,5
"Melbourne-Perth","Melbourne","Perth","All Airlines","May-22",364,356,8,172,209,184,147,2022,5
"Melbourne-Sunshine Coast","Melbourne","Sunshine Coast","All Airlines","May-22",192,183,9,109,101,74,82,2022,5
"Melbourne-Sydney","Melbourne","Sydney","All Airlines","May-22",2400,2011,389,1270,1234,741,777,2022,5
"Mildura-Melbourne","Mildura","Melbourne","All Airlines","May-22",205,203,2,114,107,89,96,2022,5
"Mount Isa-Brisbane","Mount Isa","Brisbane","All Airlines","May-22",66,66,0,41,45,25,21,2022,5
"Newcastle-Brisbane","Newcastle","Brisbane","All Airlines","May-22",272,259,13,164,151,95,108,2022,5
"Newcastle-Melbourne","Newcastle","Melbourne","All Airlines","May-22",156,150,6,81,82,69,68,2022,5
"Newman-Perth","Newman","Perth","All Airlines","May-22",178,165,13,112,102,53,63,2022,5
"Perth-Adelaide","Perth","Adelaide","All Airlines","May-22",185,177,8,108,109,69,68,2022,5
"Perth-Brisbane","Perth","Brisbane","All Airlines","May-22",253,247,6,142,151,105,96,2022,5
"Perth-Broome","Perth","Broome","All Airlines","May-22",161,152,9,99,109,53,43,2022,5
"Perth-Darwin","Perth","Darwin","All Airlines","May-22",58,56,2,27,34,29,22,2022,5
"Perth-Kalgoorlie","Perth","Kalgoorlie","All Airlines","May-22",136,129,7,95,88,34,41,2022,5
"Perth-Karratha","Perth","Karratha","All Airlines","May-22",205,191,14,135,123,56,68,2022,5
"Perth-Melbourne","Perth","Melbourne","All Airlines","May-22",361,353,8,191,194,162,159,2022,5
"Perth-Newman","Perth","Newman","All Airlines","May-22",178,167,11,126,133,41,34,2022,5
"Perth-Port Hedland","Perth","Port Hedland","All Airlines","May-22",180,171,9,126,122,45,49,2022,5
"Perth-Sydney","Perth","Sydney","All Airlines","May-22",315,308,7,166,195,142,113,2022,5
"Port Hedland-Perth","Port Hedland","Perth","All Airlines","May-22",182,173,9,99,105,74,68,2022,5
"Port Lincoln-Adelaide","Port Lincoln","Adelaide","All Airlines","May-22",315,302,13,251,238,51,64,2022,5
"Port Macquarie-Sydney","Port Macquarie","Sydney","All Airlines","May-22",188,183,5,134,117,49,66,2022,5
"Proserpine-Brisbane","Proserpine","Brisbane","All Airlines","May-22",93,90,3,36,45,54,45,2022,5
"Rockhampton-Brisbane","Rockhampton","Brisbane","All Airlines","May-22",259,247,12,153,147,94,100,2022,5
"Sunshine Coast-Melbourne","Sunshine Coast","Melbourne","All Airlines","May-22",193,183,10,78,85,105,98,2022,5
"Sunshine Coast-Sydney","Sunshine Coast","Sydney","All Airlines","May-22",274,260,14,157,154,103,106,2022,5
"Sydney-Adelaide","Sydney","Adelaide","All Airlines","May-22",488,474,14,252,261,222,213,2022,5
"Sydney-Albury","Sydney","Albury","All Airlines","May-22",200,198,2,133,137,65,61,2022,5
"Sydney-Armidale","Sydney","Armidale","All Airlines","May-22",167,156,11,85,93,71,63,2022,5
"Sydney-Ballina","Sydney","Ballina","All Airlines","May-22",301,285,16,191,156,94,129,2022,5
"Sydney-Brisbane","Sydney","Brisbane","All Airlines","May-22",1373,1288,85,833,764,455,524,2022,5
"Sydney-Cairns","Sydney","Cairns","All Airlines","May-22",227,222,5,148,155,74,67,2022,5
"Sydney-Canberra","Sydney","Canberra","All Airlines","May-22",878,813,65,568,570,245,243,2022,5
"Sydney-Coffs Harbour","Sydney","Coffs Harbour","All Airlines","May-22",198,193,5,117,118,76,75,2022,5
"Sydney-Darwin","Sydney","Darwin","All Airlines","May-22",85,83,2,48,54,35,29,2022,5
"Sydney-Dubbo","Sydney","Dubbo","All Airlines","May-22",201,200,1,122,121,78,79,2022,5
"Sydney-Gold Coast","Sydney","Gold Coast","All Airlines","May-22",848,791,57,545,503,246,288,2022,5
"Sydney-Hamilton Island","Sydney","Hamilton Island","All Airlines","May-22",80,80,0,63,57,17,23,2022,5
"Sydney-Hobart","Sydney","Hobart","All Airlines","May-22",230,227,3,130,150,97,77,2022,5
"Sydney-Launceston","Sydney","Launceston","All Airlines","May-22",71,71,0,42,49,29,22,2022,5
"Sydney-Melbourne","Sydney","Melbourne","All Airlines","May-22",2387,1994,393,1221,1245,773,749,2022,5
"Sydney-Perth","Sydney","Perth","All Airlines","May-22",311,309,2,140,161,169,148,2022,5
"Sydney-Port Macquarie","Sydney","Port Macquarie","All Airlines","May-22",190,186,4,109,117,77,69,2022,5
"Sydney-Sunshine Coast","Sydney","Sunshine Coast","All Airlines","May-22",271,258,13,191,162,67,96,2022,5
"Sydney-Wagga Wagga","Sydney","Wagga Wagga","All Airlines","May-22",177,176,1,117,117,59,59,2022,5
"Townsville-Brisbane","Townsville","Brisbane","All Airlines","May-22",313,308,5,233,222,75,86,2022,5
"Townsville-Cairns","Townsville","Cairns","All Airlines","May-22",162,158,4,116,122,42,36,2022,5
"Wagga Wagga-Sydney","Wagga Wagga","Sydney","All Airlines","May-22",176,175,1,134,128,41,47,2022,5
"Adelaide-Brisbane","Adelaide","Brisbane","Jetstar","Jun-22",30,30,0,21,23,9,7,2022,6
"Adelaide-Gold Coast","Adelaide","Gold Coast","Jetstar","Jun-22",25,25,0,18,18,7,7,2022,6
"Adelaide-Melbourne","Adelaide","Melbourne","Jetstar","Jun-22",104,97,7,73,77,24,20,2022,6
"Adelaide-Perth","Adelaide","Perth","Jetstar","Jun-22",27,26,1,20,17,6,9,2022,6
"Adelaide-Sydney","Adelaide","Sydney","Jetstar","Jun-22",95,90,5,51,55,39,35,2022,6
"Ballina-Sydney","Ballina","Sydney","Jetstar","Jun-22",73,69,4,48,48,21,21,2022,6
"Brisbane-Adelaide","Brisbane","Adelaide","Jetstar","Jun-22",30,30,0,12,19,18,11,2022,6
"Brisbane-Cairns","Brisbane","Cairns","Jetstar","Jun-22",80,74,6,36,31,38,43,2022,6
"Brisbane-Canberra","Brisbane","Canberra","Jetstar","Jun-22",21,20,1,11,15,9,5,2022,6
"Brisbane-Darwin","Brisbane","Darwin","Jetstar","Jun-22",25,24,1,16,18,8,6,2022,6
"Brisbane-Hobart","Brisbane","Hobart","Jetstar","Jun-22",25,24,1,17,16,7,8,2022,6
"Brisbane-Mackay","Brisbane","Mackay","Jetstar","Jun-22",31,28,3,10,8,18,20,2022,6
"Brisbane-Melbourne","Brisbane","Melbourne","Jetstar","Jun-22",124,114,10,52,57,62,57,2022,6
"Brisbane-Newcastle","Brisbane","Newcastle","Jetstar","Jun-22",52,48,4,39,40,9,8,2022,6
"Brisbane-Perth","Brisbane","Perth","Jetstar","Jun-22",23,22,1,8,8,14,14,2022,6
"Brisbane-Proserpine","Brisbane","Proserpine","Jetstar","Jun-22",31,31,0,21,18,10,13,2022,6
"Brisbane-Sydney","Brisbane","Sydney","Jetstar","Jun-22",151,134,17,73,79,61,55,2022,6
"Brisbane-Townsville","Brisbane","Townsville","Jetstar","Jun-22",60,60,0,43,36,17,24,2022,6
"Cairns-Brisbane","Cairns","Brisbane","Jetstar","Jun-22",77,75,2,37,38,38,37,2022,6
"Cairns-Melbourne","Cairns","Melbourne","Jetstar","Jun-22",96,92,4,47,50,45,42,2022,6
"Cairns-Sydney","Cairns","Sydney","Jetstar","Jun-22",89,87,2,53,56,34,31,2022,6
"Canberra-Brisbane","Canberra","Brisbane","Jetstar","Jun-22",21,20,1,10,10,10,10,2022,6
"Darwin-Brisbane","Darwin","Brisbane","Jetstar","Jun-22",24,22,2,12,12,10,10,2022,6
"Darwin-Melbourne","Darwin","Melbourne","Jetstar","Jun-22",24,23,1,3,2,20,21,2022,6
"Darwin-Sydney","Darwin","Sydney","Jetstar","Jun-22",26,26,0,5,16,21,10,2022,6
"Gold Coast-Adelaide","Gold Coast","Adelaide","Jetstar","Jun-22",25,25,0,16,18,9,7,2022,6
"Gold Coast-Melbourne","Gold Coast","Melbourne","Jetstar","Jun-22",219,209,10,110,119,99,90,2022,6
"Gold Coast-Sydney","Gold Coast","Sydney","Jetstar","Jun-22",266,235,31,163,167,72,68,2022,6
"Hamilton Island-Sydney","Hamilton Island","Sydney","Jetstar","Jun-22",20,20,0,7,11,13,9,2022,6
"Hobart-Brisbane","Hobart","Brisbane","Jetstar","Jun-22",26,24,2,9,9,15,15,2022,6
"Hobart-Melbourne","Hobart","Melbourne","Jetstar","Jun-22",128,124,4,66,70,58,54,2022,6
"Hobart-Sydney","Hobart","Sydney","Jetstar","Jun-22",73,71,2,38,37,33,34,2022,6
"Launceston-Melbourne","Launceston","Melbourne","Jetstar","Jun-22",87,83,4,35,37,48,46,2022,6
"Launceston-Sydney","Launceston","Sydney","Jetstar","Jun-22",34,34,0,17,17,17,17,2022,6
"Mackay-Brisbane","Mackay","Brisbane","Jetstar","Jun-22",31,28,3,5,4,23,24,2022,6
"Melbourne-Adelaide","Melbourne","Adelaide","Jetstar","Jun-22",104,98,6,68,76,30,22,2022,6
"Melbourne-Brisbane","Melbourne","Brisbane","Jetstar","Jun-22",125,115,10,49,51,66,64,2022,6
"Melbourne-Cairns","Melbourne","Cairns","Jetstar","Jun-22",99,95,4,45,44,50,51,2022,6
"Melbourne-Darwin","Melbourne","Darwin","Jetstar","Jun-22",24,23,1,13,8,10,15,2022,6
"Melbourne-Gold Coast","Melbourne","Gold Coast","Jetstar","Jun-22",218,208,10,94,118,114,90,2022,6
"Melbourne-Hobart","Melbourne","Hobart","Jetstar","Jun-22",127,123,4,67,72,56,51,2022,6
"Melbourne-Launceston","Melbourne","Launceston","Jetstar","Jun-22",87,83,4,38,41,45,42,2022,6
"Melbourne-Newcastle","Melbourne","Newcastle","Jetstar","Jun-22",60,57,3,32,35,25,22,2022,6
"Melbourne-Perth","Melbourne","Perth","Jetstar","Jun-22",77,70,7,36,45,34,25,2022,6
"Melbourne-Sunshine Coast","Melbourne","Sunshine Coast","Jetstar","Jun-22",67,67,0,39,47,28,20,2022,6
"Melbourne-Sydney","Melbourne","Sydney","Jetstar","Jun-22",372,341,31,174,196,167,145,2022,6
"Newcastle-Brisbane","Newcastle","Brisbane","Jetstar","Jun-22",52,48,4,32,35,16,13,2022,6
"Newcastle-Melbourne","Newcastle","Melbourne","Jetstar","Jun-22",60,57,3,28,32,29,25,2022,6
"Perth-Adelaide","Perth","Adelaide","Jetstar","Jun-22",28,26,2,5,9,21,17,2022,6
"Perth-Brisbane","Perth","Brisbane","Jetstar","Jun-22",23,21,2,0,3,21,18,2022,6
"Perth-Melbourne","Perth","Melbourne","Jetstar","Jun-22",77,68,9,21,24,47,44,2022,6
"Perth-Sydney","Perth","Sydney","Jetstar","Jun-22",55,49,6,9,18,40,31,2022,6
"Proserpine-Brisbane","Proserpine","Brisbane","Jetstar","Jun-22",32,31,1,10,14,21,17,2022,6
"Sunshine Coast-Melbourne","Sunshine Coast","Melbourne","Jetstar","Jun-22",67,67,0,45,34,22,33,2022,6
"Sunshine Coast-Sydney","Sunshine Coast","Sydney","Jetstar","Jun-22",94,83,11,59,54,24,29,2022,6
"Sydney-Adelaide","Sydney","Adelaide","Jetstar","Jun-22",95,90,5,39,47,51,43,2022,6
"Sydney-Ballina","Sydney","Ballina","Jetstar","Jun-22",74,70,4,55,57,15,13,2022,6
"Sydney-Brisbane","Sydney","Brisbane","Jetstar","Jun-22",152,135,17,66,70,69,65,2022,6
"Sydney-Cairns","Sydney","Cairns","Jetstar","Jun-22",89,89,0,57,61,32,28,2022,6
"Sydney-Darwin","Sydney","Darwin","Jetstar","Jun-22",26,26,0,14,14,12,12,2022,6
"Sydney-Gold Coast","Sydney","Gold Coast","Jetstar","Jun-22",266,238,28,167,172,71,66,2022,6
"Sydney-Hamilton Island","Sydney","Hamilton Island","Jetstar","Jun-22",20,20,0,14,15,6,5,2022,6
"Sydney-Hobart","Sydney","Hobart","Jetstar","Jun-22",74,73,1,47,50,26,23,2022,6
"Sydney-Launceston","Sydney","Launceston","Jetstar","Jun-22",33,33,0,18,20,15,13,2022,6
"Sydney-Melbourne","Sydney","Melbourne","Jetstar","Jun-22",374,342,32,190,214,152,128,2022,6
"Sydney-Perth","Sydney","Perth","Jetstar","Jun-22",50,50,0,29,30,21,20,2022,6
"Sydney-Sunshine Coast","Sydney","Sunshine Coast","Jetstar","Jun-22",93,84,9,62,64,22,20,2022,6
"Townsville-Brisbane","Townsville","Brisbane","Jetstar","Jun-22",60,60,0,30,36,30,24,2022,6
"Adelaide-Alice Springs","Adelaide","Alice Springs","Qantas","Jun-22",27,26,1,23,24,3,2,2022,6
"Adelaide-Brisbane","Adelaide","Brisbane","Qantas","Jun-22",50,50,0,35,35,15,15,2022,6
"Adelaide-Melbourne","Adelaide","Melbourne","Qantas","Jun-22",239,220,19,154,159,66,61,2022,6
"Adelaide-Perth","Adelaide","Perth","Qantas","Jun-22",96,95,1,76,64,19,31,2022,6
"Adelaide-Sydney","Adelaide","Sydney","Qantas","Jun-22",227,216,11,127,123,89,93,2022,6
"Alice Springs-Adelaide","Alice Springs","Adelaide","Qantas","Jun-22",27,26,1,20,18,6,8,2022,6
"Brisbane-Adelaide","Brisbane","Adelaide","Qantas","Jun-22",50,50,0,34,37,16,13,2022,6
"Brisbane-Cairns","Brisbane","Cairns","Qantas","Jun-22",100,100,0,59,56,41,44,2022,6
"Brisbane-Canberra","Brisbane","Canberra","Qantas","Jun-22",4,4,0,4,4,0,0,2022,6
"Brisbane-Darwin","Brisbane","Darwin","Qantas","Jun-22",63,62,1,36,38,26,24,2022,6
"Brisbane-Hamilton Island","Brisbane","Hamilton Island","Qantas","Jun-22",31,30,1,25,25,5,5,2022,6
"Brisbane-Mackay","Brisbane","Mackay","Qantas","Jun-22",104,101,3,81,80,20,21,2022,6
"Brisbane-Melbourne","Brisbane","Melbourne","Qantas","Jun-22",369,341,28,216,222,125,119,2022,6
"Brisbane-Mount Isa","Brisbane","Mount Isa","Qantas","Jun-22",31,31,0,28,27,3,4,2022,6
"Brisbane-Perth","Brisbane","Perth","Qantas","Jun-22",154,150,4,104,98,46,52,2022,6
"Brisbane-Sydney","Brisbane","Sydney","Qantas","Jun-22",574,518,56,354,350,164,168,2022,6
"Brisbane-Townsville","Brisbane","Townsville","Qantas","Jun-22",104,104,0,69,65,35,39,2022,6
"Broome-Perth","Broome","Perth","Qantas","Jun-22",9,9,0,2,2,7,7,2022,6
"Cairns-Brisbane","Cairns","Brisbane","Qantas","Jun-22",100,100,0,68,73,32,27,2022,6
"Cairns-Melbourne","Cairns","Melbourne","Qantas","Jun-22",50,50,0,26,13,24,37,2022,6
"Cairns-Sydney","Cairns","Sydney","Qantas","Jun-22",75,75,0,36,32,39,43,2022,6
"Canberra-Brisbane","Canberra","Brisbane","Qantas","Jun-22",4,4,0,1,2,3,2,2022,6
"Darwin-Brisbane","Darwin","Brisbane","Qantas","Jun-22",63,62,1,21,29,41,33,2022,6
"Darwin-Melbourne","Darwin","Melbourne","Qantas","Jun-22",39,39,0,13,14,26,25,2022,6
"Darwin-Perth","Darwin","Perth","Qantas","Jun-22",6,6,0,6,2,0,4,2022,6
"Darwin-Sydney","Darwin","Sydney","Qantas","Jun-22",38,38,0,1,6,37,32,2022,6
"Gold Coast-Melbourne","Gold Coast","Melbourne","Qantas","Jun-22",13,13,0,2,3,11,10,2022,6
"Gold Coast-Sydney","Gold Coast","Sydney","Qantas","Jun-22",53,53,0,36,34,17,19,2022,6
"Hamilton Island-Brisbane","Hamilton Island","Brisbane","Qantas","Jun-22",31,29,2,17,17,12,12,2022,6
"Hamilton Island-Sydney","Hamilton Island","Sydney","Qantas","Jun-22",29,29,0,15,15,14,14,2022,6
"Hobart-Melbourne","Hobart","Melbourne","Qantas","Jun-22",13,13,0,7,7,6,6,2022,6
"Hobart-Sydney","Hobart","Sydney","Qantas","Jun-22",4,4,0,2,2,2,2,2022,6
"Kalgoorlie-Perth","Kalgoorlie","Perth","Qantas","Jun-22",9,9,0,1,4,8,5,2022,6
"Karratha-Perth","Karratha","Perth","Qantas","Jun-22",16,15,1,9,11,6,4,2022,6
"Mackay-Brisbane","Mackay","Brisbane","Qantas","Jun-22",104,103,1,74,69,29,34,2022,6
"Melbourne-Adelaide","Melbourne","Adelaide","Qantas","Jun-22",238,220,18,118,118,102,102,2022,6
"Melbourne-Brisbane","Melbourne","Brisbane","Qantas","Jun-22",374,350,24,170,200,180,150,2022,6
"Melbourne-Cairns","Melbourne","Cairns","Qantas","Jun-22",50,50,0,22,28,28,22,2022,6
"Melbourne-Darwin","Melbourne","Darwin","Qantas","Jun-22",40,40,0,12,16,28,24,2022,6
"Melbourne-Gold Coast","Melbourne","Gold Coast","Qantas","Jun-22",13,13,0,3,5,10,8,2022,6
"Melbourne-Hobart","Melbourne","Hobart","Qantas","Jun-22",13,13,0,6,9,7,4,2022,6
"Melbourne-Perth","Melbourne","Perth","Qantas","Jun-22",178,177,1,64,71,113,106,2022,6
"Melbourne-Sydney","Melbourne","Sydney","Qantas","Jun-22",891,702,189,395,403,307,299,2022,6
"Mount Isa-Brisbane","Mount Isa","Brisbane","Qantas","Jun-22",31,31,0,24,26,7,5,2022,6
"Newman-Perth","Newman","Perth","Qantas","Jun-22",40,37,3,29,28,8,9,2022,6
"Perth-Adelaide","Perth","Adelaide","Qantas","Jun-22",96,94,2,67,65,27,29,2022,6
"Perth-Brisbane","Perth","Brisbane","Qantas","Jun-22",151,147,4,99,110,48,37,2022,6
"Perth-Broome","Perth","Broome","Qantas","Jun-22",9,9,0,6,8,3,1,2022,6
"Perth-Darwin","Perth","Darwin","Qantas","Jun-22",6,6,0,4,6,2,0,2022,6
"Perth-Kalgoorlie","Perth","Kalgoorlie","Qantas","Jun-22",9,9,0,7,6,2,3,2022,6
"Perth-Karratha","Perth","Karratha","Qantas","Jun-22",16,15,1,11,14,4,1,2022,6
"Perth-Melbourne","Perth","Melbourne","Qantas","Jun-22",180,178,2,130,123,48,55,2022,6
"Perth-Newman","Perth","Newman","Qantas","Jun-22",40,37,3,26,31,11,6,2022,6
"Perth-Port Hedland","Perth","Port Hedland","Qantas","Jun-22",35,34,1,29,29,5,5,2022,6
"Perth-Sydney","Perth","Sydney","Qantas","Jun-22",175,174,1,116,124,58,50,2022,6
"Port Hedland-Perth","Port Hedland","Perth","Qantas","Jun-22",35,34,1,19,20,15,14,2022,6
"Sunshine Coast-Sydney","Sunshine Coast","Sydney","Qantas","Jun-22",60,60,0,35,40,25,20,2022,6
"Sydney-Adelaide","Sydney","Adelaide","Qantas","Jun-22",227,217,10,134,120,83,97,2022,6
"Sydney-Brisbane","Sydney","Brisbane","Qantas","Jun-22",574,508,66,244,245,264,263,2022,6
"Sydney-Cairns","Sydney","Cairns","Qantas","Jun-22",75,75,0,30,37,45,38,2022,6
"Sydney-Darwin","Sydney","Darwin","Qantas","Jun-22",39,39,0,15,13,24,26,2022,6
"Sydney-Gold Coast","Sydney","Gold Coast","Qantas","Jun-22",53,53,0,21,29,32,24,2022,6
"Sydney-Hamilton Island","Sydney","Hamilton Island","Qantas","Jun-22",29,29,0,14,18,15,11,2022,6
"Sydney-Hobart","Sydney","Hobart","Qantas","Jun-22",4,4,0,2,2,2,2,2022,6
"Sydney-Melbourne","Sydney","Melbourne","Qantas","Jun-22",896,698,198,391,389,307,309,2022,6
"Sydney-Perth","Sydney","Perth","Qantas","Jun-22",174,172,2,68,58,104,114,2022,6
"Sydney-Sunshine Coast","Sydney","Sunshine Coast","Qantas","Jun-22",60,59,1,37,31,22,28,2022,6
"Townsville-Brisbane","Townsville","Brisbane","Qantas","Jun-22",104,104,0,71,72,33,32,2022,6
"Adelaide-Brisbane","Adelaide","Brisbane","QantasLink","Jun-22",71,71,0,32,32,39,39,2022,6
"Adelaide-Canberra","Adelaide","Canberra","QantasLink","Jun-22",62,61,1,53,46,8,15,2022,6
"Adelaide-Melbourne","Adelaide","Melbourne","QantasLink","Jun-22",13,13,0,7,7,6,6,2022,6
"Adelaide-Port Lincoln","Adelaide","Port Lincoln","QantasLink","Jun-22",138,136,2,108,106,28,30,2022,6
"Albury-Sydney","Albury","Sydney","QantasLink","Jun-22",94,87,7,42,45,45,42,2022,6
"Armidale-Sydney","Armidale","Sydney","QantasLink","Jun-22",90,85,5,69,67,16,18,2022,6
"Ballina-Sydney","Ballina","Sydney","QantasLink","Jun-22",105,89,16,44,35,45,54,2022,6
"Brisbane-Adelaide","Brisbane","Adelaide","QantasLink","Jun-22",71,70,1,37,33,33,37,2022,6
"Brisbane-Cairns","Brisbane","Cairns","QantasLink","Jun-22",31,30,1,17,9,13,21,2022,6
"Brisbane-Canberra","Brisbane","Canberra","QantasLink","Jun-22",163,153,10,83,89,70,64,2022,6
"Brisbane-Emerald","Brisbane","Emerald","QantasLink","Jun-22",109,107,2,85,81,22,26,2022,6
"Brisbane-Gladstone","Brisbane","Gladstone","QantasLink","Jun-22",130,122,8,64,74,58,48,2022,6
"Brisbane-Hobart","Brisbane","Hobart","QantasLink","Jun-22",22,22,0,9,7,13,15,2022,6
"Brisbane-Mackay","Brisbane","Mackay","QantasLink","Jun-22",9,8,1,6,5,2,3,2022,6
"Brisbane-Mount Isa","Brisbane","Mount Isa","QantasLink","Jun-22",20,20,0,7,6,13,14,2022,6
"Brisbane-Newcastle","Brisbane","Newcastle","QantasLink","Jun-22",109,101,8,63,63,38,38,2022,6
"Brisbane-Proserpine","Brisbane","Proserpine","QantasLink","Jun-22",23,22,1,12,5,10,17,2022,6
"Brisbane-Rockhampton","Brisbane","Rockhampton","QantasLink","Jun-22",163,155,8,107,100,48,55,2022,6
"Brisbane-Townsville","Brisbane","Townsville","QantasLink","Jun-22",22,21,1,9,6,12,15,2022,6
"Broome-Perth","Broome","Perth","QantasLink","Jun-22",83,73,10,23,28,50,45,2022,6
"Cairns-Brisbane","Cairns","Brisbane","QantasLink","Jun-22",31,30,1,6,7,24,23,2022,6
"Cairns-Townsville","Cairns","Townsville","QantasLink","Jun-22",138,133,5,112,111,21,22,2022,6
"Canberra-Adelaide","Canberra","Adelaide","QantasLink","Jun-22",62,60,2,39,42,21,18,2022,6
"Canberra-Brisbane","Canberra","Brisbane","QantasLink","Jun-22",162,152,10,86,85,66,67,2022,6
"Canberra-Melbourne","Canberra","Melbourne","QantasLink","Jun-22",283,241,42,108,104,133,137,2022,6
"Canberra-Sydney","Canberra","Sydney","QantasLink","Jun-22",495,418,77,277,279,141,139,2022,6
"Coffs Harbour-Sydney","Coffs Harbour","Sydney","QantasLink","Jun-22",112,107,5,73,75,34,32,2022,6
"Darwin-Perth","Darwin","Perth","QantasLink","Jun-22",31,31,0,7,9,24,22,2022,6
"Dubbo-Sydney","Dubbo","Sydney","QantasLink","Jun-22",86,85,1,56,58,29,27,2022,6
"Emerald-Brisbane","Emerald","Brisbane","QantasLink","Jun-22",109,107,2,76,78,31,29,2022,6
"Gladstone-Brisbane","Gladstone","Brisbane","QantasLink","Jun-22",129,121,8,84,82,37,39,2022,6
"Gold Coast-Melbourne","Gold Coast","Melbourne","QantasLink","Jun-22",69,60,9,21,27,39,33,2022,6
"Gold Coast-Sydney","Gold Coast","Sydney","QantasLink","Jun-22",53,46,7,25,24,21,22,2022,6
"Hobart-Brisbane","Hobart","Brisbane","QantasLink","Jun-22",22,22,0,6,11,16,11,2022,6
"Hobart-Melbourne","Hobart","Melbourne","QantasLink","Jun-22",104,95,9,46,50,49,45,2022,6
"Hobart-Sydney","Hobart","Sydney","QantasLink","Jun-22",80,76,4,43,34,33,42,2022,6
"Kalgoorlie-Perth","Kalgoorlie","Perth","QantasLink","Jun-22",65,60,5,23,27,37,33,2022,6
"Karratha-Perth","Karratha","Perth","QantasLink","Jun-22",132,127,5,69,77,58,50,2022,6
"Launceston-Melbourne","Launceston","Melbourne","QantasLink","Jun-22",111,100,11,34,29,66,71,2022,6
"Launceston-Sydney","Launceston","Sydney","QantasLink","Jun-22",15,14,1,6,6,8,8,2022,6
"Mackay-Brisbane","Mackay","Brisbane","QantasLink","Jun-22",14,10,4,9,9,1,1,2022,6
"Melbourne-Adelaide","Melbourne","Adelaide","QantasLink","Jun-22",13,12,1,0,0,12,12,2022,6
"Melbourne-Canberra","Melbourne","Canberra","QantasLink","Jun-22",284,242,42,93,105,149,137,2022,6
"Melbourne-Gold Coast","Melbourne","Gold Coast","QantasLink","Jun-22",69,61,8,30,30,31,31,2022,6
"Melbourne-Hobart","Melbourne","Hobart","QantasLink","Jun-22",103,97,6,31,27,66,70,2022,6
"Melbourne-Launceston","Melbourne","Launceston","QantasLink","Jun-22",111,101,10,36,29,65,72,2022,6
"Melbourne-Mildura","Melbourne","Mildura","QantasLink","Jun-22",112,104,8,26,26,78,78,2022,6
"Melbourne-Newcastle","Melbourne","Newcastle","QantasLink","Jun-22",52,47,5,20,21,27,26,2022,6
"Melbourne-Sunshine Coast","Melbourne","Sunshine Coast","QantasLink","Jun-22",59,55,4,19,16,36,39,2022,6
"Melbourne-Sydney","Melbourne","Sydney","QantasLink","Jun-22",60,33,27,15,14,18,19,2022,6
"Mildura-Melbourne","Mildura","Melbourne","QantasLink","Jun-22",112,104,8,30,29,74,75,2022,6
"Mount Isa-Brisbane","Mount Isa","Brisbane","QantasLink","Jun-22",20,20,0,7,11,13,9,2022,6
"Newcastle-Brisbane","Newcastle","Brisbane","QantasLink","Jun-22",108,99,9,69,73,30,26,2022,6
"Newcastle-Melbourne","Newcastle","Melbourne","QantasLink","Jun-22",52,49,3,29,26,20,23,2022,6
"Newman-Perth","Newman","Perth","QantasLink","Jun-22",79,75,4,49,41,26,34,2022,6
"Perth-Broome","Perth","Broome","QantasLink","Jun-22",83,75,8,40,53,35,22,2022,6
"Perth-Darwin","Perth","Darwin","QantasLink","Jun-22",31,31,0,14,14,17,17,2022,6
"Perth-Kalgoorlie","Perth","Kalgoorlie","QantasLink","Jun-22",64,59,5,33,27,26,32,2022,6
"Perth-Karratha","Perth","Karratha","QantasLink","Jun-22",131,127,4,84,74,43,53,2022,6
"Perth-Newman","Perth","Newman","QantasLink","Jun-22",77,73,4,49,53,24,20,2022,6
"Perth-Port Hedland","Perth","Port Hedland","QantasLink","Jun-22",85,81,4,48,51,33,30,2022,6
"Port Hedland-Perth","Port Hedland","Perth","QantasLink","Jun-22",90,85,5,38,39,47,46,2022,6
"Port Lincoln-Adelaide","Port Lincoln","Adelaide","QantasLink","Jun-22",138,135,3,110,114,25,21,2022,6
"Port Macquarie-Sydney","Port Macquarie","Sydney","QantasLink","Jun-22",100,98,2,72,72,26,26,2022,6
"Proserpine-Brisbane","Proserpine","Brisbane","QantasLink","Jun-22",23,22,1,5,6,17,16,2022,6
"Rockhampton-Brisbane","Rockhampton","Brisbane","QantasLink","Jun-22",161,149,12,83,87,66,62,2022,6
"Sunshine Coast-Melbourne","Sunshine Coast","Melbourne","QantasLink","Jun-22",58,53,5,15,11,38,42,2022,6
"Sydney-Albury","Sydney","Albury","QantasLink","Jun-22",94,87,7,55,57,32,30,2022,6
"Sydney-Armidale","Sydney","Armidale","QantasLink","Jun-22",90,85,5,55,62,30,23,2022,6
"Sydney-Ballina","Sydney","Ballina","QantasLink","Jun-22",105,89,16,49,41,40,48,2022,6
"Sydney-Canberra","Sydney","Canberra","QantasLink","Jun-22",496,416,80,259,248,157,168,2022,6
"Sydney-Coffs Harbour","Sydney","Coffs Harbour","QantasLink","Jun-22",112,107,5,57,75,50,32,2022,6
"Sydney-Dubbo","Sydney","Dubbo","QantasLink","Jun-22",86,85,1,46,47,39,38,2022,6
"Sydney-Gold Coast","Sydney","Gold Coast","QantasLink","Jun-22",53,46,7,28,28,18,18,2022,6
"Sydney-Hobart","Sydney","Hobart","QantasLink","Jun-22",81,77,4,25,31,52,46,2022,6
"Sydney-Launceston","Sydney","Launceston","QantasLink","Jun-22",15,14,1,6,6,8,8,2022,6
"Sydney-Melbourne","Sydney","Melbourne","QantasLink","Jun-22",60,35,25,8,8,27,27,2022,6
"Sydney-Port Macquarie","Sydney","Port Macquarie","QantasLink","Jun-22",100,98,2,52,67,46,31,2022,6
"Sydney-Wagga Wagga","Sydney","Wagga Wagga","QantasLink","Jun-22",85,84,1,44,43,40,41,2022,6
"Townsville-Brisbane","Townsville","Brisbane","QantasLink","Jun-22",22,21,1,4,5,17,16,2022,6
"Townsville-Cairns","Townsville","Cairns","QantasLink","Jun-22",138,131,7,96,100,35,31,2022,6
"Wagga Wagga-Sydney","Wagga Wagga","Sydney","QantasLink","Jun-22",85,84,1,51,56,33,28,2022,6
"Adelaide-Melbourne","Adelaide","Melbourne","Rex Airlines","Jun-22",39,39,0,37,37,2,2,2022,6
"Adelaide-Port Lincoln","Adelaide","Port Lincoln","Rex Airlines","Jun-22",174,174,0,145,133,29,41,2022,6
"Albury-Sydney","Albury","Sydney","Rex Airlines","Jun-22",104,104,0,94,93,10,11,2022,6
"Armidale-Sydney","Armidale","Sydney","Rex Airlines","Jun-22",77,77,0,63,54,14,23,2022,6
"Ballina-Sydney","Ballina","Sydney","Rex Airlines","Jun-22",26,26,0,21,18,5,8,2022,6
"Brisbane-Melbourne","Brisbane","Melbourne","Rex Airlines","Jun-22",43,42,1,37,33,5,9,2022,6
"Brisbane-Sydney","Brisbane","Sydney","Rex Airlines","Jun-22",69,69,0,67,62,2,7,2022,6
"Cairns-Townsville","Cairns","Townsville","Rex Airlines","Jun-22",13,13,0,12,12,1,1,2022,6
"Canberra-Melbourne","Canberra","Melbourne","Rex Airlines","Jun-22",30,30,0,28,26,2,4,2022,6
"Coffs Harbour-Sydney","Coffs Harbour","Sydney","Rex Airlines","Jun-22",86,86,0,73,65,13,21,2022,6
"Dubbo-Sydney","Dubbo","Sydney","Rex Airlines","Jun-22",107,106,1,80,74,26,32,2022,6
"Gold Coast-Melbourne","Gold Coast","Melbourne","Rex Airlines","Jun-22",45,43,2,32,22,11,21,2022,6
"Gold Coast-Sydney","Gold Coast","Sydney","Rex Airlines","Jun-22",38,37,1,30,31,7,6,2022,6
"Melbourne-Adelaide","Melbourne","Adelaide","Rex Airlines","Jun-22",40,40,0,37,34,3,6,2022,6
"Melbourne-Brisbane","Melbourne","Brisbane","Rex Airlines","Jun-22",43,42,1,40,38,2,4,2022,6
"Melbourne-Canberra","Melbourne","Canberra","Rex Airlines","Jun-22",30,30,0,27,27,3,3,2022,6
"Melbourne-Gold Coast","Melbourne","Gold Coast","Rex Airlines","Jun-22",45,43,2,33,33,10,10,2022,6
"Melbourne-Mildura","Melbourne","Mildura","Rex Airlines","Jun-22",93,93,0,70,67,23,26,2022,6
"Melbourne-Sydney","Melbourne","Sydney","Rex Airlines","Jun-22",112,110,2,96,96,14,14,2022,6
"Mildura-Melbourne","Mildura","Melbourne","Rex Airlines","Jun-22",93,93,0,78,72,15,21,2022,6
"Port Lincoln-Adelaide","Port Lincoln","Adelaide","Rex Airlines","Jun-22",175,175,0,139,133,36,42,2022,6
"Port Macquarie-Sydney","Port Macquarie","Sydney","Rex Airlines","Jun-22",81,81,0,68,53,13,28,2022,6
"Sydney-Albury","Sydney","Albury","Rex Airlines","Jun-22",104,104,0,88,89,16,15,2022,6
"Sydney-Armidale","Sydney","Armidale","Rex Airlines","Jun-22",77,77,0,68,66,9,11,2022,6
"Sydney-Ballina","Sydney","Ballina","Rex Airlines","Jun-22",26,26,0,21,21,5,5,2022,6
"Sydney-Brisbane","Sydney","Brisbane","Rex Airlines","Jun-22",69,69,0,58,58,11,11,2022,6
"Sydney-Coffs Harbour","Sydney","Coffs Harbour","Rex Airlines","Jun-22",87,87,0,74,80,13,7,2022,6
"Sydney-Dubbo","Sydney","Dubbo","Rex Airlines","Jun-22",111,111,0,83,85,28,26,2022,6
"Sydney-Gold Coast","Sydney","Gold Coast","Rex Airlines","Jun-22",38,37,1,31,30,6,7,2022,6
"Sydney-Melbourne","Sydney","Melbourne","Rex Airlines","Jun-22",112,110,2,100,98,10,12,2022,6
"Sydney-Port Macquarie","Sydney","Port Macquarie","Rex Airlines","Jun-22",81,81,0,64,66,17,15,2022,6
"Sydney-Wagga Wagga","Sydney","Wagga Wagga","Rex Airlines","Jun-22",85,85,0,63,59,22,26,2022,6
"Townsville-Cairns","Townsville","Cairns","Rex Airlines","Jun-22",13,13,0,12,12,1,1,2022,6
"Wagga Wagga-Sydney","Wagga Wagga","Sydney","Rex Airlines","Jun-22",85,85,0,68,62,17,23,2022,6
"Adelaide-Alice Springs","Adelaide","Alice Springs","Virgin Australia","Jun-22",13,13,0,10,10,3,3,2022,6
"Adelaide-Brisbane","Adelaide","Brisbane","Virgin Australia","Jun-22",100,96,4,78,86,18,10,2022,6
"Adelaide-Canberra","Adelaide","Canberra","Virgin Australia","Jun-22",16,16,0,13,14,3,2,2022,6
"Adelaide-Gold Coast","Adelaide","Gold Coast","Virgin Australia","Jun-22",30,29,1,24,24,5,5,2022,6
"Adelaide-Melbourne","Adelaide","Melbourne","Virgin Australia","Jun-22",275,260,15,125,134,135,126,2022,6
"Adelaide-Perth","Adelaide","Perth","Virgin Australia","Jun-22",1,0,1,0,0,0,0,2022,6
"Adelaide-Sydney","Adelaide","Sydney","Virgin Australia","Jun-22",131,126,5,77,80,49,46,2022,6
"Alice Springs-Adelaide","Alice Springs","Adelaide","Virgin Australia","Jun-22",13,13,0,3,3,10,10,2022,6
"Ballina-Sydney","Ballina","Sydney","Virgin Australia","Jun-22",69,61,8,42,39,19,22,2022,6
"Brisbane-Adelaide","Brisbane","Adelaide","Virgin Australia","Jun-22",100,96,4,74,83,22,13,2022,6
"Brisbane-Cairns","Brisbane","Cairns","Virgin Australia","Jun-22",139,138,1,73,69,65,69,2022,6
"Brisbane-Canberra","Brisbane","Canberra","Virgin Australia","Jun-22",93,90,3,62,67,28,23,2022,6
"Brisbane-Darwin","Brisbane","Darwin","Virgin Australia","Jun-22",40,40,0,32,28,8,12,2022,6
"Brisbane-Emerald","Brisbane","Emerald","Virgin Australia","Jun-22",26,26,0,20,21,6,5,2022,6
"Brisbane-Gladstone","Brisbane","Gladstone","Virgin Australia","Jun-22",52,47,5,41,38,6,9,2022,6
"Brisbane-Hamilton Island","Brisbane","Hamilton Island","Virgin Australia","Jun-22",37,35,2,27,27,8,8,2022,6
"Brisbane-Hobart","Brisbane","Hobart","Virgin Australia","Jun-22",47,42,5,25,26,17,16,2022,6
"Brisbane-Mackay","Brisbane","Mackay","Virgin Australia","Jun-22",128,126,2,85,90,41,36,2022,6
"Brisbane-Melbourne","Brisbane","Melbourne","Virgin Australia","Jun-22",331,311,20,136,136,175,175,2022,6
"Brisbane-Mount Isa","Brisbane","Mount Isa","Virgin Australia","Jun-22",13,13,0,11,8,2,5,2022,6
"Brisbane-Newcastle","Brisbane","Newcastle","Virgin Australia","Jun-22",82,81,1,67,56,14,25,2022,6
"Brisbane-Perth","Brisbane","Perth","Virgin Australia","Jun-22",91,89,2,53,67,36,22,2022,6
"Brisbane-Proserpine","Brisbane","Proserpine","Virgin Australia","Jun-22",36,36,0,26,28,10,8,2022,6
"Brisbane-Rockhampton","Brisbane","Rockhampton","Virgin Australia","Jun-22",108,108,0,77,56,31,52,2022,6
"Brisbane-Sydney","Brisbane","Sydney","Virgin Australia","Jun-22",508,457,51,252,276,205,181,2022,6
"Brisbane-Townsville","Brisbane","Townsville","Virgin Australia","Jun-22",127,123,4,87,86,36,37,2022,6
"Broome-Perth","Broome","Perth","Virgin Australia","Jun-22",14,14,0,0,1,14,13,2022,6
"Cairns-Brisbane","Cairns","Brisbane","Virgin Australia","Jun-22",139,138,1,73,88,65,50,2022,6
"Cairns-Melbourne","Cairns","Melbourne","Virgin Australia","Jun-22",78,75,3,22,12,53,63,2022,6
"Cairns-Sydney","Cairns","Sydney","Virgin Australia","Jun-22",75,72,3,39,36,33,36,2022,6
"Canberra-Adelaide","Canberra","Adelaide","Virgin Australia","Jun-22",16,16,0,12,13,4,3,2022,6
"Canberra-Brisbane","Canberra","Brisbane","Virgin Australia","Jun-22",93,90,3,65,68,25,22,2022,6
"Canberra-Melbourne","Canberra","Melbourne","Virgin Australia","Jun-22",133,128,5,74,70,54,58,2022,6
"Canberra-Sydney","Canberra","Sydney","Virgin Australia","Jun-22",251,248,3,207,214,41,34,2022,6
"Darwin-Brisbane","Darwin","Brisbane","Virgin Australia","Jun-22",40,40,0,18,24,22,16,2022,6
"Darwin-Melbourne","Darwin","Melbourne","Virgin Australia","Jun-22",38,37,1,7,8,30,29,2022,6
"Darwin-Sydney","Darwin","Sydney","Virgin Australia","Jun-22",25,24,1,18,23,6,1,2022,6
"Emerald-Brisbane","Emerald","Brisbane","Virgin Australia","Jun-22",26,26,0,17,19,9,7,2022,6
"Gladstone-Brisbane","Gladstone","Brisbane","Virgin Australia","Jun-22",52,47,5,36,29,11,18,2022,6
"Gold Coast-Adelaide","Gold Coast","Adelaide","Virgin Australia","Jun-22",30,29,1,19,16,10,13,2022,6
"Gold Coast-Melbourne","Gold Coast","Melbourne","Virgin Australia","Jun-22",299,285,14,162,175,123,110,2022,6
"Gold Coast-Sydney","Gold Coast","Sydney","Virgin Australia","Jun-22",349,321,28,214,216,107,105,2022,6
"Hamilton Island-Brisbane","Hamilton Island","Brisbane","Virgin Australia","Jun-22",37,35,2,19,24,16,11,2022,6
"Hamilton Island-Sydney","Hamilton Island","Sydney","Virgin Australia","Jun-22",30,28,2,14,16,14,12,2022,6
"Hobart-Brisbane","Hobart","Brisbane","Virgin Australia","Jun-22",47,42,5,19,19,23,23,2022,6
"Hobart-Melbourne","Hobart","Melbourne","Virgin Australia","Jun-22",138,137,1,73,64,64,73,2022,6
"Hobart-Sydney","Hobart","Sydney","Virgin Australia","Jun-22",80,72,8,50,48,22,24,2022,6
"Kalgoorlie-Perth","Kalgoorlie","Perth","Virgin Australia","Jun-22",27,27,0,7,11,20,16,2022,6
"Karratha-Perth","Karratha","Perth","Virgin Australia","Jun-22",18,18,0,4,6,14,12,2022,6
"Launceston-Melbourne","Launceston","Melbourne","Virgin Australia","Jun-22",100,98,2,80,72,18,26,2022,6
"Launceston-Sydney","Launceston","Sydney","Virgin Australia","Jun-22",30,29,1,22,19,7,10,2022,6
"Mackay-Brisbane","Mackay","Brisbane","Virgin Australia","Jun-22",128,125,3,83,101,42,24,2022,6
"Melbourne-Adelaide","Melbourne","Adelaide","Virgin Australia","Jun-22",275,261,14,132,144,129,117,2022,6
"Melbourne-Brisbane","Melbourne","Brisbane","Virgin Australia","Jun-22",334,311,23,146,165,165,146,2022,6
"Melbourne-Cairns","Melbourne","Cairns","Virgin Australia","Jun-22",77,75,2,33,36,42,39,2022,6
"Melbourne-Canberra","Melbourne","Canberra","Virgin Australia","Jun-22",133,129,4,76,81,53,48,2022,6
"Melbourne-Darwin","Melbourne","Darwin","Virgin Australia","Jun-22",38,38,0,18,17,20,21,2022,6
"Melbourne-Gold Coast","Melbourne","Gold Coast","Virgin Australia","Jun-22",299,285,14,161,182,124,103,2022,6
"Melbourne-Hobart","Melbourne","Hobart","Virgin Australia","Jun-22",138,137,1,74,62,63,75,2022,6
"Melbourne-Launceston","Melbourne","Launceston","Virgin Australia","Jun-22",100,99,1,60,51,39,48,2022,6
"Melbourne-Newcastle","Melbourne","Newcastle","Virgin Australia","Jun-22",30,30,0,16,18,14,12,2022,6
"Melbourne-Perth","Melbourne","Perth","Virgin Australia","Jun-22",131,128,3,63,79,65,49,2022,6
"Melbourne-Sunshine Coast","Melbourne","Sunshine Coast","Virgin Australia","Jun-22",101,92,9,57,64,35,28,2022,6
"Melbourne-Sydney","Melbourne","Sydney","Virgin Australia","Jun-22",813,726,87,435,452,291,274,2022,6
"Mount Isa-Brisbane","Mount Isa","Brisbane","Virgin Australia","Jun-22",13,13,0,7,8,6,5,2022,6
"Newcastle-Brisbane","Newcastle","Brisbane","Virgin Australia","Jun-22",82,81,1,70,68,11,13,2022,6
"Newcastle-Melbourne","Newcastle","Melbourne","Virgin Australia","Jun-22",30,30,0,17,15,13,15,2022,6
"Newman-Perth","Newman","Perth","Virgin Australia","Jun-22",19,19,0,13,11,6,8,2022,6
"Perth-Adelaide","Perth","Adelaide","Virgin Australia","Jun-22",2,1,1,1,1,0,0,2022,6
"Perth-Brisbane","Perth","Brisbane","Virgin Australia","Jun-22",91,90,1,47,65,43,25,2022,6
"Perth-Broome","Perth","Broome","Virgin Australia","Jun-22",14,14,0,1,4,13,10,2022,6
"Perth-Kalgoorlie","Perth","Kalgoorlie","Virgin Australia","Jun-22",27,27,0,18,19,9,8,2022,6
"Perth-Karratha","Perth","Karratha","Virgin Australia","Jun-22",18,18,0,12,11,6,7,2022,6
"Perth-Melbourne","Perth","Melbourne","Virgin Australia","Jun-22",133,130,3,59,68,71,62,2022,6
"Perth-Newman","Perth","Newman","Virgin Australia","Jun-22",19,19,0,13,16,6,3,2022,6
"Perth-Port Hedland","Perth","Port Hedland","Virgin Australia","Jun-22",11,11,0,8,8,3,3,2022,6
"Perth-Sydney","Perth","Sydney","Virgin Australia","Jun-22",116,109,7,37,69,72,40,2022,6
"Port Hedland-Perth","Port Hedland","Perth","Virgin Australia","Jun-22",11,11,0,4,4,7,7,2022,6
"Proserpine-Brisbane","Proserpine","Brisbane","Virgin Australia","Jun-22",36,36,0,19,24,17,12,2022,6
"Rockhampton-Brisbane","Rockhampton","Brisbane","Virgin Australia","Jun-22",107,107,0,78,80,29,27,2022,6
"Sunshine Coast-Melbourne","Sunshine Coast","Melbourne","Virgin Australia","Jun-22",101,92,9,50,37,42,55,2022,6
"Sunshine Coast-Sydney","Sunshine Coast","Sydney","Virgin Australia","Jun-22",98,83,15,50,31,33,52,2022,6
"Sydney-Adelaide","Sydney","Adelaide","Virgin Australia","Jun-22",131,126,5,85,73,41,53,2022,6
"Sydney-Ballina","Sydney","Ballina","Virgin Australia","Jun-22",69,62,7,45,41,17,21,2022,6
"Sydney-Brisbane","Sydney","Brisbane","Virgin Australia","Jun-22",506,458,48,319,315,139,143,2022,6
"Sydney-Cairns","Sydney","Cairns","Virgin Australia","Jun-22",75,72,3,45,53,27,19,2022,6
"Sydney-Canberra","Sydney","Canberra","Virgin Australia","Jun-22",251,248,3,182,195,66,53,2022,6
"Sydney-Darwin","Sydney","Darwin","Virgin Australia","Jun-22",24,24,0,17,17,7,7,2022,6
"Sydney-Gold Coast","Sydney","Gold Coast","Virgin Australia","Jun-22",349,320,29,199,191,121,129,2022,6
"Sydney-Hamilton Island","Sydney","Hamilton Island","Virgin Australia","Jun-22",30,28,2,17,18,11,10,2022,6
"Sydney-Hobart","Sydney","Hobart","Virgin Australia","Jun-22",81,73,8,59,59,14,14,2022,6
"Sydney-Launceston","Sydney","Launceston","Virgin Australia","Jun-22",30,29,1,19,23,10,6,2022,6
"Sydney-Melbourne","Sydney","Melbourne","Virgin Australia","Jun-22",813,724,89,394,394,330,330,2022,6
"Sydney-Perth","Sydney","Perth","Virgin Australia","Jun-22",116,108,8,65,66,43,42,2022,6
"Sydney-Sunshine Coast","Sydney","Sunshine Coast","Virgin Australia","Jun-22",98,83,15,58,58,25,25,2022,6
"Townsville-Brisbane","Townsville","Brisbane","Virgin Australia","Jun-22",127,123,4,100,109,23,14,2022,6
"Adelaide-Perth","Adelaide","Perth","Virgin Australia Regional Airlines","Jun-22",55,51,4,19,24,32,27,2022,6
"Broome-Perth","Broome","Perth","Virgin Australia Regional Airlines","Jun-22",51,50,1,19,23,31,27,2022,6
"Darwin-Perth","Darwin","Perth","Virgin Australia Regional Airlines","Jun-22",25,21,4,4,6,17,15,2022,6
"Kalgoorlie-Perth","Kalgoorlie","Perth","Virgin Australia Regional Airlines","Jun-22",37,35,2,14,18,21,17,2022,6
"Karratha-Perth","Karratha","Perth","Virgin Australia Regional Airlines","Jun-22",34,34,0,17,12,17,22,2022,6
"Newman-Perth","Newman","Perth","Virgin Australia Regional Airlines","Jun-22",38,34,4,17,15,17,19,2022,6
"Perth-Adelaide","Perth","Adelaide","Virgin Australia Regional Airlines","Jun-22",55,51,4,30,31,21,20,2022,6
"Perth-Broome","Perth","Broome","Virgin Australia Regional Airlines","Jun-22",51,51,0,26,29,25,22,2022,6
"Perth-Darwin","Perth","Darwin","Virgin Australia Regional Airlines","Jun-22",25,21,4,9,8,12,13,2022,6
"Perth-Kalgoorlie","Perth","Kalgoorlie","Virgin Australia Regional Airlines","Jun-22",37,35,2,24,23,11,12,2022,6
"Perth-Karratha","Perth","Karratha","Virgin Australia Regional Airlines","Jun-22",34,34,0,18,20,16,14,2022,6
"Perth-Newman","Perth","Newman","Virgin Australia Regional Airlines","Jun-22",37,33,4,21,20,12,13,2022,6
"Perth-Port Hedland","Perth","Port Hedland","Virgin Australia Regional Airlines","Jun-22",41,39,2,23,23,16,16,2022,6
"Port Hedland-Perth","Port Hedland","Perth","Virgin Australia Regional Airlines","Jun-22",41,39,2,17,13,22,26,2022,6
"Adelaide-Alice Springs","Adelaide","Alice Springs","All Airlines","Jun-22",40,39,1,33,34,6,5,2022,6
"Adelaide-Brisbane","Adelaide","Brisbane","All Airlines","Jun-22",251,247,4,166,176,81,71,2022,6
"Adelaide-Canberra","Adelaide","Canberra","All Airlines","Jun-22",78,77,1,66,60,11,17,2022,6
"Adelaide-Gold Coast","Adelaide","Gold Coast","All Airlines","Jun-22",55,54,1,42,42,12,12,2022,6
"Adelaide-Melbourne","Adelaide","Melbourne","All Airlines","Jun-22",670,629,41,396,414,233,215,2022,6
"Adelaide-Perth","Adelaide","Perth","All Airlines","Jun-22",179,172,7,115,105,57,67,2022,6
"Adelaide-Port Lincoln","Adelaide","Port Lincoln","All Airlines","Jun-22",312,310,2,253,239,57,71,2022,6
"Adelaide-Sydney","Adelaide","Sydney","All Airlines","Jun-22",453,432,21,255,258,177,174,2022,6
"Albury-Sydney","Albury","Sydney","All Airlines","Jun-22",198,191,7,136,138,55,53,2022,6
"Alice Springs-Adelaide","Alice Springs","Adelaide","All Airlines","Jun-22",40,39,1,23,21,16,18,2022,6
"Armidale-Sydney","Armidale","Sydney","All Airlines","Jun-22",167,162,5,132,121,30,41,2022,6
"Ballina-Sydney","Ballina","Sydney","All Airlines","Jun-22",273,245,28,155,140,90,105,2022,6
"Brisbane-Adelaide","Brisbane","Adelaide","All Airlines","Jun-22",251,246,5,157,172,89,74,2022,6
"Brisbane-Cairns","Brisbane","Cairns","All Airlines","Jun-22",350,342,8,185,165,157,177,2022,6
"Brisbane-Canberra","Brisbane","Canberra","All Airlines","Jun-22",281,267,14,160,175,107,92,2022,6
"Brisbane-Darwin","Brisbane","Darwin","All Airlines","Jun-22",128,126,2,84,84,42,42,2022,6
"Brisbane-Emerald","Brisbane","Emerald","All Airlines","Jun-22",135,133,2,105,102,28,31,2022,6
"Brisbane-Gladstone","Brisbane","Gladstone","All Airlines","Jun-22",182,169,13,105,112,64,57,2022,6
"Brisbane-Hamilton Island","Brisbane","Hamilton Island","All Airlines","Jun-22",68,65,3,52,52,13,13,2022,6
"Brisbane-Hobart","Brisbane","Hobart","All Airlines","Jun-22",94,88,6,51,49,37,39,2022,6
"Brisbane-Mackay","Brisbane","Mackay","All Airlines","Jun-22",272,263,9,182,183,81,80,2022,6
"Brisbane-Melbourne","Brisbane","Melbourne","All Airlines","Jun-22",867,808,59,441,448,367,360,2022,6
"Brisbane-Mount Isa","Brisbane","Mount Isa","All Airlines","Jun-22",64,64,0,46,41,18,23,2022,6
"Brisbane-Newcastle","Brisbane","Newcastle","All Airlines","Jun-22",243,230,13,169,159,61,71,2022,6
"Brisbane-Perth","Brisbane","Perth","All Airlines","Jun-22",268,261,7,165,173,96,88,2022,6
"Brisbane-Proserpine","Brisbane","Proserpine","All Airlines","Jun-22",90,89,1,59,51,30,38,2022,6
"Brisbane-Rockhampton","Brisbane","Rockhampton","All Airlines","Jun-22",271,263,8,184,156,79,107,2022,6
"Brisbane-Sydney","Brisbane","Sydney","All Airlines","Jun-22",1302,1178,124,746,767,432,411,2022,6
"Brisbane-Townsville","Brisbane","Townsville","All Airlines","Jun-22",313,308,5,208,193,100,115,2022,6
"Broome-Perth","Broome","Perth","All Airlines","Jun-22",157,146,11,44,54,102,92,2022,6
"Cairns-Brisbane","Cairns","Brisbane","All Airlines","Jun-22",347,343,4,184,206,159,137,2022,6
"Cairns-Melbourne","Cairns","Melbourne","All Airlines","Jun-22",224,217,7,95,75,122,142,2022,6
"Cairns-Sydney","Cairns","Sydney","All Airlines","Jun-22",239,234,5,128,124,106,110,2022,6
"Cairns-Townsville","Cairns","Townsville","All Airlines","Jun-22",151,146,5,124,123,22,23,2022,6
"Canberra-Adelaide","Canberra","Adelaide","All Airlines","Jun-22",78,76,2,51,55,25,21,2022,6
"Canberra-Brisbane","Canberra","Brisbane","All Airlines","Jun-22",280,266,14,162,165,104,101,2022,6
"Canberra-Melbourne","Canberra","Melbourne","All Airlines","Jun-22",446,399,47,210,200,189,199,2022,6
"Canberra-Sydney","Canberra","Sydney","All Airlines","Jun-22",746,666,80,484,493,182,173,2022,6
"Coffs Harbour-Sydney","Coffs Harbour","Sydney","All Airlines","Jun-22",198,193,5,146,140,47,53,2022,6
"Darwin-Brisbane","Darwin","Brisbane","All Airlines","Jun-22",127,124,3,51,65,73,59,2022,6
"Darwin-Melbourne","Darwin","Melbourne","All Airlines","Jun-22",101,99,2,23,24,76,75,2022,6
"Darwin-Perth","Darwin","Perth","All Airlines","Jun-22",62,58,4,17,17,41,41,2022,6
"Darwin-Sydney","Darwin","Sydney","All Airlines","Jun-22",89,88,1,24,45,64,43,2022,6
"Dubbo-Sydney","Dubbo","Sydney","All Airlines","Jun-22",193,191,2,136,132,55,59,2022,6
"Emerald-Brisbane","Emerald","Brisbane","All Airlines","Jun-22",135,133,2,93,97,40,36,2022,6
"Gladstone-Brisbane","Gladstone","Brisbane","All Airlines","Jun-22",181,168,13,120,111,48,57,2022,6
"Gold Coast-Adelaide","Gold Coast","Adelaide","All Airlines","Jun-22",55,54,1,35,34,19,20,2022,6
"Gold Coast-Melbourne","Gold Coast","Melbourne","All Airlines","Jun-22",645,610,35,327,346,283,264,2022,6
"Gold Coast-Sydney","Gold Coast","Sydney","All Airlines","Jun-22",759,692,67,468,472,224,220,2022,6
"Hamilton Island-Brisbane","Hamilton Island","Brisbane","All Airlines","Jun-22",68,64,4,36,41,28,23,2022,6
"Hamilton Island-Sydney","Hamilton Island","Sydney","All Airlines","Jun-22",79,77,2,36,42,41,35,2022,6
"Hobart-Brisbane","Hobart","Brisbane","All Airlines","Jun-22",95,88,7,34,39,54,49,2022,6
"Hobart-Melbourne","Hobart","Melbourne","All Airlines","Jun-22",383,369,14,192,191,177,178,2022,6
"Hobart-Sydney","Hobart","Sydney","All Airlines","Jun-22",237,223,14,133,121,90,102,2022,6
"Kalgoorlie-Perth","Kalgoorlie","Perth","All Airlines","Jun-22",138,131,7,45,60,86,71,2022,6
"Karratha-Perth","Karratha","Perth","All Airlines","Jun-22",200,194,6,99,106,95,88,2022,6
"Launceston-Melbourne","Launceston","Melbourne","All Airlines","Jun-22",298,281,17,149,138,132,143,2022,6
"Launceston-Sydney","Launceston","Sydney","All Airlines","Jun-22",79,77,2,45,42,32,35,2022,6
"Mackay-Brisbane","Mackay","Brisbane","All Airlines","Jun-22",277,266,11,171,183,95,83,2022,6
"Melbourne-Adelaide","Melbourne","Adelaide","All Airlines","Jun-22",670,631,39,355,372,276,259,2022,6
"Melbourne-Brisbane","Melbourne","Brisbane","All Airlines","Jun-22",876,818,58,405,454,413,364,2022,6
"Melbourne-Cairns","Melbourne","Cairns","All Airlines","Jun-22",226,220,6,100,108,120,112,2022,6
"Melbourne-Canberra","Melbourne","Canberra","All Airlines","Jun-22",447,401,46,196,213,205,188,2022,6
"Melbourne-Darwin","Melbourne","Darwin","All Airlines","Jun-22",102,101,1,43,41,58,60,2022,6
"Melbourne-Gold Coast","Melbourne","Gold Coast","All Airlines","Jun-22",644,610,34,321,368,289,242,2022,6
"Melbourne-Hobart","Melbourne","Hobart","All Airlines","Jun-22",381,370,11,178,170,192,200,2022,6
"Melbourne-Launceston","Melbourne","Launceston","All Airlines","Jun-22",298,283,15,134,121,149,162,2022,6
"Melbourne-Mildura","Melbourne","Mildura","All Airlines","Jun-22",205,197,8,96,93,101,104,2022,6
"Melbourne-Newcastle","Melbourne","Newcastle","All Airlines","Jun-22",142,134,8,68,74,66,60,2022,6
"Melbourne-Perth","Melbourne","Perth","All Airlines","Jun-22",386,375,11,163,195,212,180,2022,6
"Melbourne-Sunshine Coast","Melbourne","Sunshine Coast","All Airlines","Jun-22",227,214,13,115,127,99,87,2022,6
"Melbourne-Sydney","Melbourne","Sydney","All Airlines","Jun-22",2248,1912,336,1115,1161,797,751,2022,6
"Mildura-Melbourne","Mildura","Melbourne","All Airlines","Jun-22",205,197,8,108,101,89,96,2022,6
"Mount Isa-Brisbane","Mount Isa","Brisbane","All Airlines","Jun-22",64,64,0,38,45,26,19,2022,6
"Newcastle-Brisbane","Newcastle","Brisbane","All Airlines","Jun-22",242,228,14,171,176,57,52,2022,6
"Newcastle-Melbourne","Newcastle","Melbourne","All Airlines","Jun-22",142,136,6,74,73,62,63,2022,6
"Newman-Perth","Newman","Perth","All Airlines","Jun-22",176,165,11,108,95,57,70,2022,6
"Perth-Adelaide","Perth","Adelaide","All Airlines","Jun-22",181,172,9,103,106,69,66,2022,6
"Perth-Brisbane","Perth","Brisbane","All Airlines","Jun-22",265,258,7,146,178,112,80,2022,6
"Perth-Broome","Perth","Broome","All Airlines","Jun-22",157,149,8,73,94,76,55,2022,6
"Perth-Darwin","Perth","Darwin","All Airlines","Jun-22",62,58,4,27,28,31,30,2022,6
"Perth-Kalgoorlie","Perth","Kalgoorlie","All Airlines","Jun-22",137,130,7,82,75,48,55,2022,6
"Perth-Karratha","Perth","Karratha","All Airlines","Jun-22",199,194,5,125,119,69,75,2022,6
"Perth-Melbourne","Perth","Melbourne","All Airlines","Jun-22",390,376,14,210,215,166,161,2022,6
"Perth-Newman","Perth","Newman","All Airlines","Jun-22",173,162,11,109,120,53,42,2022,6
"Perth-Port Hedland","Perth","Port Hedland","All Airlines","Jun-22",172,165,7,108,111,57,54,2022,6
"Perth-Sydney","Perth","Sydney","All Airlines","Jun-22",346,332,14,162,211,170,121,2022,6
"Port Hedland-Perth","Port Hedland","Perth","All Airlines","Jun-22",177,169,8,78,76,91,93,2022,6
"Port Lincoln-Adelaide","Port Lincoln","Adelaide","All Airlines","Jun-22",313,310,3,249,247,61,63,2022,6
"Port Macquarie-Sydney","Port Macquarie","Sydney","All Airlines","Jun-22",181,179,2,140,125,39,54,2022,6
"Proserpine-Brisbane","Proserpine","Brisbane","All Airlines","Jun-22",91,89,2,34,44,55,45,2022,6
"Rockhampton-Brisbane","Rockhampton","Brisbane","All Airlines","Jun-22",268,256,12,161,167,95,89,2022,6
"Sunshine Coast-Melbourne","Sunshine Coast","Melbourne","All Airlines","Jun-22",226,212,14,110,82,102,130,2022,6
"Sunshine Coast-Sydney","Sunshine Coast","Sydney","All Airlines","Jun-22",252,226,26,144,125,82,101,2022,6
"Sydney-Adelaide","Sydney","Adelaide","All Airlines","Jun-22",453,433,20,258,240,175,193,2022,6
"Sydney-Albury","Sydney","Albury","All Airlines","Jun-22",198,191,7,143,146,48,45,2022,6
"Sydney-Armidale","Sydney","Armidale","All Airlines","Jun-22",167,162,5,123,128,39,34,2022,6
"Sydney-Ballina","Sydney","Ballina","All Airlines","Jun-22",274,247,27,170,160,77,87,2022,6
"Sydney-Brisbane","Sydney","Brisbane","All Airlines","Jun-22",1301,1170,131,687,688,483,482,2022,6
"Sydney-Cairns","Sydney","Cairns","All Airlines","Jun-22",239,236,3,132,151,104,85,2022,6
"Sydney-Canberra","Sydney","Canberra","All Airlines","Jun-22",747,664,83,441,443,223,221,2022,6
"Sydney-Coffs Harbour","Sydney","Coffs Harbour","All Airlines","Jun-22",199,194,5,131,155,63,39,2022,6
"Sydney-Darwin","Sydney","Darwin","All Airlines","Jun-22",89,89,0,46,44,43,45,2022,6
"Sydney-Dubbo","Sydney","Dubbo","All Airlines","Jun-22",197,196,1,129,132,67,64,2022,6
"Sydney-Gold Coast","Sydney","Gold Coast","All Airlines","Jun-22",759,694,65,446,450,248,244,2022,6
"Sydney-Hamilton Island","Sydney","Hamilton Island","All Airlines","Jun-22",79,77,2,45,51,32,26,2022,6
"Sydney-Hobart","Sydney","Hobart","All Airlines","Jun-22",240,227,13,133,142,94,85,2022,6
"Sydney-Launceston","Sydney","Launceston","All Airlines","Jun-22",78,76,2,43,49,33,27,2022,6
"Sydney-Melbourne","Sydney","Melbourne","All Airlines","Jun-22",2255,1909,346,1083,1103,826,806,2022,6
"Sydney-Perth","Sydney","Perth","All Airlines","Jun-22",340,330,10,162,154,168,176,2022,6
"Sydney-Port Macquarie","Sydney","Port Macquarie","All Airlines","Jun-22",181,179,2,116,133,63,46,2022,6
"Sydney-Sunshine Coast","Sydney","Sunshine Coast","All Airlines","Jun-22",251,226,25,157,153,69,73,2022,6
"Sydney-Wagga Wagga","Sydney","Wagga Wagga","All Airlines","Jun-22",170,169,1,107,102,62,67,2022,6
"Townsville-Brisbane","Townsville","Brisbane","All Airlines","Jun-22",313,308,5,205,222,103,86,2022,6
"Townsville-Cairns","Townsville","Cairns","All Airlines","Jun-22",151,144,7,108,112,36,32,2022,6
"Wagga Wagga-Sydney","Wagga Wagga","Sydney","All Airlines","Jun-22",170,169,1,119,118,50,51,2022,6
"Adelaide-Brisbane","Adelaide","Brisbane","Jetstar","Jul-22",35,33,2,21,21,12,12,2022,7
"Adelaide-Gold Coast","Adelaide","Gold Coast","Jetstar","Jul-22",29,29,0,18,16,11,13,2022,7
"Adelaide-Melbourne","Adelaide","Melbourne","Jetstar","Jul-22",102,90,12,51,58,39,32,2022,7
"Adelaide-Perth","Adelaide","Perth","Jetstar","Jul-22",25,23,2,13,10,10,13,2022,7
"Adelaide-Sydney","Adelaide","Sydney","Jetstar","Jul-22",98,80,18,43,41,37,39,2022,7
"Ballina-Sydney","Ballina","Sydney","Jetstar","Jul-22",68,63,5,27,25,36,38,2022,7
"Brisbane-Adelaide","Brisbane","Adelaide","Jetstar","Jul-22",35,33,2,12,17,21,16,2022,7
"Brisbane-Cairns","Brisbane","Cairns","Jetstar","Jul-22",93,89,4,32,33,57,56,2022,7
"Brisbane-Canberra","Brisbane","Canberra","Jetstar","Jul-22",31,31,0,16,19,15,12,2022,7
"Brisbane-Darwin","Brisbane","Darwin","Jetstar","Jul-22",23,22,1,13,16,9,6,2022,7
"Brisbane-Hobart","Brisbane","Hobart","Jetstar","Jul-22",23,23,0,12,14,11,9,2022,7
"Brisbane-Mackay","Brisbane","Mackay","Jetstar","Jul-22",30,27,3,14,12,13,15,2022,7
"Brisbane-Melbourne","Brisbane","Melbourne","Jetstar","Jul-22",136,112,24,50,63,62,49,2022,7
"Brisbane-Newcastle","Brisbane","Newcastle","Jetstar","Jul-22",52,49,3,36,33,13,16,2022,7
"Brisbane-Perth","Brisbane","Perth","Jetstar","Jul-22",27,24,3,8,4,16,20,2022,7
"Brisbane-Proserpine","Brisbane","Proserpine","Jetstar","Jul-22",30,28,2,17,16,11,12,2022,7
"Brisbane-Sydney","Brisbane","Sydney","Jetstar","Jul-22",176,142,34,69,75,73,67,2022,7
"Brisbane-Townsville","Brisbane","Townsville","Jetstar","Jul-22",45,41,4,20,19,21,22,2022,7
"Cairns-Brisbane","Cairns","Brisbane","Jetstar","Jul-22",91,87,4,44,43,43,44,2022,7
"Cairns-Melbourne","Cairns","Melbourne","Jetstar","Jul-22",105,98,7,42,44,56,54,2022,7
"Cairns-Sydney","Cairns","Sydney","Jetstar","Jul-22",101,101,0,49,50,52,51,2022,7
"Canberra-Brisbane","Canberra","Brisbane","Jetstar","Jul-22",31,31,0,11,14,20,17,2022,7
"Canberra-Melbourne","Canberra","Melbourne","Jetstar","Jul-22",31,31,0,15,16,16,15,2022,7
"Darwin-Brisbane","Darwin","Brisbane","Jetstar","Jul-22",23,22,1,5,4,17,18,2022,7
"Darwin-Melbourne","Darwin","Melbourne","Jetstar","Jul-22",29,27,2,1,0,26,27,2022,7
"Darwin-Sydney","Darwin","Sydney","Jetstar","Jul-22",29,26,3,6,6,20,20,2022,7
"Gold Coast-Adelaide","Gold Coast","Adelaide","Jetstar","Jul-22",29,29,0,13,18,16,11,2022,7
"Gold Coast-Melbourne","Gold Coast","Melbourne","Jetstar","Jul-22",265,229,36,109,128,120,101,2022,7
"Gold Coast-Sydney","Gold Coast","Sydney","Jetstar","Jul-22",241,216,25,120,122,96,94,2022,7
"Hamilton Island-Sydney","Hamilton Island","Sydney","Jetstar","Jul-22",25,23,2,12,13,11,10,2022,7
"Hobart-Brisbane","Hobart","Brisbane","Jetstar","Jul-22",23,23,0,8,8,15,15,2022,7
"Hobart-Melbourne","Hobart","Melbourne","Jetstar","Jul-22",121,114,7,47,53,67,61,2022,7
"Hobart-Sydney","Hobart","Sydney","Jetstar","Jul-22",83,75,8,56,50,19,25,2022,7
"Launceston-Melbourne","Launceston","Melbourne","Jetstar","Jul-22",98,87,11,24,30,63,57,2022,7
"Launceston-Sydney","Launceston","Sydney","Jetstar","Jul-22",43,39,4,24,23,15,16,2022,7
"Mackay-Brisbane","Mackay","Brisbane","Jetstar","Jul-22",30,27,3,10,9,17,18,2022,7
"Melbourne-Adelaide","Melbourne","Adelaide","Jetstar","Jul-22",102,90,12,49,59,41,31,2022,7
"Melbourne-Brisbane","Melbourne","Brisbane","Jetstar","Jul-22",136,111,25,38,45,73,66,2022,7
"Melbourne-Cairns","Melbourne","Cairns","Jetstar","Jul-22",105,98,7,39,46,59,52,2022,7
"Melbourne-Canberra","Melbourne","Canberra","Jetstar","Jul-22",31,31,0,17,19,14,12,2022,7
"Melbourne-Darwin","Melbourne","Darwin","Jetstar","Jul-22",29,27,2,12,13,15,14,2022,7
"Melbourne-Gold Coast","Melbourne","Gold Coast","Jetstar","Jul-22",262,229,33,102,107,127,122,2022,7
"Melbourne-Hobart","Melbourne","Hobart","Jetstar","Jul-22",120,114,6,54,60,60,54,2022,7
"Melbourne-Launceston","Melbourne","Launceston","Jetstar","Jul-22",98,87,11,42,37,45,50,2022,7
"Melbourne-Newcastle","Melbourne","Newcastle","Jetstar","Jul-22",43,40,3,15,13,25,27,2022,7
"Melbourne-Perth","Melbourne","Perth","Jetstar","Jul-22",64,61,3,25,34,36,27,2022,7
"Melbourne-Sunshine Coast","Melbourne","Sunshine Coast","Jetstar","Jul-22",80,77,3,42,47,35,30,2022,7
"Melbourne-Sydney","Melbourne","Sydney","Jetstar","Jul-22",412,354,58,158,178,196,176,2022,7
"Newcastle-Brisbane","Newcastle","Brisbane","Jetstar","Jul-22",53,50,3,30,31,20,19,2022,7
"Newcastle-Melbourne","Newcastle","Melbourne","Jetstar","Jul-22",43,39,4,15,18,24,21,2022,7
"Perth-Adelaide","Perth","Adelaide","Jetstar","Jul-22",25,23,2,3,12,20,11,2022,7
"Perth-Brisbane","Perth","Brisbane","Jetstar","Jul-22",27,24,3,0,1,24,23,2022,7
"Perth-Melbourne","Perth","Melbourne","Jetstar","Jul-22",66,61,5,10,20,51,41,2022,7
"Perth-Sydney","Perth","Sydney","Jetstar","Jul-22",46,39,7,5,15,34,24,2022,7
"Proserpine-Brisbane","Proserpine","Brisbane","Jetstar","Jul-22",32,30,2,13,14,17,16,2022,7
"Sunshine Coast-Melbourne","Sunshine Coast","Melbourne","Jetstar","Jul-22",80,77,3,43,39,34,38,2022,7
"Sunshine Coast-Sydney","Sunshine Coast","Sydney","Jetstar","Jul-22",84,76,8,34,33,42,43,2022,7
"Sydney-Adelaide","Sydney","Adelaide","Jetstar","Jul-22",98,80,18,32,37,48,43,2022,7
"Sydney-Ballina","Sydney","Ballina","Jetstar","Jul-22",68,63,5,38,38,25,25,2022,7
"Sydney-Brisbane","Sydney","Brisbane","Jetstar","Jul-22",175,142,33,60,61,82,81,2022,7
"Sydney-Cairns","Sydney","Cairns","Jetstar","Jul-22",100,100,0,54,54,46,46,2022,7
"Sydney-Darwin","Sydney","Darwin","Jetstar","Jul-22",29,26,3,17,21,9,5,2022,7
"Sydney-Gold Coast","Sydney","Gold Coast","Jetstar","Jul-22",241,216,25,114,115,102,101,2022,7
"Sydney-Hamilton Island","Sydney","Hamilton Island","Jetstar","Jul-22",25,24,1,19,18,5,6,2022,7
"Sydney-Hobart","Sydney","Hobart","Jetstar","Jul-22",84,76,8,53,62,23,14,2022,7
"Sydney-Launceston","Sydney","Launceston","Jetstar","Jul-22",42,38,4,24,26,14,12,2022,7
"Sydney-Melbourne","Sydney","Melbourne","Jetstar","Jul-22",409,356,53,159,186,197,170,2022,7
"Sydney-Perth","Sydney","Perth","Jetstar","Jul-22",44,39,5,12,16,27,23,2022,7
"Sydney-Sunshine Coast","Sydney","Sunshine Coast","Jetstar","Jul-22",84,76,8,51,53,25,23,2022,7
"Townsville-Brisbane","Townsville","Brisbane","Jetstar","Jul-22",45,41,4,15,16,26,25,2022,7
"Adelaide-Alice Springs","Adelaide","Alice Springs","Qantas","Jul-22",20,19,1,19,18,0,1,2022,7
"Adelaide-Brisbane","Adelaide","Brisbane","Qantas","Jul-22",93,92,1,43,53,49,39,2022,7
"Adelaide-Melbourne","Adelaide","Melbourne","Qantas","Jul-22",245,237,8,134,143,103,94,2022,7
"Adelaide-Perth","Adelaide","Perth","Qantas","Jul-22",94,92,2,58,44,34,48,2022,7
"Adelaide-Sydney","Adelaide","Sydney","Qantas","Jul-22",233,224,9,94,87,130,137,2022,7
"Alice Springs-Adelaide","Alice Springs","Adelaide","Qantas","Jul-22",20,19,1,14,12,5,7,2022,7
"Brisbane-Adelaide","Brisbane","Adelaide","Qantas","Jul-22",92,92,0,64,72,28,20,2022,7
"Brisbane-Cairns","Brisbane","Cairns","Qantas","Jul-22",104,104,0,49,52,55,52,2022,7
"Brisbane-Canberra","Brisbane","Canberra","Qantas","Jul-22",5,5,0,3,3,2,2,2022,7
"Brisbane-Darwin","Brisbane","Darwin","Qantas","Jul-22",51,51,0,28,32,23,19,2022,7
"Brisbane-Hamilton Island","Brisbane","Hamilton Island","Qantas","Jul-22",28,28,0,23,22,5,6,2022,7
"Brisbane-Mackay","Brisbane","Mackay","Qantas","Jul-22",102,102,0,59,58,43,44,2022,7
"Brisbane-Melbourne","Brisbane","Melbourne","Qantas","Jul-22",336,329,7,139,150,190,179,2022,7
"Brisbane-Mount Isa","Brisbane","Mount Isa","Qantas","Jul-22",24,24,0,22,23,2,1,2022,7
"Brisbane-Perth","Brisbane","Perth","Qantas","Jul-22",143,141,2,60,41,81,100,2022,7
"Brisbane-Sydney","Brisbane","Sydney","Qantas","Jul-22",573,523,50,295,276,228,247,2022,7
"Brisbane-Townsville","Brisbane","Townsville","Qantas","Jul-22",87,87,0,41,48,46,39,2022,7
"Broome-Perth","Broome","Perth","Qantas","Jul-22",26,25,1,11,12,14,13,2022,7
"Cairns-Brisbane","Cairns","Brisbane","Qantas","Jul-22",104,104,0,58,56,46,48,2022,7
"Cairns-Melbourne","Cairns","Melbourne","Qantas","Jul-22",47,47,0,21,16,26,31,2022,7
"Cairns-Sydney","Cairns","Sydney","Qantas","Jul-22",73,73,0,22,22,51,51,2022,7
"Canberra-Brisbane","Canberra","Brisbane","Qantas","Jul-22",5,5,0,2,2,3,3,2022,7
"Canberra-Melbourne","Canberra","Melbourne","Qantas","Jul-22",10,9,1,2,3,7,6,2022,7
"Darwin-Brisbane","Darwin","Brisbane","Qantas","Jul-22",52,52,0,16,11,36,41,2022,7
"Darwin-Melbourne","Darwin","Melbourne","Qantas","Jul-22",34,34,0,25,23,9,11,2022,7
"Darwin-Perth","Darwin","Perth","Qantas","Jul-22",5,5,0,2,2,3,3,2022,7
"Darwin-Sydney","Darwin","Sydney","Qantas","Jul-22",56,56,0,18,11,38,45,2022,7
"Gold Coast-Melbourne","Gold Coast","Melbourne","Qantas","Jul-22",30,30,0,7,14,23,16,2022,7
"Gold Coast-Sydney","Gold Coast","Sydney","Qantas","Jul-22",62,62,0,28,25,34,37,2022,7
"Hamilton Island-Brisbane","Hamilton Island","Brisbane","Qantas","Jul-22",28,28,0,11,12,17,16,2022,7
"Hamilton Island-Sydney","Hamilton Island","Sydney","Qantas","Jul-22",32,32,0,16,12,16,20,2022,7
"Hobart-Melbourne","Hobart","Melbourne","Qantas","Jul-22",10,10,0,3,2,7,8,2022,7
"Hobart-Sydney","Hobart","Sydney","Qantas","Jul-22",20,20,0,3,3,17,17,2022,7
"Kalgoorlie-Perth","Kalgoorlie","Perth","Qantas","Jul-22",25,25,0,5,10,20,15,2022,7
"Karratha-Perth","Karratha","Perth","Qantas","Jul-22",26,25,1,11,14,14,11,2022,7
"Mackay-Brisbane","Mackay","Brisbane","Qantas","Jul-22",102,101,1,58,54,43,47,2022,7
"Melbourne-Adelaide","Melbourne","Adelaide","Qantas","Jul-22",244,237,7,106,126,131,111,2022,7
"Melbourne-Brisbane","Melbourne","Brisbane","Qantas","Jul-22",338,324,14,128,151,196,173,2022,7
"Melbourne-Cairns","Melbourne","Cairns","Qantas","Jul-22",47,47,0,16,28,31,19,2022,7
"Melbourne-Canberra","Melbourne","Canberra","Qantas","Jul-22",10,9,1,3,4,6,5,2022,7
"Melbourne-Darwin","Melbourne","Darwin","Qantas","Jul-22",34,34,0,14,27,20,7,2022,7
"Melbourne-Gold Coast","Melbourne","Gold Coast","Qantas","Jul-22",29,29,0,15,18,14,11,2022,7
"Melbourne-Hobart","Melbourne","Hobart","Qantas","Jul-22",10,10,0,7,8,3,2,2022,7
"Melbourne-Perth","Melbourne","Perth","Qantas","Jul-22",168,163,5,48,30,115,133,2022,7
"Melbourne-Sydney","Melbourne","Sydney","Qantas","Jul-22",827,693,134,343,313,350,380,2022,7
"Mount Isa-Brisbane","Mount Isa","Brisbane","Qantas","Jul-22",24,24,0,17,20,7,4,2022,7
"Newman-Perth","Newman","Perth","Qantas","Jul-22",25,25,0,18,17,7,8,2022,7
"Perth-Adelaide","Perth","Adelaide","Qantas","Jul-22",96,93,3,29,49,64,44,2022,7
"Perth-Brisbane","Perth","Brisbane","Qantas","Jul-22",142,142,0,72,90,70,52,2022,7
"Perth-Broome","Perth","Broome","Qantas","Jul-22",26,25,1,21,24,4,1,2022,7
"Perth-Darwin","Perth","Darwin","Qantas","Jul-22",5,5,0,3,5,2,0,2022,7
"Perth-Kalgoorlie","Perth","Kalgoorlie","Qantas","Jul-22",24,24,0,13,10,11,14,2022,7
"Perth-Karratha","Perth","Karratha","Qantas","Jul-22",26,25,1,18,16,7,9,2022,7
"Perth-Melbourne","Perth","Melbourne","Qantas","Jul-22",167,165,2,77,88,88,77,2022,7
"Perth-Newman","Perth","Newman","Qantas","Jul-22",25,25,0,18,20,7,5,2022,7
"Perth-Port Hedland","Perth","Port Hedland","Qantas","Jul-22",30,30,0,16,22,14,8,2022,7
"Perth-Sydney","Perth","Sydney","Qantas","Jul-22",176,171,5,73,90,98,81,2022,7
"Port Hedland-Perth","Port Hedland","Perth","Qantas","Jul-22",30,30,0,12,15,18,15,2022,7
"Sunshine Coast-Sydney","Sunshine Coast","Sydney","Qantas","Jul-22",41,40,1,9,11,31,29,2022,7
"Sydney-Adelaide","Sydney","Adelaide","Qantas","Jul-22",234,225,9,104,93,121,132,2022,7
"Sydney-Brisbane","Sydney","Brisbane","Qantas","Jul-22",572,532,40,210,202,322,330,2022,7
"Sydney-Cairns","Sydney","Cairns","Qantas","Jul-22",73,72,1,19,23,53,49,2022,7
"Sydney-Darwin","Sydney","Darwin","Qantas","Jul-22",56,56,0,21,32,35,24,2022,7
"Sydney-Gold Coast","Sydney","Gold Coast","Qantas","Jul-22",62,62,0,19,24,43,38,2022,7
"Sydney-Hamilton Island","Sydney","Hamilton Island","Qantas","Jul-22",32,32,0,11,17,21,15,2022,7
"Sydney-Hobart","Sydney","Hobart","Qantas","Jul-22",20,20,0,3,8,17,12,2022,7
"Sydney-Melbourne","Sydney","Melbourne","Qantas","Jul-22",825,688,137,272,328,416,360,2022,7
"Sydney-Perth","Sydney","Perth","Qantas","Jul-22",173,170,3,52,29,118,141,2022,7
"Sydney-Sunshine Coast","Sydney","Sunshine Coast","Qantas","Jul-22",42,41,1,10,10,31,31,2022,7
"Townsville-Brisbane","Townsville","Brisbane","Qantas","Jul-22",87,87,0,45,42,42,45,2022,7
"Adelaide-Alice Springs","Adelaide","Alice Springs","QantasLink","Jul-22",10,10,0,6,6,4,4,2022,7
"Adelaide-Canberra","Adelaide","Canberra","QantasLink","Jul-22",65,65,0,58,55,7,10,2022,7
"Adelaide-Melbourne","Adelaide","Melbourne","QantasLink","Jul-22",13,12,1,8,7,4,5,2022,7
"Adelaide-Port Lincoln","Adelaide","Port Lincoln","QantasLink","Jul-22",135,128,7,95,103,33,25,2022,7
"Albury-Sydney","Albury","Sydney","QantasLink","Jul-22",101,96,5,60,49,36,47,2022,7
"Alice Springs-Adelaide","Alice Springs","Adelaide","QantasLink","Jul-22",10,10,0,5,6,5,4,2022,7
"Armidale-Sydney","Armidale","Sydney","QantasLink","Jul-22",97,80,17,59,58,21,22,2022,7
"Ballina-Sydney","Ballina","Sydney","QantasLink","Jul-22",94,92,2,43,30,49,62,2022,7
"Brisbane-Cairns","Brisbane","Cairns","QantasLink","Jul-22",39,39,0,15,10,24,29,2022,7
"Brisbane-Canberra","Brisbane","Canberra","QantasLink","Jul-22",165,151,14,66,76,85,75,2022,7
"Brisbane-Emerald","Brisbane","Emerald","QantasLink","Jul-22",109,107,2,86,83,21,24,2022,7
"Brisbane-Gladstone","Brisbane","Gladstone","QantasLink","Jul-22",129,117,12,71,67,46,50,2022,7
"Brisbane-Hobart","Brisbane","Hobart","QantasLink","Jul-22",18,17,1,7,7,10,10,2022,7
"Brisbane-Mackay","Brisbane","Mackay","QantasLink","Jul-22",13,13,0,5,5,8,8,2022,7
"Brisbane-Mount Isa","Brisbane","Mount Isa","QantasLink","Jul-22",28,27,1,10,11,17,16,2022,7
"Brisbane-Newcastle","Brisbane","Newcastle","QantasLink","Jul-22",118,108,10,62,58,46,50,2022,7
"Brisbane-Proserpine","Brisbane","Proserpine","QantasLink","Jul-22",30,26,4,16,10,10,16,2022,7
"Brisbane-Rockhampton","Brisbane","Rockhampton","QantasLink","Jul-22",149,143,6,89,74,54,69,2022,7
"Brisbane-Townsville","Brisbane","Townsville","QantasLink","Jul-22",46,44,2,23,13,21,31,2022,7
"Broome-Perth","Broome","Perth","QantasLink","Jul-22",70,65,5,20,18,45,47,2022,7
"Cairns-Brisbane","Cairns","Brisbane","QantasLink","Jul-22",39,39,0,9,7,30,32,2022,7
"Cairns-Townsville","Cairns","Townsville","QantasLink","Jul-22",141,137,4,117,118,20,19,2022,7
"Canberra-Adelaide","Canberra","Adelaide","QantasLink","Jul-22",65,65,0,33,33,32,32,2022,7
"Canberra-Brisbane","Canberra","Brisbane","QantasLink","Jul-22",164,152,12,68,58,84,94,2022,7
"Canberra-Melbourne","Canberra","Melbourne","QantasLink","Jul-22",245,207,38,113,115,94,92,2022,7
"Canberra-Sydney","Canberra","Sydney","QantasLink","Jul-22",479,419,60,273,242,146,177,2022,7
"Coffs Harbour-Sydney","Coffs Harbour","Sydney","QantasLink","Jul-22",114,104,10,56,57,48,47,2022,7
"Darwin-Perth","Darwin","Perth","QantasLink","Jul-22",30,26,4,5,8,21,18,2022,7
"Dubbo-Sydney","Dubbo","Sydney","QantasLink","Jul-22",113,104,9,67,66,37,38,2022,7
"Emerald-Brisbane","Emerald","Brisbane","QantasLink","Jul-22",109,107,2,73,76,34,31,2022,7
"Gladstone-Brisbane","Gladstone","Brisbane","QantasLink","Jul-22",128,116,12,77,77,39,39,2022,7
"Gold Coast-Melbourne","Gold Coast","Melbourne","QantasLink","Jul-22",32,31,1,9,11,22,20,2022,7
"Gold Coast-Sydney","Gold Coast","Sydney","QantasLink","Jul-22",55,54,1,15,17,39,37,2022,7
"Hobart-Brisbane","Hobart","Brisbane","QantasLink","Jul-22",18,18,0,5,5,13,13,2022,7
"Hobart-Melbourne","Hobart","Melbourne","QantasLink","Jul-22",100,95,5,38,38,57,57,2022,7
"Hobart-Sydney","Hobart","Sydney","QantasLink","Jul-22",62,58,4,22,14,36,44,2022,7
"Kalgoorlie-Perth","Kalgoorlie","Perth","QantasLink","Jul-22",51,42,9,21,25,21,17,2022,7
"Karratha-Perth","Karratha","Perth","QantasLink","Jul-22",120,107,13,38,50,69,57,2022,7
"Launceston-Melbourne","Launceston","Melbourne","QantasLink","Jul-22",69,57,12,33,31,24,26,2022,7
"Launceston-Sydney","Launceston","Sydney","QantasLink","Jul-22",18,18,0,9,10,9,8,2022,7
"Mackay-Brisbane","Mackay","Brisbane","QantasLink","Jul-22",17,16,1,5,7,11,9,2022,7
"Melbourne-Adelaide","Melbourne","Adelaide","QantasLink","Jul-22",13,12,1,8,6,4,6,2022,7
"Melbourne-Canberra","Melbourne","Canberra","QantasLink","Jul-22",245,208,37,115,117,93,91,2022,7
"Melbourne-Gold Coast","Melbourne","Gold Coast","QantasLink","Jul-22",31,31,0,13,16,18,15,2022,7
"Melbourne-Hobart","Melbourne","Hobart","QantasLink","Jul-22",100,96,4,31,36,65,60,2022,7
"Melbourne-Launceston","Melbourne","Launceston","QantasLink","Jul-22",69,57,12,30,30,27,27,2022,7
"Melbourne-Mildura","Melbourne","Mildura","QantasLink","Jul-22",114,107,7,46,45,61,62,2022,7
"Melbourne-Newcastle","Melbourne","Newcastle","QantasLink","Jul-22",51,46,5,24,22,22,24,2022,7
"Melbourne-Sunshine Coast","Melbourne","Sunshine Coast","QantasLink","Jul-22",49,44,5,21,17,23,27,2022,7
"Mildura-Melbourne","Mildura","Melbourne","QantasLink","Jul-22",114,107,7,57,50,50,57,2022,7
"Mount Isa-Brisbane","Mount Isa","Brisbane","QantasLink","Jul-22",28,27,1,12,12,15,15,2022,7
"Newcastle-Brisbane","Newcastle","Brisbane","QantasLink","Jul-22",120,108,12,66,61,42,47,2022,7
"Newcastle-Melbourne","Newcastle","Melbourne","QantasLink","Jul-22",52,49,3,23,20,26,29,2022,7
"Newman-Perth","Newman","Perth","QantasLink","Jul-22",86,72,14,35,36,37,36,2022,7
"Perth-Broome","Perth","Broome","QantasLink","Jul-22",71,68,3,33,44,35,24,2022,7
"Perth-Darwin","Perth","Darwin","QantasLink","Jul-22",30,27,3,13,14,14,13,2022,7
"Perth-Kalgoorlie","Perth","Kalgoorlie","QantasLink","Jul-22",51,42,9,22,26,20,16,2022,7
"Perth-Karratha","Perth","Karratha","QantasLink","Jul-22",120,108,12,53,53,55,55,2022,7
"Perth-Newman","Perth","Newman","QantasLink","Jul-22",88,73,15,44,45,29,28,2022,7
"Perth-Port Hedland","Perth","Port Hedland","QantasLink","Jul-22",90,83,7,48,51,35,32,2022,7
"Port Hedland-Perth","Port Hedland","Perth","QantasLink","Jul-22",89,83,6,32,36,51,47,2022,7
"Port Lincoln-Adelaide","Port Lincoln","Adelaide","QantasLink","Jul-22",135,127,8,106,105,21,22,2022,7
"Port Macquarie-Sydney","Port Macquarie","Sydney","QantasLink","Jul-22",109,107,2,63,63,44,44,2022,7
"Proserpine-Brisbane","Proserpine","Brisbane","QantasLink","Jul-22",30,26,4,6,4,20,22,2022,7
"Rockhampton-Brisbane","Rockhampton","Brisbane","QantasLink","Jul-22",149,139,10,71,65,68,74,2022,7
"Sunshine Coast-Melbourne","Sunshine Coast","Melbourne","QantasLink","Jul-22",49,42,7,11,8,31,34,2022,7
"Sydney-Albury","Sydney","Albury","QantasLink","Jul-22",101,97,4,67,73,30,24,2022,7
"Sydney-Armidale","Sydney","Armidale","QantasLink","Jul-22",94,80,14,47,56,33,24,2022,7
"Sydney-Ballina","Sydney","Ballina","QantasLink","Jul-22",94,93,1,52,39,41,54,2022,7
"Sydney-Canberra","Sydney","Canberra","QantasLink","Jul-22",479,418,61,221,248,197,170,2022,7
"Sydney-Coffs Harbour","Sydney","Coffs Harbour","QantasLink","Jul-22",116,105,11,38,53,67,52,2022,7
"Sydney-Dubbo","Sydney","Dubbo","QantasLink","Jul-22",113,105,8,60,63,45,42,2022,7
"Sydney-Gold Coast","Sydney","Gold Coast","QantasLink","Jul-22",55,54,1,21,21,33,33,2022,7
"Sydney-Hobart","Sydney","Hobart","QantasLink","Jul-22",64,61,3,13,19,48,42,2022,7
"Sydney-Launceston","Sydney","Launceston","QantasLink","Jul-22",17,17,0,8,9,9,8,2022,7
"Sydney-Port Macquarie","Sydney","Port Macquarie","QantasLink","Jul-22",109,107,2,45,59,62,48,2022,7
"Sydney-Wagga Wagga","Sydney","Wagga Wagga","QantasLink","Jul-22",78,78,0,32,36,46,42,2022,7
"Townsville-Brisbane","Townsville","Brisbane","QantasLink","Jul-22",46,44,2,10,5,34,39,2022,7
"Townsville-Cairns","Townsville","Cairns","QantasLink","Jul-22",141,138,3,91,92,47,46,2022,7
"Wagga Wagga-Sydney","Wagga Wagga","Sydney","QantasLink","Jul-22",78,78,0,43,43,35,35,2022,7
"Adelaide-Melbourne","Adelaide","Melbourne","Rex Airlines","Jul-22",52,52,0,42,42,10,10,2022,7
"Adelaide-Port Lincoln","Adelaide","Port Lincoln","Rex Airlines","Jul-22",178,174,4,141,132,33,42,2022,7
"Albury-Sydney","Albury","Sydney","Rex Airlines","Jul-22",126,121,5,76,62,45,59,2022,7
"Armidale-Sydney","Armidale","Sydney","Rex Airlines","Jul-22",79,74,5,29,20,45,54,2022,7
"Ballina-Sydney","Ballina","Sydney","Rex Airlines","Jul-22",2,2,0,1,1,1,1,2022,7
"Brisbane-Melbourne","Brisbane","Melbourne","Rex Airlines","Jul-22",53,53,0,37,39,16,14,2022,7
"Brisbane-Sydney","Brisbane","Sydney","Rex Airlines","Jul-22",83,83,0,71,59,12,24,2022,7
"Cairns-Townsville","Cairns","Townsville","Rex Airlines","Jul-22",20,19,1,16,16,3,3,2022,7
"Canberra-Melbourne","Canberra","Melbourne","Rex Airlines","Jul-22",31,31,0,22,23,9,8,2022,7
"Coffs Harbour-Sydney","Coffs Harbour","Sydney","Rex Airlines","Jul-22",126,123,3,73,69,50,54,2022,7
"Dubbo-Sydney","Dubbo","Sydney","Rex Airlines","Jul-22",125,121,4,76,67,45,54,2022,7
"Gold Coast-Melbourne","Gold Coast","Melbourne","Rex Airlines","Jul-22",42,42,0,17,15,25,27,2022,7
"Gold Coast-Sydney","Gold Coast","Sydney","Rex Airlines","Jul-22",39,38,1,28,28,10,10,2022,7
"Melbourne-Adelaide","Melbourne","Adelaide","Rex Airlines","Jul-22",52,52,0,43,43,9,9,2022,7
"Melbourne-Brisbane","Melbourne","Brisbane","Rex Airlines","Jul-22",53,53,0,46,40,7,13,2022,7
"Melbourne-Canberra","Melbourne","Canberra","Rex Airlines","Jul-22",31,31,0,27,26,4,5,2022,7
"Melbourne-Gold Coast","Melbourne","Gold Coast","Rex Airlines","Jul-22",42,42,0,24,23,18,19,2022,7
"Melbourne-Mildura","Melbourne","Mildura","Rex Airlines","Jul-22",108,108,0,86,85,22,23,2022,7
"Melbourne-Sydney","Melbourne","Sydney","Rex Airlines","Jul-22",128,127,1,110,110,17,17,2022,7
"Mildura-Melbourne","Mildura","Melbourne","Rex Airlines","Jul-22",108,108,0,96,82,12,26,2022,7
"Port Lincoln-Adelaide","Port Lincoln","Adelaide","Rex Airlines","Jul-22",178,174,4,135,134,39,40,2022,7
"Port Macquarie-Sydney","Port Macquarie","Sydney","Rex Airlines","Jul-22",104,102,2,67,49,35,53,2022,7
"Sydney-Albury","Sydney","Albury","Rex Airlines","Jul-22",124,119,5,58,67,61,52,2022,7
"Sydney-Armidale","Sydney","Armidale","Rex Airlines","Jul-22",79,74,5,32,33,42,41,2022,7
"Sydney-Ballina","Sydney","Ballina","Rex Airlines","Jul-22",1,1,0,1,1,0,0,2022,7
"Sydney-Brisbane","Sydney","Brisbane","Rex Airlines","Jul-22",83,83,0,61,55,22,28,2022,7
"Sydney-Coffs Harbour","Sydney","Coffs Harbour","Rex Airlines","Jul-22",127,124,3,77,82,47,42,2022,7
"Sydney-Dubbo","Sydney","Dubbo","Rex Airlines","Jul-22",126,123,3,67,75,56,48,2022,7
"Sydney-Gold Coast","Sydney","Gold Coast","Rex Airlines","Jul-22",39,38,1,30,30,8,8,2022,7
"Sydney-Melbourne","Sydney","Melbourne","Rex Airlines","Jul-22",129,128,1,104,109,24,19,2022,7
"Sydney-Port Macquarie","Sydney","Port Macquarie","Rex Airlines","Jul-22",104,102,2,59,61,43,41,2022,7
"Sydney-Wagga Wagga","Sydney","Wagga Wagga","Rex Airlines","Jul-22",134,131,3,71,71,60,60,2022,7
"Townsville-Cairns","Townsville","Cairns","Rex Airlines","Jul-22",20,19,1,18,18,1,1,2022,7
"Wagga Wagga-Sydney","Wagga Wagga","Sydney","Rex Airlines","Jul-22",132,128,4,84,70,44,58,2022,7
"Adelaide-Alice Springs","Adelaide","Alice Springs","Virgin Australia","Jul-22",15,15,0,10,10,5,5,2022,7
"Adelaide-Brisbane","Adelaide","Brisbane","Virgin Australia","Jul-22",111,103,8,75,82,28,21,2022,7
"Adelaide-Canberra","Adelaide","Canberra","Virgin Australia","Jul-22",15,13,2,9,8,4,5,2022,7
"Adelaide-Gold Coast","Adelaide","Gold Coast","Virgin Australia","Jul-22",33,32,1,23,22,9,10,2022,7
"Adelaide-Melbourne","Adelaide","Melbourne","Virgin Australia","Jul-22",259,241,18,108,113,133,128,2022,7
"Adelaide-Perth","Adelaide","Perth","Virgin Australia","Jul-22",6,6,0,3,1,3,5,2022,7
"Adelaide-Sydney","Adelaide","Sydney","Virgin Australia","Jul-22",120,108,12,58,47,50,61,2022,7
"Alice Springs-Adelaide","Alice Springs","Adelaide","Virgin Australia","Jul-22",15,15,0,3,4,12,11,2022,7
"Ballina-Sydney","Ballina","Sydney","Virgin Australia","Jul-22",50,41,9,23,22,18,19,2022,7
"Brisbane-Adelaide","Brisbane","Adelaide","Virgin Australia","Jul-22",111,103,8,70,84,33,19,2022,7
"Brisbane-Cairns","Brisbane","Cairns","Virgin Australia","Jul-22",138,134,4,67,79,67,55,2022,7
"Brisbane-Canberra","Brisbane","Canberra","Virgin Australia","Jul-22",90,82,8,35,43,47,39,2022,7
"Brisbane-Darwin","Brisbane","Darwin","Virgin Australia","Jul-22",38,37,1,13,23,24,14,2022,7
"Brisbane-Emerald","Brisbane","Emerald","Virgin Australia","Jul-22",26,26,0,19,20,7,6,2022,7
"Brisbane-Gladstone","Brisbane","Gladstone","Virgin Australia","Jul-22",52,49,3,42,37,7,12,2022,7
"Brisbane-Hamilton Island","Brisbane","Hamilton Island","Virgin Australia","Jul-22",41,40,1,31,32,9,8,2022,7
"Brisbane-Hobart","Brisbane","Hobart","Virgin Australia","Jul-22",49,46,3,28,32,18,14,2022,7
"Brisbane-Mackay","Brisbane","Mackay","Virgin Australia","Jul-22",114,106,8,61,63,45,43,2022,7
"Brisbane-Melbourne","Brisbane","Melbourne","Virgin Australia","Jul-22",333,303,30,152,149,151,154,2022,7
"Brisbane-Mount Isa","Brisbane","Mount Isa","Virgin Australia","Jul-22",13,13,0,9,6,4,7,2022,7
"Brisbane-Newcastle","Brisbane","Newcastle","Virgin Australia","Jul-22",83,83,0,68,51,15,32,2022,7
"Brisbane-Perth","Brisbane","Perth","Virgin Australia","Jul-22",103,101,2,50,53,51,48,2022,7
"Brisbane-Proserpine","Brisbane","Proserpine","Virgin Australia","Jul-22",39,36,3,26,28,10,8,2022,7
"Brisbane-Rockhampton","Brisbane","Rockhampton","Virgin Australia","Jul-22",114,114,0,70,46,44,68,2022,7
"Brisbane-Sydney","Brisbane","Sydney","Virgin Australia","Jul-22",481,419,62,190,191,229,228,2022,7
"Brisbane-Townsville","Brisbane","Townsville","Virgin Australia","Jul-22",121,117,4,51,66,66,51,2022,7
"Broome-Perth","Broome","Perth","Virgin Australia","Jul-22",14,13,1,2,2,11,11,2022,7
"Cairns-Brisbane","Cairns","Brisbane","Virgin Australia","Jul-22",138,134,4,75,81,59,53,2022,7
"Cairns-Melbourne","Cairns","Melbourne","Virgin Australia","Jul-22",81,79,2,36,25,43,54,2022,7
"Cairns-Sydney","Cairns","Sydney","Virgin Australia","Jul-22",80,79,1,42,37,37,42,2022,7
"Canberra-Adelaide","Canberra","Adelaide","Virgin Australia","Jul-22",15,13,2,7,7,6,6,2022,7
"Canberra-Brisbane","Canberra","Brisbane","Virgin Australia","Jul-22",90,82,8,35,37,47,45,2022,7
"Canberra-Melbourne","Canberra","Melbourne","Virgin Australia","Jul-22",119,109,10,42,42,67,67,2022,7
"Canberra-Sydney","Canberra","Sydney","Virgin Australia","Jul-22",249,242,7,159,164,83,78,2022,7
"Darwin-Brisbane","Darwin","Brisbane","Virgin Australia","Jul-22",38,37,1,10,16,27,21,2022,7
"Darwin-Melbourne","Darwin","Melbourne","Virgin Australia","Jul-22",49,48,1,14,12,34,36,2022,7
"Darwin-Sydney","Darwin","Sydney","Virgin Australia","Jul-22",24,24,0,4,4,20,20,2022,7
"Emerald-Brisbane","Emerald","Brisbane","Virgin Australia","Jul-22",26,26,0,17,20,9,6,2022,7
"Gladstone-Brisbane","Gladstone","Brisbane","Virgin Australia","Jul-22",52,49,3,34,27,15,22,2022,7
"Gold Coast-Adelaide","Gold Coast","Adelaide","Virgin Australia","Jul-22",33,32,1,21,20,11,12,2022,7
"Gold Coast-Melbourne","Gold Coast","Melbourne","Virgin Australia","Jul-22",276,250,26,122,147,128,103,2022,7
"Gold Coast-Sydney","Gold Coast","Sydney","Virgin Australia","Jul-22",351,320,31,181,176,139,144,2022,7
"Hamilton Island-Brisbane","Hamilton Island","Brisbane","Virgin Australia","Jul-22",41,40,1,23,29,17,11,2022,7
"Hamilton Island-Sydney","Hamilton Island","Sydney","Virgin Australia","Jul-22",30,27,3,15,11,12,16,2022,7
"Hobart-Brisbane","Hobart","Brisbane","Virgin Australia","Jul-22",49,46,3,12,13,34,33,2022,7
"Hobart-Melbourne","Hobart","Melbourne","Virgin Australia","Jul-22",126,119,7,51,40,68,79,2022,7
"Hobart-Sydney","Hobart","Sydney","Virgin Australia","Jul-22",76,65,11,32,28,33,37,2022,7
"Kalgoorlie-Perth","Kalgoorlie","Perth","Virgin Australia","Jul-22",28,28,0,7,9,21,19,2022,7
"Karratha-Perth","Karratha","Perth","Virgin Australia","Jul-22",13,13,0,7,7,6,6,2022,7
"Launceston-Melbourne","Launceston","Melbourne","Virgin Australia","Jul-22",104,97,7,66,54,31,43,2022,7
"Launceston-Sydney","Launceston","Sydney","Virgin Australia","Jul-22",31,28,3,17,13,11,15,2022,7
"Mackay-Brisbane","Mackay","Brisbane","Virgin Australia","Jul-22",114,106,8,60,67,46,39,2022,7
"Melbourne-Adelaide","Melbourne","Adelaide","Virgin Australia","Jul-22",259,241,18,114,126,127,115,2022,7
"Melbourne-Brisbane","Melbourne","Brisbane","Virgin Australia","Jul-22",332,303,29,155,145,148,158,2022,7
"Melbourne-Cairns","Melbourne","Cairns","Virgin Australia","Jul-22",81,79,2,46,53,33,26,2022,7
"Melbourne-Canberra","Melbourne","Canberra","Virgin Australia","Jul-22",119,108,11,54,55,54,53,2022,7
"Melbourne-Darwin","Melbourne","Darwin","Virgin Australia","Jul-22",49,48,1,21,32,27,16,2022,7
"Melbourne-Gold Coast","Melbourne","Gold Coast","Virgin Australia","Jul-22",276,250,26,131,150,119,100,2022,7
"Melbourne-Hobart","Melbourne","Hobart","Virgin Australia","Jul-22",126,119,7,59,56,60,63,2022,7
"Melbourne-Launceston","Melbourne","Launceston","Virgin Australia","Jul-22",104,97,7,55,45,42,52,2022,7
"Melbourne-Newcastle","Melbourne","Newcastle","Virgin Australia","Jul-22",29,29,0,16,16,13,13,2022,7
"Melbourne-Perth","Melbourne","Perth","Virgin Australia","Jul-22",144,138,6,67,65,71,73,2022,7
"Melbourne-Sunshine Coast","Melbourne","Sunshine Coast","Virgin Australia","Jul-22",93,83,10,40,52,43,31,2022,7
"Melbourne-Sydney","Melbourne","Sydney","Virgin Australia","Jul-22",746,645,101,330,283,315,362,2022,7
"Mount Isa-Brisbane","Mount Isa","Brisbane","Virgin Australia","Jul-22",13,13,0,4,4,9,9,2022,7
"Newcastle-Brisbane","Newcastle","Brisbane","Virgin Australia","Jul-22",83,83,0,60,50,23,33,2022,7
"Newcastle-Melbourne","Newcastle","Melbourne","Virgin Australia","Jul-22",29,29,0,12,11,17,18,2022,7
"Newman-Perth","Newman","Perth","Virgin Australia","Jul-22",20,19,1,12,11,7,8,2022,7
"Perth-Adelaide","Perth","Adelaide","Virgin Australia","Jul-22",5,5,0,2,3,3,2,2022,7
"Perth-Brisbane","Perth","Brisbane","Virgin Australia","Jul-22",104,101,3,30,62,71,39,2022,7
"Perth-Broome","Perth","Broome","Virgin Australia","Jul-22",14,13,1,5,6,8,7,2022,7
"Perth-Kalgoorlie","Perth","Kalgoorlie","Virgin Australia","Jul-22",28,28,0,18,19,10,9,2022,7
"Perth-Karratha","Perth","Karratha","Virgin Australia","Jul-22",13,13,0,8,7,5,6,2022,7
"Perth-Melbourne","Perth","Melbourne","Virgin Australia","Jul-22",143,135,8,68,96,67,39,2022,7
"Perth-Newman","Perth","Newman","Virgin Australia","Jul-22",20,19,1,13,13,6,6,2022,7
"Perth-Port Hedland","Perth","Port Hedland","Virgin Australia","Jul-22",5,5,0,2,2,3,3,2022,7
"Perth-Sydney","Perth","Sydney","Virgin Australia","Jul-22",138,132,6,42,79,90,53,2022,7
"Port Hedland-Perth","Port Hedland","Perth","Virgin Australia","Jul-22",5,5,0,1,2,4,3,2022,7
"Proserpine-Brisbane","Proserpine","Brisbane","Virgin Australia","Jul-22",39,36,3,17,24,19,12,2022,7
"Rockhampton-Brisbane","Rockhampton","Brisbane","Virgin Australia","Jul-22",114,114,0,68,69,46,45,2022,7
"Sunshine Coast-Melbourne","Sunshine Coast","Melbourne","Virgin Australia","Jul-22",93,83,10,35,30,48,53,2022,7
"Sunshine Coast-Sydney","Sunshine Coast","Sydney","Virgin Australia","Jul-22",102,90,12,43,26,47,64,2022,7
"Sydney-Adelaide","Sydney","Adelaide","Virgin Australia","Jul-22",120,108,12,48,46,60,62,2022,7
"Sydney-Ballina","Sydney","Ballina","Virgin Australia","Jul-22",50,41,9,25,25,16,16,2022,7
"Sydney-Brisbane","Sydney","Brisbane","Virgin Australia","Jul-22",479,417,62,251,236,166,181,2022,7
"Sydney-Cairns","Sydney","Cairns","Virgin Australia","Jul-22",80,79,1,39,49,40,30,2022,7
"Sydney-Canberra","Sydney","Canberra","Virgin Australia","Jul-22",250,243,7,132,163,111,80,2022,7
"Sydney-Darwin","Sydney","Darwin","Virgin Australia","Jul-22",25,25,0,9,17,16,8,2022,7
"Sydney-Gold Coast","Sydney","Gold Coast","Virgin Australia","Jul-22",351,320,31,167,157,153,163,2022,7
"Sydney-Hamilton Island","Sydney","Hamilton Island","Virgin Australia","Jul-22",30,27,3,16,17,11,10,2022,7
"Sydney-Hobart","Sydney","Hobart","Virgin Australia","Jul-22",76,65,11,39,41,26,24,2022,7
"Sydney-Launceston","Sydney","Launceston","Virgin Australia","Jul-22",31,28,3,18,21,10,7,2022,7
"Sydney-Melbourne","Sydney","Melbourne","Virgin Australia","Jul-22",747,645,102,237,265,408,380,2022,7
"Sydney-Perth","Sydney","Perth","Virgin Australia","Jul-22",138,132,6,59,44,73,88,2022,7
"Sydney-Sunshine Coast","Sydney","Sunshine Coast","Virgin Australia","Jul-22",101,90,11,54,51,36,39,2022,7
"Townsville-Brisbane","Townsville","Brisbane","Virgin Australia","Jul-22",121,116,5,61,74,55,42,2022,7
"Adelaide-Perth","Adelaide","Perth","Virgin Australia Regional Airlines","Jul-22",54,48,6,13,11,35,37,2022,7
"Broome-Perth","Broome","Perth","Virgin Australia Regional Airlines","Jul-22",59,55,4,21,28,34,27,2022,7
"Darwin-Perth","Darwin","Perth","Virgin Australia Regional Airlines","Jul-22",28,25,3,12,15,13,10,2022,7
"Kalgoorlie-Perth","Kalgoorlie","Perth","Virgin Australia Regional Airlines","Jul-22",38,38,0,21,20,17,18,2022,7
"Karratha-Perth","Karratha","Perth","Virgin Australia Regional Airlines","Jul-22",40,39,1,12,12,27,27,2022,7
"Newman-Perth","Newman","Perth","Virgin Australia Regional Airlines","Jul-22",35,34,1,23,19,11,15,2022,7
"Perth-Adelaide","Perth","Adelaide","Virgin Australia Regional Airlines","Jul-22",55,49,6,21,29,28,20,2022,7
"Perth-Broome","Perth","Broome","Virgin Australia Regional Airlines","Jul-22",59,55,4,25,33,30,22,2022,7
"Perth-Darwin","Perth","Darwin","Virgin Australia Regional Airlines","Jul-22",28,25,3,11,13,14,12,2022,7
"Perth-Kalgoorlie","Perth","Kalgoorlie","Virgin Australia Regional Airlines","Jul-22",38,38,0,21,22,17,16,2022,7
"Perth-Karratha","Perth","Karratha","Virgin Australia Regional Airlines","Jul-22",40,40,0,20,17,20,23,2022,7
"Perth-Newman","Perth","Newman","Virgin Australia Regional Airlines","Jul-22",35,34,1,23,25,11,9,2022,7
"Perth-Port Hedland","Perth","Port Hedland","Virgin Australia Regional Airlines","Jul-22",45,45,0,25,23,20,22,2022,7
"Port Hedland-Perth","Port Hedland","Perth","Virgin Australia Regional Airlines","Jul-22",45,45,0,20,17,25,28,2022,7
"Adelaide-Alice Springs","Adelaide","Alice Springs","All Airlines","Jul-22",45,44,1,35,34,9,10,2022,7
"Adelaide-Brisbane","Adelaide","Brisbane","All Airlines","Jul-22",239,228,11,139,156,89,72,2022,7
"Adelaide-Canberra","Adelaide","Canberra","All Airlines","Jul-22",80,78,2,67,63,11,15,2022,7
"Adelaide-Gold Coast","Adelaide","Gold Coast","All Airlines","Jul-22",62,61,1,41,38,20,23,2022,7
"Adelaide-Melbourne","Adelaide","Melbourne","All Airlines","Jul-22",671,632,39,343,363,289,269,2022,7
"Adelaide-Perth","Adelaide","Perth","All Airlines","Jul-22",179,169,10,87,66,82,103,2022,7
"Adelaide-Port Lincoln","Adelaide","Port Lincoln","All Airlines","Jul-22",313,302,11,236,235,66,67,2022,7
"Adelaide-Sydney","Adelaide","Sydney","All Airlines","Jul-22",451,412,39,195,175,217,237,2022,7
"Albury-Sydney","Albury","Sydney","All Airlines","Jul-22",227,217,10,136,111,81,106,2022,7
"Alice Springs-Adelaide","Alice Springs","Adelaide","All Airlines","Jul-22",45,44,1,22,22,22,22,2022,7
"Armidale-Sydney","Armidale","Sydney","All Airlines","Jul-22",176,154,22,88,78,66,76,2022,7
"Ballina-Sydney","Ballina","Sydney","All Airlines","Jul-22",214,198,16,94,78,104,120,2022,7
"Brisbane-Adelaide","Brisbane","Adelaide","All Airlines","Jul-22",238,228,10,146,173,82,55,2022,7
"Brisbane-Cairns","Brisbane","Cairns","All Airlines","Jul-22",374,366,8,163,174,203,192,2022,7
"Brisbane-Canberra","Brisbane","Canberra","All Airlines","Jul-22",291,269,22,120,141,149,128,2022,7
"Brisbane-Darwin","Brisbane","Darwin","All Airlines","Jul-22",112,110,2,54,71,56,39,2022,7
"Brisbane-Emerald","Brisbane","Emerald","All Airlines","Jul-22",135,133,2,105,103,28,30,2022,7
"Brisbane-Gladstone","Brisbane","Gladstone","All Airlines","Jul-22",181,166,15,113,104,53,62,2022,7
"Brisbane-Hamilton Island","Brisbane","Hamilton Island","All Airlines","Jul-22",69,68,1,54,54,14,14,2022,7
"Brisbane-Hobart","Brisbane","Hobart","All Airlines","Jul-22",90,86,4,47,53,39,33,2022,7
"Brisbane-Mackay","Brisbane","Mackay","All Airlines","Jul-22",259,248,11,139,138,109,110,2022,7
"Brisbane-Melbourne","Brisbane","Melbourne","All Airlines","Jul-22",858,797,61,378,401,419,396,2022,7
"Brisbane-Mount Isa","Brisbane","Mount Isa","All Airlines","Jul-22",65,64,1,41,40,23,24,2022,7
"Brisbane-Newcastle","Brisbane","Newcastle","All Airlines","Jul-22",253,240,13,166,142,74,98,2022,7
"Brisbane-Perth","Brisbane","Perth","All Airlines","Jul-22",273,266,7,118,98,148,168,2022,7
"Brisbane-Proserpine","Brisbane","Proserpine","All Airlines","Jul-22",99,90,9,59,54,31,36,2022,7
"Brisbane-Rockhampton","Brisbane","Rockhampton","All Airlines","Jul-22",263,257,6,159,120,98,137,2022,7
"Brisbane-Sydney","Brisbane","Sydney","All Airlines","Jul-22",1313,1167,146,625,601,542,566,2022,7
"Brisbane-Townsville","Brisbane","Townsville","All Airlines","Jul-22",299,289,10,135,146,154,143,2022,7
"Broome-Perth","Broome","Perth","All Airlines","Jul-22",169,158,11,54,60,104,98,2022,7
"Cairns-Brisbane","Cairns","Brisbane","All Airlines","Jul-22",372,364,8,186,187,178,177,2022,7
"Cairns-Melbourne","Cairns","Melbourne","All Airlines","Jul-22",233,224,9,99,85,125,139,2022,7
"Cairns-Sydney","Cairns","Sydney","All Airlines","Jul-22",254,253,1,113,109,140,144,2022,7
"Cairns-Townsville","Cairns","Townsville","All Airlines","Jul-22",161,156,5,133,134,23,22,2022,7
"Canberra-Adelaide","Canberra","Adelaide","All Airlines","Jul-22",80,78,2,40,40,38,38,2022,7
"Canberra-Brisbane","Canberra","Brisbane","All Airlines","Jul-22",290,270,20,116,111,154,159,2022,7
"Canberra-Melbourne","Canberra","Melbourne","All Airlines","Jul-22",436,387,49,194,199,193,188,2022,7
"Canberra-Sydney","Canberra","Sydney","All Airlines","Jul-22",728,661,67,432,406,229,255,2022,7
"Coffs Harbour-Sydney","Coffs Harbour","Sydney","All Airlines","Jul-22",240,227,13,129,126,98,101,2022,7
"Darwin-Brisbane","Darwin","Brisbane","All Airlines","Jul-22",113,111,2,31,31,80,80,2022,7
"Darwin-Melbourne","Darwin","Melbourne","All Airlines","Jul-22",112,109,3,40,35,69,74,2022,7
"Darwin-Perth","Darwin","Perth","All Airlines","Jul-22",63,56,7,19,25,37,31,2022,7
"Darwin-Sydney","Darwin","Sydney","All Airlines","Jul-22",109,106,3,28,21,78,85,2022,7
"Dubbo-Sydney","Dubbo","Sydney","All Airlines","Jul-22",238,225,13,143,133,82,92,2022,7
"Emerald-Brisbane","Emerald","Brisbane","All Airlines","Jul-22",135,133,2,90,96,43,37,2022,7
"Gladstone-Brisbane","Gladstone","Brisbane","All Airlines","Jul-22",180,165,15,111,104,54,61,2022,7
"Gold Coast-Adelaide","Gold Coast","Adelaide","All Airlines","Jul-22",62,61,1,34,38,27,23,2022,7
"Gold Coast-Melbourne","Gold Coast","Melbourne","All Airlines","Jul-22",645,582,63,264,315,318,267,2022,7
"Gold Coast-Sydney","Gold Coast","Sydney","All Airlines","Jul-22",748,690,58,372,368,318,322,2022,7
"Hamilton Island-Brisbane","Hamilton Island","Brisbane","All Airlines","Jul-22",69,68,1,34,41,34,27,2022,7
"Hamilton Island-Sydney","Hamilton Island","Sydney","All Airlines","Jul-22",87,82,5,43,36,39,46,2022,7
"Hobart-Brisbane","Hobart","Brisbane","All Airlines","Jul-22",90,87,3,25,26,62,61,2022,7
"Hobart-Melbourne","Hobart","Melbourne","All Airlines","Jul-22",357,338,19,139,133,199,205,2022,7
"Hobart-Sydney","Hobart","Sydney","All Airlines","Jul-22",241,218,23,113,95,105,123,2022,7
"Kalgoorlie-Perth","Kalgoorlie","Perth","All Airlines","Jul-22",142,133,9,54,64,79,69,2022,7
"Karratha-Perth","Karratha","Perth","All Airlines","Jul-22",199,184,15,68,83,116,101,2022,7
"Launceston-Melbourne","Launceston","Melbourne","All Airlines","Jul-22",271,241,30,123,115,118,126,2022,7
"Launceston-Sydney","Launceston","Sydney","All Airlines","Jul-22",92,85,7,50,46,35,39,2022,7
"Mackay-Brisbane","Mackay","Brisbane","All Airlines","Jul-22",263,250,13,133,137,117,113,2022,7
"Melbourne-Adelaide","Melbourne","Adelaide","All Airlines","Jul-22",670,632,38,320,360,312,272,2022,7
"Melbourne-Brisbane","Melbourne","Brisbane","All Airlines","Jul-22",859,791,68,367,381,424,410,2022,7
"Melbourne-Cairns","Melbourne","Cairns","All Airlines","Jul-22",233,224,9,101,127,123,97,2022,7
"Melbourne-Canberra","Melbourne","Canberra","All Airlines","Jul-22",436,387,49,216,221,171,166,2022,7
"Melbourne-Darwin","Melbourne","Darwin","All Airlines","Jul-22",112,109,3,47,72,62,37,2022,7
"Melbourne-Gold Coast","Melbourne","Gold Coast","All Airlines","Jul-22",640,581,59,285,314,296,267,2022,7
"Melbourne-Hobart","Melbourne","Hobart","All Airlines","Jul-22",356,339,17,151,160,188,179,2022,7
"Melbourne-Launceston","Melbourne","Launceston","All Airlines","Jul-22",271,241,30,127,112,114,129,2022,7
"Melbourne-Mildura","Melbourne","Mildura","All Airlines","Jul-22",222,215,7,132,130,83,85,2022,7
"Melbourne-Newcastle","Melbourne","Newcastle","All Airlines","Jul-22",123,115,8,55,51,60,64,2022,7
"Melbourne-Perth","Melbourne","Perth","All Airlines","Jul-22",376,362,14,140,129,222,233,2022,7
"Melbourne-Sunshine Coast","Melbourne","Sunshine Coast","All Airlines","Jul-22",222,204,18,103,116,101,88,2022,7
"Melbourne-Sydney","Melbourne","Sydney","All Airlines","Jul-22",2113,1819,294,941,884,878,935,2022,7
"Mildura-Melbourne","Mildura","Melbourne","All Airlines","Jul-22",222,215,7,153,132,62,83,2022,7
"Mount Isa-Brisbane","Mount Isa","Brisbane","All Airlines","Jul-22",65,64,1,33,36,31,28,2022,7
"Newcastle-Brisbane","Newcastle","Brisbane","All Airlines","Jul-22",256,241,15,156,142,85,99,2022,7
"Newcastle-Melbourne","Newcastle","Melbourne","All Airlines","Jul-22",124,117,7,50,49,67,68,2022,7
"Newman-Perth","Newman","Perth","All Airlines","Jul-22",166,150,16,88,83,62,67,2022,7
"Perth-Adelaide","Perth","Adelaide","All Airlines","Jul-22",181,170,11,55,93,115,77,2022,7
"Perth-Brisbane","Perth","Brisbane","All Airlines","Jul-22",273,267,6,102,153,165,114,2022,7
"Perth-Broome","Perth","Broome","All Airlines","Jul-22",170,161,9,84,107,77,54,2022,7
"Perth-Darwin","Perth","Darwin","All Airlines","Jul-22",63,57,6,27,32,30,25,2022,7
"Perth-Kalgoorlie","Perth","Kalgoorlie","All Airlines","Jul-22",141,132,9,74,77,58,55,2022,7
"Perth-Karratha","Perth","Karratha","All Airlines","Jul-22",199,186,13,99,93,87,93,2022,7
"Perth-Melbourne","Perth","Melbourne","All Airlines","Jul-22",376,361,15,155,204,206,157,2022,7
"Perth-Newman","Perth","Newman","All Airlines","Jul-22",168,151,17,98,103,53,48,2022,7
"Perth-Port Hedland","Perth","Port Hedland","All Airlines","Jul-22",170,163,7,91,98,72,65,2022,7
"Perth-Sydney","Perth","Sydney","All Airlines","Jul-22",360,342,18,120,184,222,158,2022,7
"Port Hedland-Perth","Port Hedland","Perth","All Airlines","Jul-22",169,163,6,65,70,98,93,2022,7
"Port Lincoln-Adelaide","Port Lincoln","Adelaide","All Airlines","Jul-22",313,301,12,241,239,60,62,2022,7
"Port Macquarie-Sydney","Port Macquarie","Sydney","All Airlines","Jul-22",213,209,4,130,112,79,97,2022,7
"Proserpine-Brisbane","Proserpine","Brisbane","All Airlines","Jul-22",101,92,9,36,42,56,50,2022,7
"Rockhampton-Brisbane","Rockhampton","Brisbane","All Airlines","Jul-22",263,253,10,139,134,114,119,2022,7
"Sunshine Coast-Melbourne","Sunshine Coast","Melbourne","All Airlines","Jul-22",222,202,20,89,77,113,125,2022,7
"Sunshine Coast-Sydney","Sunshine Coast","Sydney","All Airlines","Jul-22",227,206,21,86,70,120,136,2022,7
"Sydney-Adelaide","Sydney","Adelaide","All Airlines","Jul-22",452,413,39,184,176,229,237,2022,7
"Sydney-Albury","Sydney","Albury","All Airlines","Jul-22",225,216,9,125,140,91,76,2022,7
"Sydney-Armidale","Sydney","Armidale","All Airlines","Jul-22",173,154,19,79,89,75,65,2022,7
"Sydney-Ballina","Sydney","Ballina","All Airlines","Jul-22",213,198,15,116,103,82,95,2022,7
"Sydney-Brisbane","Sydney","Brisbane","All Airlines","Jul-22",1309,1174,135,582,554,592,620,2022,7
"Sydney-Cairns","Sydney","Cairns","All Airlines","Jul-22",253,251,2,112,126,139,125,2022,7
"Sydney-Canberra","Sydney","Canberra","All Airlines","Jul-22",729,661,68,353,411,308,250,2022,7
"Sydney-Coffs Harbour","Sydney","Coffs Harbour","All Airlines","Jul-22",243,229,14,115,135,114,94,2022,7
"Sydney-Darwin","Sydney","Darwin","All Airlines","Jul-22",110,107,3,47,70,60,37,2022,7
"Sydney-Dubbo","Sydney","Dubbo","All Airlines","Jul-22",239,228,11,127,138,101,90,2022,7
"Sydney-Gold Coast","Sydney","Gold Coast","All Airlines","Jul-22",748,690,58,351,347,339,343,2022,7
"Sydney-Hamilton Island","Sydney","Hamilton Island","All Airlines","Jul-22",87,83,4,46,52,37,31,2022,7
"Sydney-Hobart","Sydney","Hobart","All Airlines","Jul-22",244,222,22,108,130,114,92,2022,7
"Sydney-Launceston","Sydney","Launceston","All Airlines","Jul-22",90,83,7,50,56,33,27,2022,7
"Sydney-Melbourne","Sydney","Melbourne","All Airlines","Jul-22",2110,1817,293,772,888,1045,929,2022,7
"Sydney-Perth","Sydney","Perth","All Airlines","Jul-22",355,341,14,123,89,218,252,2022,7
"Sydney-Port Macquarie","Sydney","Port Macquarie","All Airlines","Jul-22",213,209,4,104,120,105,89,2022,7
"Sydney-Sunshine Coast","Sydney","Sunshine Coast","All Airlines","Jul-22",227,207,20,115,114,92,93,2022,7
"Sydney-Wagga Wagga","Sydney","Wagga Wagga","All Airlines","Jul-22",212,209,3,103,107,106,102,2022,7
"Townsville-Brisbane","Townsville","Brisbane","All Airlines","Jul-22",299,288,11,131,137,157,151,2022,7
"Townsville-Cairns","Townsville","Cairns","All Airlines","Jul-22",161,157,4,109,110,48,47,2022,7
"Wagga Wagga-Sydney","Wagga Wagga","Sydney","All Airlines","Jul-22",210,206,4,127,113,79,93,2022,7
"Adelaide-Brisbane","Adelaide","Brisbane","Jetstar","Aug-22",36,34,2,16,19,18,15,2022,8
"Adelaide-Gold Coast","Adelaide","Gold Coast","Jetstar","Aug-22",22,22,0,16,15,6,7,2022,8
"Adelaide-Melbourne","Adelaide","Melbourne","Jetstar","Aug-22",93,85,8,43,49,42,36,2022,8
"Adelaide-Perth","Adelaide","Perth","Jetstar","Aug-22",22,20,2,10,8,10,12,2022,8
"Adelaide-Sydney","Adelaide","Sydney","Jetstar","Aug-22",62,59,3,33,38,26,21,2022,8
"Ballina-Sydney","Ballina","Sydney","Jetstar","Aug-22",57,57,0,32,29,25,28,2022,8
"Brisbane-Adelaide","Brisbane","Adelaide","Jetstar","Aug-22",36,34,2,10,14,24,20,2022,8
"Brisbane-Cairns","Brisbane","Cairns","Jetstar","Aug-22",49,49,0,27,24,22,25,2022,8
"Brisbane-Canberra","Brisbane","Canberra","Jetstar","Aug-22",32,32,0,21,23,11,9,2022,8
"Brisbane-Darwin","Brisbane","Darwin","Jetstar","Aug-22",14,14,0,8,12,6,2,2022,8
"Brisbane-Hobart","Brisbane","Hobart","Jetstar","Aug-22",17,17,0,14,16,3,1,2022,8
"Brisbane-Launceston","Brisbane","Launceston","Jetstar","Aug-22",19,19,0,10,11,9,8,2022,8
"Brisbane-Mackay","Brisbane","Mackay","Jetstar","Aug-22",28,27,1,16,14,11,13,2022,8
"Brisbane-Melbourne","Brisbane","Melbourne","Jetstar","Aug-22",123,113,10,78,82,35,31,2022,8
"Brisbane-Newcastle","Brisbane","Newcastle","Jetstar","Aug-22",44,43,1,30,29,13,14,2022,8
"Brisbane-Perth","Brisbane","Perth","Jetstar","Aug-22",18,17,1,8,3,9,14,2022,8
"Brisbane-Proserpine","Brisbane","Proserpine","Jetstar","Aug-22",31,31,0,23,19,8,12,2022,8
"Brisbane-Sydney","Brisbane","Sydney","Jetstar","Aug-22",117,106,11,72,72,34,34,2022,8
"Brisbane-Townsville","Brisbane","Townsville","Jetstar","Aug-22",47,46,1,24,26,22,20,2022,8
"Cairns-Brisbane","Cairns","Brisbane","Jetstar","Aug-22",49,49,0,30,27,19,22,2022,8
"Cairns-Gold Coast","Cairns","Gold Coast","Jetstar","Aug-22",32,32,0,14,17,18,15,2022,8
"Cairns-Melbourne","Cairns","Melbourne","Jetstar","Aug-22",128,126,2,73,81,53,45,2022,8
"Cairns-Sydney","Cairns","Sydney","Jetstar","Aug-22",106,103,3,41,45,62,58,2022,8
"Canberra-Brisbane","Canberra","Brisbane","Jetstar","Aug-22",31,31,0,15,21,16,10,2022,8
"Canberra-Melbourne","Canberra","Melbourne","Jetstar","Aug-22",31,29,2,22,21,7,8,2022,8
"Darwin-Brisbane","Darwin","Brisbane","Jetstar","Aug-22",14,14,0,7,4,7,10,2022,8
"Darwin-Melbourne","Darwin","Melbourne","Jetstar","Aug-22",22,22,0,4,3,18,19,2022,8
"Darwin-Sydney","Darwin","Sydney","Jetstar","Aug-22",23,22,1,4,6,18,16,2022,8
"Gold Coast-Adelaide","Gold Coast","Adelaide","Jetstar","Aug-22",22,22,0,13,10,9,12,2022,8
"Gold Coast-Cairns","Gold Coast","Cairns","Jetstar","Aug-22",32,32,0,28,26,4,6,2022,8
"Gold Coast-Melbourne","Gold Coast","Melbourne","Jetstar","Aug-22",220,205,15,150,150,55,55,2022,8
"Gold Coast-Sydney","Gold Coast","Sydney","Jetstar","Aug-22",244,224,20,142,140,82,84,2022,8
"Hamilton Island-Sydney","Hamilton Island","Sydney","Jetstar","Aug-22",23,21,2,13,12,8,9,2022,8
"Hobart-Brisbane","Hobart","Brisbane","Jetstar","Aug-22",17,17,0,16,14,1,3,2022,8
"Hobart-Melbourne","Hobart","Melbourne","Jetstar","Aug-22",125,121,4,76,79,45,42,2022,8
"Hobart-Sydney","Hobart","Sydney","Jetstar","Aug-22",44,44,0,19,14,25,30,2022,8
"Launceston-Brisbane","Launceston","Brisbane","Jetstar","Aug-22",19,18,1,6,7,12,11,2022,8
"Launceston-Melbourne","Launceston","Melbourne","Jetstar","Aug-22",62,62,0,20,25,42,37,2022,8
"Launceston-Sydney","Launceston","Sydney","Jetstar","Aug-22",30,30,0,19,18,11,12,2022,8
"Mackay-Brisbane","Mackay","Brisbane","Jetstar","Aug-22",28,27,1,10,9,17,18,2022,8
"Melbourne-Adelaide","Melbourne","Adelaide","Jetstar","Aug-22",93,85,8,47,48,38,37,2022,8
"Melbourne-Brisbane","Melbourne","Brisbane","Jetstar","Aug-22",123,113,10,54,64,59,49,2022,8
"Melbourne-Cairns","Melbourne","Cairns","Jetstar","Aug-22",128,126,2,53,65,73,61,2022,8
"Melbourne-Canberra","Melbourne","Canberra","Jetstar","Aug-22",31,29,2,25,25,4,4,2022,8
"Melbourne-Darwin","Melbourne","Darwin","Jetstar","Aug-22",22,22,0,10,10,12,12,2022,8
"Melbourne-Gold Coast","Melbourne","Gold Coast","Jetstar","Aug-22",221,207,14,137,149,70,58,2022,8
"Melbourne-Hobart","Melbourne","Hobart","Jetstar","Aug-22",125,121,4,86,88,35,33,2022,8
"Melbourne-Launceston","Melbourne","Launceston","Jetstar","Aug-22",62,62,0,24,25,38,37,2022,8
"Melbourne-Newcastle","Melbourne","Newcastle","Jetstar","Aug-22",31,31,0,18,18,13,13,2022,8
"Melbourne-Perth","Melbourne","Perth","Jetstar","Aug-22",80,69,11,43,45,26,24,2022,8
"Melbourne-Sunshine Coast","Melbourne","Sunshine Coast","Jetstar","Aug-22",54,51,3,27,34,24,17,2022,8
"Melbourne-Sydney","Melbourne","Sydney","Jetstar","Aug-22",380,327,53,176,195,151,132,2022,8
"Newcastle-Brisbane","Newcastle","Brisbane","Jetstar","Aug-22",44,43,1,27,30,16,13,2022,8
"Newcastle-Melbourne","Newcastle","Melbourne","Jetstar","Aug-22",31,31,0,17,18,14,13,2022,8
"Perth-Adelaide","Perth","Adelaide","Jetstar","Aug-22",22,20,2,4,6,16,14,2022,8
"Perth-Brisbane","Perth","Brisbane","Jetstar","Aug-22",18,17,1,1,3,16,14,2022,8
"Perth-Melbourne","Perth","Melbourne","Jetstar","Aug-22",78,68,10,24,33,44,35,2022,8
"Perth-Sydney","Perth","Sydney","Jetstar","Aug-22",49,44,5,6,18,38,26,2022,8
"Proserpine-Brisbane","Proserpine","Brisbane","Jetstar","Aug-22",32,32,0,15,18,17,14,2022,8
"Sunshine Coast-Melbourne","Sunshine Coast","Melbourne","Jetstar","Aug-22",54,51,3,26,24,25,27,2022,8
"Sunshine Coast-Sydney","Sunshine Coast","Sydney","Jetstar","Aug-22",75,73,2,40,33,33,40,2022,8
"Sydney-Adelaide","Sydney","Adelaide","Jetstar","Aug-22",63,60,3,20,20,40,40,2022,8
"Sydney-Ballina","Sydney","Ballina","Jetstar","Aug-22",57,57,0,40,43,17,14,2022,8
"Sydney-Brisbane","Sydney","Brisbane","Jetstar","Aug-22",118,108,10,62,66,46,42,2022,8
"Sydney-Cairns","Sydney","Cairns","Jetstar","Aug-22",106,103,3,57,64,46,39,2022,8
"Sydney-Darwin","Sydney","Darwin","Jetstar","Aug-22",23,22,1,12,13,10,9,2022,8
"Sydney-Gold Coast","Sydney","Gold Coast","Jetstar","Aug-22",244,224,20,141,145,83,79,2022,8
"Sydney-Hamilton Island","Sydney","Hamilton Island","Jetstar","Aug-22",21,21,0,14,17,7,4,2022,8
"Sydney-Hobart","Sydney","Hobart","Jetstar","Aug-22",44,44,0,19,24,25,20,2022,8
"Sydney-Launceston","Sydney","Launceston","Jetstar","Aug-22",30,30,0,20,20,10,10,2022,8
"Sydney-Melbourne","Sydney","Melbourne","Jetstar","Aug-22",380,329,51,190,207,139,122,2022,8
"Sydney-Perth","Sydney","Perth","Jetstar","Aug-22",47,45,2,29,25,16,20,2022,8
"Sydney-Sunshine Coast","Sydney","Sunshine Coast","Jetstar","Aug-22",74,73,1,55,51,18,22,2022,8
"Townsville-Brisbane","Townsville","Brisbane","Jetstar","Aug-22",47,46,1,17,18,29,28,2022,8
"Adelaide-Brisbane","Adelaide","Brisbane","Qantas","Aug-22",91,91,0,61,67,30,24,2022,8
"Adelaide-Melbourne","Adelaide","Melbourne","Qantas","Aug-22",238,231,7,148,165,83,66,2022,8
"Adelaide-Perth","Adelaide","Perth","Qantas","Aug-22",98,98,0,62,59,36,39,2022,8
"Adelaide-Sydney","Adelaide","Sydney","Qantas","Aug-22",234,231,3,147,149,84,82,2022,8
"Brisbane-Adelaide","Brisbane","Adelaide","Qantas","Aug-22",91,91,0,70,69,21,22,2022,8
"Brisbane-Cairns","Brisbane","Cairns","Qantas","Aug-22",119,119,0,84,90,35,29,2022,8
"Brisbane-Canberra","Brisbane","Canberra","Qantas","Aug-22",17,17,0,13,16,4,1,2022,8
"Brisbane-Darwin","Brisbane","Darwin","Qantas","Aug-22",43,42,1,34,33,8,9,2022,8
"Brisbane-Hamilton Island","Brisbane","Hamilton Island","Qantas","Aug-22",24,24,0,23,22,1,2,2022,8
"Brisbane-Mackay","Brisbane","Mackay","Qantas","Aug-22",106,105,1,67,64,38,41,2022,8
"Brisbane-Melbourne","Brisbane","Melbourne","Qantas","Aug-22",335,331,4,191,203,140,128,2022,8
"Brisbane-Mount Isa","Brisbane","Mount Isa","Qantas","Aug-22",31,31,0,26,28,5,3,2022,8
"Brisbane-Perth","Brisbane","Perth","Qantas","Aug-22",145,137,8,100,64,37,73,2022,8
"Brisbane-Sydney","Brisbane","Sydney","Qantas","Aug-22",541,518,23,398,379,120,139,2022,8
"Brisbane-Townsville","Brisbane","Townsville","Qantas","Aug-22",105,105,0,66,62,39,43,2022,8
"Broome-Perth","Broome","Perth","Qantas","Aug-22",42,40,2,15,18,25,22,2022,8
"Cairns-Brisbane","Cairns","Brisbane","Qantas","Aug-22",118,118,0,96,84,22,34,2022,8
"Cairns-Melbourne","Cairns","Melbourne","Qantas","Aug-22",48,48,0,22,16,26,32,2022,8
"Cairns-Sydney","Cairns","Sydney","Qantas","Aug-22",62,62,0,34,30,28,32,2022,8
"Canberra-Brisbane","Canberra","Brisbane","Qantas","Aug-22",17,17,0,12,13,5,4,2022,8
"Canberra-Melbourne","Canberra","Melbourne","Qantas","Aug-22",8,8,0,8,8,0,0,2022,8
"Darwin-Brisbane","Darwin","Brisbane","Qantas","Aug-22",43,42,1,12,8,30,34,2022,8
"Darwin-Melbourne","Darwin","Melbourne","Qantas","Aug-22",32,32,0,17,21,15,11,2022,8
"Darwin-Perth","Darwin","Perth","Qantas","Aug-22",17,17,0,9,11,8,6,2022,8
"Darwin-Sydney","Darwin","Sydney","Qantas","Aug-22",54,54,0,13,16,41,38,2022,8
"Gold Coast-Melbourne","Gold Coast","Melbourne","Qantas","Aug-22",30,30,0,13,21,17,9,2022,8
"Gold Coast-Sydney","Gold Coast","Sydney","Qantas","Aug-22",67,67,0,46,44,21,23,2022,8
"Hamilton Island-Brisbane","Hamilton Island","Brisbane","Qantas","Aug-22",24,24,0,18,21,6,3,2022,8
"Hamilton Island-Sydney","Hamilton Island","Sydney","Qantas","Aug-22",31,31,0,17,16,14,15,2022,8
"Hobart-Melbourne","Hobart","Melbourne","Qantas","Aug-22",8,8,0,5,5,3,3,2022,8
"Hobart-Sydney","Hobart","Sydney","Qantas","Aug-22",31,31,0,19,20,12,11,2022,8
"Kalgoorlie-Perth","Kalgoorlie","Perth","Qantas","Aug-22",32,32,0,12,16,20,16,2022,8
"Karratha-Perth","Karratha","Perth","Qantas","Aug-22",44,42,2,23,28,19,14,2022,8
"Mackay-Brisbane","Mackay","Brisbane","Qantas","Aug-22",106,104,2,71,73,33,31,2022,8
"Melbourne-Adelaide","Melbourne","Adelaide","Qantas","Aug-22",238,233,5,135,137,98,96,2022,8
"Melbourne-Brisbane","Melbourne","Brisbane","Qantas","Aug-22",332,326,6,222,246,104,80,2022,8
"Melbourne-Cairns","Melbourne","Cairns","Qantas","Aug-22",48,48,0,26,29,22,19,2022,8
"Melbourne-Canberra","Melbourne","Canberra","Qantas","Aug-22",8,8,0,7,8,1,0,2022,8
"Melbourne-Darwin","Melbourne","Darwin","Qantas","Aug-22",31,31,0,12,19,19,12,2022,8
"Melbourne-Gold Coast","Melbourne","Gold Coast","Qantas","Aug-22",32,32,0,24,26,8,6,2022,8
"Melbourne-Hobart","Melbourne","Hobart","Qantas","Aug-22",8,8,0,6,8,2,0,2022,8
"Melbourne-Perth","Melbourne","Perth","Qantas","Aug-22",168,167,1,83,87,84,80,2022,8
"Melbourne-Sunshine Coast","Melbourne","Sunshine Coast","Qantas","Aug-22",7,7,0,4,4,3,3,2022,8
"Melbourne-Sydney","Melbourne","Sydney","Qantas","Aug-22",801,667,134,436,435,231,232,2022,8
"Mount Isa-Brisbane","Mount Isa","Brisbane","Qantas","Aug-22",31,31,0,22,25,9,6,2022,8
"Newman-Perth","Newman","Perth","Qantas","Aug-22",31,27,4,18,18,9,9,2022,8
"Perth-Adelaide","Perth","Adelaide","Qantas","Aug-22",98,97,1,54,53,43,44,2022,8
"Perth-Brisbane","Perth","Brisbane","Qantas","Aug-22",146,144,2,82,102,62,42,2022,8
"Perth-Broome","Perth","Broome","Qantas","Aug-22",42,41,1,24,31,17,10,2022,8
"Perth-Darwin","Perth","Darwin","Qantas","Aug-22",17,17,0,11,11,6,6,2022,8
"Perth-Kalgoorlie","Perth","Kalgoorlie","Qantas","Aug-22",32,32,0,18,16,14,16,2022,8
"Perth-Karratha","Perth","Karratha","Qantas","Aug-22",45,42,3,28,26,14,16,2022,8
"Perth-Melbourne","Perth","Melbourne","Qantas","Aug-22",167,164,3,93,100,71,64,2022,8
"Perth-Newman","Perth","Newman","Qantas","Aug-22",31,28,3,21,22,7,6,2022,8
"Perth-Port Hedland","Perth","Port Hedland","Qantas","Aug-22",56,54,2,33,33,21,21,2022,8
"Perth-Sydney","Perth","Sydney","Qantas","Aug-22",177,172,5,93,108,79,64,2022,8
"Port Hedland-Perth","Port Hedland","Perth","Qantas","Aug-22",56,55,1,24,24,31,31,2022,8
"Sunshine Coast-Melbourne","Sunshine Coast","Melbourne","Qantas","Aug-22",7,7,0,2,1,5,6,2022,8
"Sunshine Coast-Sydney","Sunshine Coast","Sydney","Qantas","Aug-22",44,44,0,23,21,21,23,2022,8
"Sydney-Adelaide","Sydney","Adelaide","Qantas","Aug-22",234,231,3,154,135,77,96,2022,8
"Sydney-Brisbane","Sydney","Brisbane","Qantas","Aug-22",541,519,22,283,284,236,235,2022,8
"Sydney-Cairns","Sydney","Cairns","Qantas","Aug-22",62,62,0,31,34,31,28,2022,8
"Sydney-Darwin","Sydney","Darwin","Qantas","Aug-22",53,53,0,24,18,29,35,2022,8
"Sydney-Gold Coast","Sydney","Gold Coast","Qantas","Aug-22",68,68,0,42,47,26,21,2022,8
"Sydney-Hamilton Island","Sydney","Hamilton Island","Qantas","Aug-22",31,31,0,14,14,17,17,2022,8
"Sydney-Hobart","Sydney","Hobart","Qantas","Aug-22",31,31,0,21,21,10,10,2022,8
"Sydney-Melbourne","Sydney","Melbourne","Qantas","Aug-22",798,666,132,418,431,248,235,2022,8
"Sydney-Perth","Sydney","Perth","Qantas","Aug-22",177,173,4,96,70,77,103,2022,8
"Sydney-Sunshine Coast","Sydney","Sunshine Coast","Qantas","Aug-22",43,43,0,27,26,16,17,2022,8
"Townsville-Brisbane","Townsville","Brisbane","Qantas","Aug-22",105,105,0,62,58,43,47,2022,8
"Adelaide-Alice Springs","Adelaide","Alice Springs","QantasLink","Aug-22",44,44,0,32,29,12,15,2022,8
"Adelaide-Canberra","Adelaide","Canberra","QantasLink","Aug-22",71,70,1,56,54,14,16,2022,8
"Adelaide-Melbourne","Adelaide","Melbourne","QantasLink","Aug-22",13,13,0,13,13,0,0,2022,8
"Adelaide-Port Lincoln","Adelaide","Port Lincoln","QantasLink","Aug-22",139,134,5,117,113,17,21,2022,8
"Albury-Sydney","Albury","Sydney","QantasLink","Aug-22",110,108,2,77,76,31,32,2022,8
"Alice Springs-Adelaide","Alice Springs","Adelaide","QantasLink","Aug-22",44,44,0,26,27,18,17,2022,8
"Armidale-Sydney","Armidale","Sydney","QantasLink","Aug-22",104,97,7,87,84,10,13,2022,8
"Ballina-Sydney","Ballina","Sydney","QantasLink","Aug-22",90,88,2,54,42,34,46,2022,8
"Brisbane-Cairns","Brisbane","Cairns","QantasLink","Aug-22",19,19,0,12,12,7,7,2022,8
"Brisbane-Canberra","Brisbane","Canberra","QantasLink","Aug-22",144,137,7,80,76,57,61,2022,8
"Brisbane-Emerald","Brisbane","Emerald","QantasLink","Aug-22",121,121,0,104,103,17,18,2022,8
"Brisbane-Gladstone","Brisbane","Gladstone","QantasLink","Aug-22",110,109,1,83,73,26,36,2022,8
"Brisbane-Hobart","Brisbane","Hobart","QantasLink","Aug-22",11,11,0,8,7,3,4,2022,8
"Brisbane-Mackay","Brisbane","Mackay","QantasLink","Aug-22",10,10,0,5,5,5,5,2022,8
"Brisbane-Mount Isa","Brisbane","Mount Isa","QantasLink","Aug-22",23,23,0,12,12,11,11,2022,8
"Brisbane-Newcastle","Brisbane","Newcastle","QantasLink","Aug-22",121,117,4,74,75,43,42,2022,8
"Brisbane-Proserpine","Brisbane","Proserpine","QantasLink","Aug-22",22,22,0,17,11,5,11,2022,8
"Brisbane-Rockhampton","Brisbane","Rockhampton","QantasLink","Aug-22",131,129,2,87,92,42,37,2022,8
"Brisbane-Townsville","Brisbane","Townsville","QantasLink","Aug-22",26,26,0,18,17,8,9,2022,8
"Broome-Perth","Broome","Perth","QantasLink","Aug-22",57,51,6,21,19,30,32,2022,8
"Cairns-Brisbane","Cairns","Brisbane","QantasLink","Aug-22",19,19,0,10,10,9,9,2022,8
"Cairns-Townsville","Cairns","Townsville","QantasLink","Aug-22",138,136,2,115,118,21,18,2022,8
"Canberra-Adelaide","Canberra","Adelaide","QantasLink","Aug-22",70,69,1,48,43,21,26,2022,8
"Canberra-Brisbane","Canberra","Brisbane","QantasLink","Aug-22",143,135,8,74,76,61,59,2022,8
"Canberra-Gold Coast","Canberra","Gold Coast","QantasLink","Aug-22",11,11,0,6,8,5,3,2022,8
"Canberra-Melbourne","Canberra","Melbourne","QantasLink","Aug-22",248,235,13,172,171,63,64,2022,8
"Canberra-Sydney","Canberra","Sydney","QantasLink","Aug-22",449,405,44,303,292,102,113,2022,8
"Coffs Harbour-Sydney","Coffs Harbour","Sydney","QantasLink","Aug-22",115,115,0,78,72,37,43,2022,8
"Darwin-Perth","Darwin","Perth","QantasLink","Aug-22",18,17,1,8,10,9,7,2022,8
"Dubbo-Sydney","Dubbo","Sydney","QantasLink","Aug-22",118,113,5,83,86,30,27,2022,8
"Emerald-Brisbane","Emerald","Brisbane","QantasLink","Aug-22",121,121,0,95,97,26,24,2022,8
"Gladstone-Brisbane","Gladstone","Brisbane","QantasLink","Aug-22",110,109,1,77,75,32,34,2022,8
"Gold Coast-Canberra","Gold Coast","Canberra","QantasLink","Aug-22",11,11,0,7,7,4,4,2022,8
"Gold Coast-Melbourne","Gold Coast","Melbourne","QantasLink","Aug-22",27,26,1,19,21,7,5,2022,8
"Gold Coast-Sydney","Gold Coast","Sydney","QantasLink","Aug-22",45,44,1,23,27,21,17,2022,8
"Hobart-Brisbane","Hobart","Brisbane","QantasLink","Aug-22",11,11,0,4,5,7,6,2022,8
"Hobart-Melbourne","Hobart","Melbourne","QantasLink","Aug-22",95,91,4,58,58,33,33,2022,8
"Hobart-Sydney","Hobart","Sydney","QantasLink","Aug-22",53,51,2,38,26,13,25,2022,8
"Kalgoorlie-Perth","Kalgoorlie","Perth","QantasLink","Aug-22",45,43,2,19,22,24,21,2022,8
"Karratha-Perth","Karratha","Perth","QantasLink","Aug-22",106,97,9,48,58,49,39,2022,8
"Launceston-Melbourne","Launceston","Melbourne","QantasLink","Aug-22",36,35,1,15,11,20,24,2022,8
"Launceston-Sydney","Launceston","Sydney","QantasLink","Aug-22",12,12,0,10,9,2,3,2022,8
"Mackay-Brisbane","Mackay","Brisbane","QantasLink","Aug-22",14,14,0,8,9,6,5,2022,8
"Melbourne-Adelaide","Melbourne","Adelaide","QantasLink","Aug-22",13,13,0,12,12,1,1,2022,8
"Melbourne-Canberra","Melbourne","Canberra","QantasLink","Aug-22",248,238,10,166,171,72,67,2022,8
"Melbourne-Gold Coast","Melbourne","Gold Coast","QantasLink","Aug-22",27,26,1,21,21,5,5,2022,8
"Melbourne-Hobart","Melbourne","Hobart","QantasLink","Aug-22",95,92,3,53,59,39,33,2022,8
"Melbourne-Launceston","Melbourne","Launceston","QantasLink","Aug-22",36,36,0,18,13,18,23,2022,8
"Melbourne-Mildura","Melbourne","Mildura","QantasLink","Aug-22",116,115,1,73,67,42,48,2022,8
"Melbourne-Newcastle","Melbourne","Newcastle","QantasLink","Aug-22",53,53,0,36,35,17,18,2022,8
"Melbourne-Sunshine Coast","Melbourne","Sunshine Coast","QantasLink","Aug-22",33,33,0,21,19,12,14,2022,8
"Mildura-Melbourne","Mildura","Melbourne","QantasLink","Aug-22",116,116,0,74,67,42,49,2022,8
"Mount Isa-Brisbane","Mount Isa","Brisbane","QantasLink","Aug-22",23,22,1,12,15,10,7,2022,8
"Newcastle-Brisbane","Newcastle","Brisbane","QantasLink","Aug-22",120,116,4,86,86,30,30,2022,8
"Newcastle-Melbourne","Newcastle","Melbourne","QantasLink","Aug-22",54,54,0,32,29,22,25,2022,8
"Newman-Perth","Newman","Perth","QantasLink","Aug-22",92,84,8,50,43,34,41,2022,8
"Perth-Broome","Perth","Broome","QantasLink","Aug-22",56,50,6,30,38,20,12,2022,8
"Perth-Darwin","Perth","Darwin","QantasLink","Aug-22",18,17,1,13,14,4,3,2022,8
"Perth-Kalgoorlie","Perth","Kalgoorlie","QantasLink","Aug-22",45,43,2,23,23,20,20,2022,8
"Perth-Karratha","Perth","Karratha","QantasLink","Aug-22",107,101,6,60,63,41,38,2022,8
"Perth-Newman","Perth","Newman","QantasLink","Aug-22",93,86,7,53,56,33,30,2022,8
"Perth-Port Hedland","Perth","Port Hedland","QantasLink","Aug-22",79,73,6,44,42,29,31,2022,8
"Port Hedland-Perth","Port Hedland","Perth","QantasLink","Aug-22",81,75,6,38,40,37,35,2022,8
"Port Lincoln-Adelaide","Port Lincoln","Adelaide","QantasLink","Aug-22",139,133,6,114,114,19,19,2022,8
"Port Macquarie-Sydney","Port Macquarie","Sydney","QantasLink","Aug-22",104,103,1,95,94,8,9,2022,8
"Proserpine-Brisbane","Proserpine","Brisbane","QantasLink","Aug-22",22,22,0,7,9,15,13,2022,8
"Rockhampton-Brisbane","Rockhampton","Brisbane","QantasLink","Aug-22",133,129,4,79,75,50,54,2022,8
"Sunshine Coast-Melbourne","Sunshine Coast","Melbourne","QantasLink","Aug-22",34,34,0,7,9,27,25,2022,8
"Sydney-Albury","Sydney","Albury","QantasLink","Aug-22",109,107,2,83,84,24,23,2022,8
"Sydney-Armidale","Sydney","Armidale","QantasLink","Aug-22",105,98,7,62,82,36,16,2022,8
"Sydney-Ballina","Sydney","Ballina","QantasLink","Aug-22",90,88,2,52,45,36,43,2022,8
"Sydney-Canberra","Sydney","Canberra","QantasLink","Aug-22",449,406,43,292,290,114,116,2022,8
"Sydney-Coffs Harbour","Sydney","Coffs Harbour","QantasLink","Aug-22",115,115,0,67,74,48,41,2022,8
"Sydney-Dubbo","Sydney","Dubbo","QantasLink","Aug-22",118,115,3,83,80,32,35,2022,8
"Sydney-Gold Coast","Sydney","Gold Coast","QantasLink","Aug-22",45,44,1,30,30,14,14,2022,8
"Sydney-Hobart","Sydney","Hobart","QantasLink","Aug-22",52,50,2,18,24,32,26,2022,8
"Sydney-Launceston","Sydney","Launceston","QantasLink","Aug-22",12,12,0,9,9,3,3,2022,8
"Sydney-Port Macquarie","Sydney","Port Macquarie","QantasLink","Aug-22",104,103,1,73,84,30,19,2022,8
"Sydney-Wagga Wagga","Sydney","Wagga Wagga","QantasLink","Aug-22",80,80,0,47,46,33,34,2022,8
"Townsville-Brisbane","Townsville","Brisbane","QantasLink","Aug-22",26,24,2,18,13,6,11,2022,8
"Townsville-Cairns","Townsville","Cairns","QantasLink","Aug-22",138,136,2,112,115,24,21,2022,8
"Wagga Wagga-Sydney","Wagga Wagga","Sydney","QantasLink","Aug-22",80,80,0,48,53,32,27,2022,8
"Adelaide-Melbourne","Adelaide","Melbourne","Rex Airlines","Aug-22",58,58,0,51,49,7,9,2022,8
"Adelaide-Port Lincoln","Adelaide","Port Lincoln","Rex Airlines","Aug-22",182,180,2,135,117,45,63,2022,8
"Albury-Sydney","Albury","Sydney","Rex Airlines","Aug-22",131,127,4,113,109,14,18,2022,8
"Armidale-Sydney","Armidale","Sydney","Rex Airlines","Aug-22",79,79,0,66,48,13,31,2022,8
"Brisbane-Melbourne","Brisbane","Melbourne","Rex Airlines","Aug-22",54,54,0,47,47,7,7,2022,8
"Brisbane-Sydney","Brisbane","Sydney","Rex Airlines","Aug-22",85,85,0,79,73,6,12,2022,8
"Cairns-Townsville","Cairns","Townsville","Rex Airlines","Aug-22",21,21,0,21,21,0,0,2022,8
"Canberra-Melbourne","Canberra","Melbourne","Rex Airlines","Aug-22",31,31,0,27,25,4,6,2022,8
"Coffs Harbour-Sydney","Coffs Harbour","Sydney","Rex Airlines","Aug-22",136,135,1,117,106,18,29,2022,8
"Dubbo-Sydney","Dubbo","Sydney","Rex Airlines","Aug-22",133,132,1,116,112,16,20,2022,8
"Gold Coast-Melbourne","Gold Coast","Melbourne","Rex Airlines","Aug-22",31,31,0,18,15,13,16,2022,8
"Gold Coast-Sydney","Gold Coast","Sydney","Rex Airlines","Aug-22",31,31,0,27,27,4,4,2022,8
"Melbourne-Adelaide","Melbourne","Adelaide","Rex Airlines","Aug-22",58,58,0,45,44,13,14,2022,8
"Melbourne-Brisbane","Melbourne","Brisbane","Rex Airlines","Aug-22",54,54,0,50,48,4,6,2022,8
"Melbourne-Canberra","Melbourne","Canberra","Rex Airlines","Aug-22",31,31,0,29,27,2,4,2022,8
"Melbourne-Gold Coast","Melbourne","Gold Coast","Rex Airlines","Aug-22",31,31,0,23,23,8,8,2022,8
"Melbourne-Mildura","Melbourne","Mildura","Rex Airlines","Aug-22",111,111,0,96,88,15,23,2022,8
"Melbourne-Sydney","Melbourne","Sydney","Rex Airlines","Aug-22",138,137,1,124,122,13,15,2022,8
"Mildura-Melbourne","Mildura","Melbourne","Rex Airlines","Aug-22",111,111,0,100,96,11,15,2022,8
"Port Lincoln-Adelaide","Port Lincoln","Adelaide","Rex Airlines","Aug-22",184,181,3,121,120,60,61,2022,8
"Port Macquarie-Sydney","Port Macquarie","Sydney","Rex Airlines","Aug-22",108,105,3,94,69,11,36,2022,8
"Sydney-Albury","Sydney","Albury","Rex Airlines","Aug-22",130,127,3,110,111,17,16,2022,8
"Sydney-Armidale","Sydney","Armidale","Rex Airlines","Aug-22",80,80,0,63,62,17,18,2022,8
"Sydney-Brisbane","Sydney","Brisbane","Rex Airlines","Aug-22",85,85,0,68,66,17,19,2022,8
"Sydney-Coffs Harbour","Sydney","Coffs Harbour","Rex Airlines","Aug-22",135,135,0,114,117,21,18,2022,8
"Sydney-Dubbo","Sydney","Dubbo","Rex Airlines","Aug-22",136,135,1,110,110,25,25,2022,8
"Sydney-Gold Coast","Sydney","Gold Coast","Rex Airlines","Aug-22",31,31,0,29,29,2,2,2022,8
"Sydney-Melbourne","Sydney","Melbourne","Rex Airlines","Aug-22",138,137,1,117,111,20,26,2022,8
"Sydney-Port Macquarie","Sydney","Port Macquarie","Rex Airlines","Aug-22",108,104,4,87,90,17,14,2022,8
"Sydney-Wagga Wagga","Sydney","Wagga Wagga","Rex Airlines","Aug-22",143,142,1,109,116,33,26,2022,8
"Townsville-Cairns","Townsville","Cairns","Rex Airlines","Aug-22",21,21,0,21,21,0,0,2022,8
"Wagga Wagga-Sydney","Wagga Wagga","Sydney","Rex Airlines","Aug-22",142,141,1,119,105,22,36,2022,8
"Adelaide-Alice Springs","Adelaide","Alice Springs","Virgin Australia","Aug-22",14,14,0,12,12,2,2,2022,8
"Adelaide-Brisbane","Adelaide","Brisbane","Virgin Australia","Aug-22",102,101,1,77,85,24,16,2022,8
"Adelaide-Canberra","Adelaide","Canberra","Virgin Australia","Aug-22",17,17,0,11,14,6,3,2022,8
"Adelaide-Gold Coast","Adelaide","Gold Coast","Virgin Australia","Aug-22",31,31,0,29,30,2,1,2022,8
"Adelaide-Melbourne","Adelaide","Melbourne","Virgin Australia","Aug-22",239,236,3,155,162,81,74,2022,8
"Adelaide-Perth","Adelaide","Perth","Virgin Australia","Aug-22",6,6,0,3,3,3,3,2022,8
"Adelaide-Sydney","Adelaide","Sydney","Virgin Australia","Aug-22",126,123,3,81,77,42,46,2022,8
"Alice Springs-Adelaide","Alice Springs","Adelaide","Virgin Australia","Aug-22",14,14,0,7,9,7,5,2022,8
"Ballina-Sydney","Ballina","Sydney","Virgin Australia","Aug-22",55,53,2,36,33,17,20,2022,8
"Brisbane-Adelaide","Brisbane","Adelaide","Virgin Australia","Aug-22",102,101,1,80,82,21,19,2022,8
"Brisbane-Cairns","Brisbane","Cairns","Virgin Australia","Aug-22",131,131,0,87,92,44,39,2022,8
"Brisbane-Canberra","Brisbane","Canberra","Virgin Australia","Aug-22",87,87,0,60,64,27,23,2022,8
"Brisbane-Darwin","Brisbane","Darwin","Virgin Australia","Aug-22",31,31,0,22,26,9,5,2022,8
"Brisbane-Emerald","Brisbane","Emerald","Virgin Australia","Aug-22",27,27,0,22,20,5,7,2022,8
"Brisbane-Gladstone","Brisbane","Gladstone","Virgin Australia","Aug-22",54,53,1,47,44,6,9,2022,8
"Brisbane-Hamilton Island","Brisbane","Hamilton Island","Virgin Australia","Aug-22",38,35,3,30,32,5,3,2022,8
"Brisbane-Hobart","Brisbane","Hobart","Virgin Australia","Aug-22",43,42,1,29,36,13,6,2022,8
"Brisbane-Launceston","Brisbane","Launceston","Virgin Australia","Aug-22",21,21,0,14,14,7,7,2022,8
"Brisbane-Mackay","Brisbane","Mackay","Virgin Australia","Aug-22",119,119,0,92,97,27,22,2022,8
"Brisbane-Melbourne","Brisbane","Melbourne","Virgin Australia","Aug-22",310,305,5,163,155,142,150,2022,8
"Brisbane-Mount Isa","Brisbane","Mount Isa","Virgin Australia","Aug-22",15,15,0,12,7,3,8,2022,8
"Brisbane-Newcastle","Brisbane","Newcastle","Virgin Australia","Aug-22",85,84,1,71,58,13,26,2022,8
"Brisbane-Perth","Brisbane","Perth","Virgin Australia","Aug-22",102,102,0,71,71,31,31,2022,8
"Brisbane-Proserpine","Brisbane","Proserpine","Virgin Australia","Aug-22",32,32,0,25,26,7,6,2022,8
"Brisbane-Rockhampton","Brisbane","Rockhampton","Virgin Australia","Aug-22",116,116,0,79,53,37,63,2022,8
"Brisbane-Sydney","Brisbane","Sydney","Virgin Australia","Aug-22",453,438,15,325,305,113,133,2022,8
"Brisbane-Townsville","Brisbane","Townsville","Virgin Australia","Aug-22",120,119,1,89,100,30,19,2022,8
"Broome-Perth","Broome","Perth","Virgin Australia","Aug-22",17,16,1,4,4,12,12,2022,8
"Cairns-Brisbane","Cairns","Brisbane","Virgin Australia","Aug-22",131,131,0,93,98,38,33,2022,8
"Cairns-Gold Coast","Cairns","Gold Coast","Virgin Australia","Aug-22",14,14,0,11,11,3,3,2022,8
"Cairns-Melbourne","Cairns","Melbourne","Virgin Australia","Aug-22",70,70,0,37,36,33,34,2022,8
"Cairns-Sydney","Cairns","Sydney","Virgin Australia","Aug-22",68,68,0,53,52,15,16,2022,8
"Canberra-Adelaide","Canberra","Adelaide","Virgin Australia","Aug-22",17,17,0,15,15,2,2,2022,8
"Canberra-Brisbane","Canberra","Brisbane","Virgin Australia","Aug-22",87,87,0,57,63,30,24,2022,8
"Canberra-Gold Coast","Canberra","Gold Coast","Virgin Australia","Aug-22",31,31,0,19,18,12,13,2022,8
"Canberra-Melbourne","Canberra","Melbourne","Virgin Australia","Aug-22",102,101,1,57,56,44,45,2022,8
"Canberra-Sydney","Canberra","Sydney","Virgin Australia","Aug-22",262,254,8,219,215,35,39,2022,8
"Darwin-Brisbane","Darwin","Brisbane","Virgin Australia","Aug-22",31,31,0,13,15,18,16,2022,8
"Darwin-Melbourne","Darwin","Melbourne","Virgin Australia","Aug-22",31,31,0,6,9,25,22,2022,8
"Darwin-Perth","Darwin","Perth","Virgin Australia","Aug-22",9,9,0,3,3,6,6,2022,8
"Darwin-Sydney","Darwin","Sydney","Virgin Australia","Aug-22",32,31,1,9,14,22,17,2022,8
"Emerald-Brisbane","Emerald","Brisbane","Virgin Australia","Aug-22",27,27,0,23,22,4,5,2022,8
"Gladstone-Brisbane","Gladstone","Brisbane","Virgin Australia","Aug-22",54,53,1,43,36,10,17,2022,8
"Gold Coast-Adelaide","Gold Coast","Adelaide","Virgin Australia","Aug-22",31,31,0,23,21,8,10,2022,8
"Gold Coast-Cairns","Gold Coast","Cairns","Virgin Australia","Aug-22",14,14,0,10,11,4,3,2022,8
"Gold Coast-Canberra","Gold Coast","Canberra","Virgin Australia","Aug-22",31,31,0,15,14,16,17,2022,8
"Gold Coast-Melbourne","Gold Coast","Melbourne","Virgin Australia","Aug-22",215,215,0,121,141,94,74,2022,8
"Gold Coast-Sydney","Gold Coast","Sydney","Virgin Australia","Aug-22",302,296,6,220,202,76,94,2022,8
"Hamilton Island-Brisbane","Hamilton Island","Brisbane","Virgin Australia","Aug-22",35,34,1,23,24,11,10,2022,8
"Hamilton Island-Sydney","Hamilton Island","Sydney","Virgin Australia","Aug-22",30,27,3,23,18,4,9,2022,8
"Hobart-Brisbane","Hobart","Brisbane","Virgin Australia","Aug-22",43,42,1,25,29,17,13,2022,8
"Hobart-Melbourne","Hobart","Melbourne","Virgin Australia","Aug-22",105,105,0,67,53,38,52,2022,8
"Hobart-Sydney","Hobart","Sydney","Virgin Australia","Aug-22",62,60,2,44,43,16,17,2022,8
"Kalgoorlie-Perth","Kalgoorlie","Perth","Virgin Australia","Aug-22",38,36,2,14,14,22,22,2022,8
"Karratha-Perth","Karratha","Perth","Virgin Australia","Aug-22",28,28,0,21,17,7,11,2022,8
"Launceston-Brisbane","Launceston","Brisbane","Virgin Australia","Aug-22",21,21,0,13,12,8,9,2022,8
"Launceston-Melbourne","Launceston","Melbourne","Virgin Australia","Aug-22",85,85,0,61,55,24,30,2022,8
"Launceston-Sydney","Launceston","Sydney","Virgin Australia","Aug-22",31,31,0,26,25,5,6,2022,8
"Mackay-Brisbane","Mackay","Brisbane","Virgin Australia","Aug-22",119,119,0,91,98,28,21,2022,8
"Melbourne-Adelaide","Melbourne","Adelaide","Virgin Australia","Aug-22",239,236,3,174,171,62,65,2022,8
"Melbourne-Brisbane","Melbourne","Brisbane","Virgin Australia","Aug-22",310,305,5,206,216,99,89,2022,8
"Melbourne-Cairns","Melbourne","Cairns","Virgin Australia","Aug-22",70,70,0,52,52,18,18,2022,8
"Melbourne-Canberra","Melbourne","Canberra","Virgin Australia","Aug-22",102,101,1,76,73,25,28,2022,8
"Melbourne-Darwin","Melbourne","Darwin","Virgin Australia","Aug-22",31,31,0,14,18,17,13,2022,8
"Melbourne-Gold Coast","Melbourne","Gold Coast","Virgin Australia","Aug-22",215,215,0,143,152,72,63,2022,8
"Melbourne-Hobart","Melbourne","Hobart","Virgin Australia","Aug-22",105,105,0,72,66,33,39,2022,8
"Melbourne-Launceston","Melbourne","Launceston","Virgin Australia","Aug-22",85,85,0,52,41,33,44,2022,8
"Melbourne-Newcastle","Melbourne","Newcastle","Virgin Australia","Aug-22",21,21,0,13,12,8,9,2022,8
"Melbourne-Perth","Melbourne","Perth","Virgin Australia","Aug-22",138,135,3,98,95,37,40,2022,8
"Melbourne-Sunshine Coast","Melbourne","Sunshine Coast","Virgin Australia","Aug-22",76,76,0,48,52,28,24,2022,8
"Melbourne-Sydney","Melbourne","Sydney","Virgin Australia","Aug-22",760,714,46,547,510,167,204,2022,8
"Mount Isa-Brisbane","Mount Isa","Brisbane","Virgin Australia","Aug-22",15,15,0,6,7,9,8,2022,8
"Newcastle-Brisbane","Newcastle","Brisbane","Virgin Australia","Aug-22",85,84,1,69,68,15,16,2022,8
"Newcastle-Melbourne","Newcastle","Melbourne","Virgin Australia","Aug-22",21,21,0,10,8,11,13,2022,8
"Newman-Perth","Newman","Perth","Virgin Australia","Aug-22",24,22,2,10,12,12,10,2022,8
"Perth-Adelaide","Perth","Adelaide","Virgin Australia","Aug-22",6,6,0,3,4,3,2,2022,8
"Perth-Brisbane","Perth","Brisbane","Virgin Australia","Aug-22",101,98,3,56,74,42,24,2022,8
"Perth-Broome","Perth","Broome","Virgin Australia","Aug-22",17,16,1,6,8,10,8,2022,8
"Perth-Darwin","Perth","Darwin","Virgin Australia","Aug-22",9,9,0,2,3,7,6,2022,8
"Perth-Kalgoorlie","Perth","Kalgoorlie","Virgin Australia","Aug-22",38,36,2,23,21,13,15,2022,8
"Perth-Karratha","Perth","Karratha","Virgin Australia","Aug-22",28,28,0,23,19,5,9,2022,8
"Perth-Melbourne","Perth","Melbourne","Virgin Australia","Aug-22",137,135,2,87,96,48,39,2022,8
"Perth-Newman","Perth","Newman","Virgin Australia","Aug-22",24,22,2,15,13,7,9,2022,8
"Perth-Port Hedland","Perth","Port Hedland","Virgin Australia","Aug-22",17,17,0,13,12,4,5,2022,8
"Perth-Sydney","Perth","Sydney","Virgin Australia","Aug-22",138,134,4,81,110,53,24,2022,8
"Port Hedland-Perth","Port Hedland","Perth","Virgin Australia","Aug-22",17,17,0,11,11,6,6,2022,8
"Proserpine-Brisbane","Proserpine","Brisbane","Virgin Australia","Aug-22",32,32,0,20,25,12,7,2022,8
"Rockhampton-Brisbane","Rockhampton","Brisbane","Virgin Australia","Aug-22",116,116,0,73,69,43,47,2022,8
"Sunshine Coast-Melbourne","Sunshine Coast","Melbourne","Virgin Australia","Aug-22",76,76,0,39,31,37,45,2022,8
"Sunshine Coast-Sydney","Sunshine Coast","Sydney","Virgin Australia","Aug-22",92,92,0,74,54,18,38,2022,8
"Sydney-Adelaide","Sydney","Adelaide","Virgin Australia","Aug-22",125,122,3,84,71,38,51,2022,8
"Sydney-Ballina","Sydney","Ballina","Virgin Australia","Aug-22",55,53,2,39,35,14,18,2022,8
"Sydney-Brisbane","Sydney","Brisbane","Virgin Australia","Aug-22",453,436,17,358,352,78,84,2022,8
"Sydney-Cairns","Sydney","Cairns","Virgin Australia","Aug-22",68,68,0,57,60,11,8,2022,8
"Sydney-Canberra","Sydney","Canberra","Virgin Australia","Aug-22",262,253,9,192,214,61,39,2022,8
"Sydney-Darwin","Sydney","Darwin","Virgin Australia","Aug-22",31,31,0,17,21,14,10,2022,8
"Sydney-Gold Coast","Sydney","Gold Coast","Virgin Australia","Aug-22",302,296,6,209,198,87,98,2022,8
"Sydney-Hamilton Island","Sydney","Hamilton Island","Virgin Australia","Aug-22",29,29,0,27,27,2,2,2022,8
"Sydney-Hobart","Sydney","Hobart","Virgin Australia","Aug-22",62,60,2,51,53,9,7,2022,8
"Sydney-Launceston","Sydney","Launceston","Virgin Australia","Aug-22",31,31,0,26,28,5,3,2022,8
"Sydney-Melbourne","Sydney","Melbourne","Virgin Australia","Aug-22",759,714,45,429,438,285,276,2022,8
"Sydney-Perth","Sydney","Perth","Virgin Australia","Aug-22",138,134,4,82,82,52,52,2022,8
"Sydney-Sunshine Coast","Sydney","Sunshine Coast","Virgin Australia","Aug-22",92,92,0,79,78,13,14,2022,8
"Townsville-Brisbane","Townsville","Brisbane","Virgin Australia","Aug-22",120,119,1,100,100,19,19,2022,8
"Adelaide-Perth","Adelaide","Perth","Virgin Australia Regional Airlines","Aug-22",52,45,7,18,23,27,22,2022,8
"Broome-Perth","Broome","Perth","Virgin Australia Regional Airlines","Aug-22",53,49,4,23,28,26,21,2022,8
"Darwin-Perth","Darwin","Perth","Virgin Australia Regional Airlines","Aug-22",21,20,1,14,13,6,7,2022,8
"Kalgoorlie-Perth","Kalgoorlie","Perth","Virgin Australia Regional Airlines","Aug-22",40,37,3,28,29,9,8,2022,8
"Karratha-Perth","Karratha","Perth","Virgin Australia Regional Airlines","Aug-22",26,25,1,13,16,12,9,2022,8
"Newman-Perth","Newman","Perth","Virgin Australia Regional Airlines","Aug-22",36,34,2,24,20,10,14,2022,8
"Perth-Adelaide","Perth","Adelaide","Virgin Australia Regional Airlines","Aug-22",52,46,6,29,29,17,17,2022,8
"Perth-Broome","Perth","Broome","Virgin Australia Regional Airlines","Aug-22",53,50,3,34,34,16,16,2022,8
"Perth-Darwin","Perth","Darwin","Virgin Australia Regional Airlines","Aug-22",21,20,1,13,14,7,6,2022,8
"Perth-Kalgoorlie","Perth","Kalgoorlie","Virgin Australia Regional Airlines","Aug-22",40,38,2,31,28,7,10,2022,8
"Perth-Karratha","Perth","Karratha","Virgin Australia Regional Airlines","Aug-22",26,25,1,15,13,10,12,2022,8
"Perth-Newman","Perth","Newman","Virgin Australia Regional Airlines","Aug-22",36,34,2,28,26,6,8,2022,8
"Perth-Port Hedland","Perth","Port Hedland","Virgin Australia Regional Airlines","Aug-22",37,34,3,26,24,8,10,2022,8
"Port Hedland-Perth","Port Hedland","Perth","Virgin Australia Regional Airlines","Aug-22",37,34,3,19,21,15,13,2022,8
"Adelaide-Alice Springs","Adelaide","Alice Springs","All Airlines","Aug-22",58,58,0,44,41,14,17,2022,8
"Adelaide-Brisbane","Adelaide","Brisbane","All Airlines","Aug-22",229,226,3,154,171,72,55,2022,8
"Adelaide-Canberra","Adelaide","Canberra","All Airlines","Aug-22",88,87,1,67,68,20,19,2022,8
"Adelaide-Gold Coast","Adelaide","Gold Coast","All Airlines","Aug-22",53,53,0,45,45,8,8,2022,8
"Adelaide-Melbourne","Adelaide","Melbourne","All Airlines","Aug-22",641,623,18,410,438,213,185,2022,8
"Adelaide-Perth","Adelaide","Perth","All Airlines","Aug-22",178,169,9,93,93,76,76,2022,8
"Adelaide-Port Lincoln","Adelaide","Port Lincoln","All Airlines","Aug-22",321,314,7,252,230,62,84,2022,8
"Adelaide-Sydney","Adelaide","Sydney","All Airlines","Aug-22",422,413,9,261,264,152,149,2022,8
"Albury-Sydney","Albury","Sydney","All Airlines","Aug-22",241,235,6,190,185,45,50,2022,8
"Alice Springs-Adelaide","Alice Springs","Adelaide","All Airlines","Aug-22",58,58,0,33,36,25,22,2022,8
"Armidale-Sydney","Armidale","Sydney","All Airlines","Aug-22",183,176,7,153,132,23,44,2022,8
"Ballina-Sydney","Ballina","Sydney","All Airlines","Aug-22",202,198,4,122,104,76,94,2022,8
"Brisbane-Adelaide","Brisbane","Adelaide","All Airlines","Aug-22",229,226,3,160,165,66,61,2022,8
"Brisbane-Cairns","Brisbane","Cairns","All Airlines","Aug-22",318,318,0,210,218,108,100,2022,8
"Brisbane-Canberra","Brisbane","Canberra","All Airlines","Aug-22",280,273,7,174,179,99,94,2022,8
"Brisbane-Darwin","Brisbane","Darwin","All Airlines","Aug-22",88,87,1,64,71,23,16,2022,8
"Brisbane-Emerald","Brisbane","Emerald","All Airlines","Aug-22",148,148,0,126,123,22,25,2022,8
"Brisbane-Gladstone","Brisbane","Gladstone","All Airlines","Aug-22",164,162,2,130,117,32,45,2022,8
"Brisbane-Hamilton Island","Brisbane","Hamilton Island","All Airlines","Aug-22",62,59,3,53,54,6,5,2022,8
"Brisbane-Hobart","Brisbane","Hobart","All Airlines","Aug-22",71,70,1,51,59,19,11,2022,8
"Brisbane-Launceston","Brisbane","Launceston","All Airlines","Aug-22",40,40,0,24,25,16,15,2022,8
"Brisbane-Mackay","Brisbane","Mackay","All Airlines","Aug-22",263,261,2,180,180,81,81,2022,8
"Brisbane-Melbourne","Brisbane","Melbourne","All Airlines","Aug-22",822,803,19,479,487,324,316,2022,8
"Brisbane-Mount Isa","Brisbane","Mount Isa","All Airlines","Aug-22",69,69,0,50,47,19,22,2022,8
"Brisbane-Newcastle","Brisbane","Newcastle","All Airlines","Aug-22",250,244,6,175,162,69,82,2022,8
"Brisbane-Perth","Brisbane","Perth","All Airlines","Aug-22",265,256,9,179,138,77,118,2022,8
"Brisbane-Proserpine","Brisbane","Proserpine","All Airlines","Aug-22",85,85,0,65,56,20,29,2022,8
"Brisbane-Rockhampton","Brisbane","Rockhampton","All Airlines","Aug-22",247,245,2,166,145,79,100,2022,8
"Brisbane-Sydney","Brisbane","Sydney","All Airlines","Aug-22",1196,1147,49,874,829,273,318,2022,8
"Brisbane-Townsville","Brisbane","Townsville","All Airlines","Aug-22",298,296,2,197,205,99,91,2022,8
"Broome-Perth","Broome","Perth","All Airlines","Aug-22",169,156,13,63,69,93,87,2022,8
"Cairns-Brisbane","Cairns","Brisbane","All Airlines","Aug-22",317,317,0,229,219,88,98,2022,8
"Cairns-Gold Coast","Cairns","Gold Coast","All Airlines","Aug-22",46,46,0,25,28,21,18,2022,8
"Cairns-Melbourne","Cairns","Melbourne","All Airlines","Aug-22",246,244,2,132,133,112,111,2022,8
"Cairns-Sydney","Cairns","Sydney","All Airlines","Aug-22",236,233,3,128,127,105,106,2022,8
"Cairns-Townsville","Cairns","Townsville","All Airlines","Aug-22",159,157,2,136,139,21,18,2022,8
"Canberra-Adelaide","Canberra","Adelaide","All Airlines","Aug-22",87,86,1,63,58,23,28,2022,8
"Canberra-Brisbane","Canberra","Brisbane","All Airlines","Aug-22",278,270,8,158,173,112,97,2022,8
"Canberra-Gold Coast","Canberra","Gold Coast","All Airlines","Aug-22",42,42,0,25,26,17,16,2022,8
"Canberra-Melbourne","Canberra","Melbourne","All Airlines","Aug-22",420,404,16,286,281,118,123,2022,8
"Canberra-Sydney","Canberra","Sydney","All Airlines","Aug-22",711,659,52,522,507,137,152,2022,8
"Coffs Harbour-Sydney","Coffs Harbour","Sydney","All Airlines","Aug-22",251,250,1,195,178,55,72,2022,8
"Darwin-Brisbane","Darwin","Brisbane","All Airlines","Aug-22",88,87,1,32,27,55,60,2022,8
"Darwin-Melbourne","Darwin","Melbourne","All Airlines","Aug-22",85,85,0,27,33,58,52,2022,8
"Darwin-Perth","Darwin","Perth","All Airlines","Aug-22",65,63,2,34,37,29,26,2022,8
"Darwin-Sydney","Darwin","Sydney","All Airlines","Aug-22",109,107,2,26,36,81,71,2022,8
"Dubbo-Sydney","Dubbo","Sydney","All Airlines","Aug-22",251,245,6,199,198,46,47,2022,8
"Emerald-Brisbane","Emerald","Brisbane","All Airlines","Aug-22",148,148,0,118,119,30,29,2022,8
"Gladstone-Brisbane","Gladstone","Brisbane","All Airlines","Aug-22",164,162,2,120,111,42,51,2022,8
"Gold Coast-Adelaide","Gold Coast","Adelaide","All Airlines","Aug-22",53,53,0,36,31,17,22,2022,8
"Gold Coast-Cairns","Gold Coast","Cairns","All Airlines","Aug-22",46,46,0,38,37,8,9,2022,8
"Gold Coast-Canberra","Gold Coast","Canberra","All Airlines","Aug-22",42,42,0,22,21,20,21,2022,8
"Gold Coast-Melbourne","Gold Coast","Melbourne","All Airlines","Aug-22",523,507,16,321,348,186,159,2022,8
"Gold Coast-Sydney","Gold Coast","Sydney","All Airlines","Aug-22",689,662,27,458,440,204,222,2022,8
"Hamilton Island-Brisbane","Hamilton Island","Brisbane","All Airlines","Aug-22",59,58,1,41,45,17,13,2022,8
"Hamilton Island-Sydney","Hamilton Island","Sydney","All Airlines","Aug-22",84,79,5,53,46,26,33,2022,8
"Hobart-Brisbane","Hobart","Brisbane","All Airlines","Aug-22",71,70,1,45,48,25,22,2022,8
"Hobart-Melbourne","Hobart","Melbourne","All Airlines","Aug-22",333,325,8,206,195,119,130,2022,8
"Hobart-Sydney","Hobart","Sydney","All Airlines","Aug-22",190,186,4,120,103,66,83,2022,8
"Kalgoorlie-Perth","Kalgoorlie","Perth","All Airlines","Aug-22",155,148,7,73,81,75,67,2022,8
"Karratha-Perth","Karratha","Perth","All Airlines","Aug-22",204,192,12,105,119,87,73,2022,8
"Launceston-Brisbane","Launceston","Brisbane","All Airlines","Aug-22",40,39,1,19,19,20,20,2022,8
"Launceston-Melbourne","Launceston","Melbourne","All Airlines","Aug-22",183,182,1,96,91,86,91,2022,8
"Launceston-Sydney","Launceston","Sydney","All Airlines","Aug-22",73,73,0,55,52,18,21,2022,8
"Mackay-Brisbane","Mackay","Brisbane","All Airlines","Aug-22",267,264,3,180,189,84,75,2022,8
"Melbourne-Adelaide","Melbourne","Adelaide","All Airlines","Aug-22",641,625,16,413,412,212,213,2022,8
"Melbourne-Brisbane","Melbourne","Brisbane","All Airlines","Aug-22",819,798,21,532,574,266,224,2022,8
"Melbourne-Cairns","Melbourne","Cairns","All Airlines","Aug-22",246,244,2,131,146,113,98,2022,8
"Melbourne-Canberra","Melbourne","Canberra","All Airlines","Aug-22",420,407,13,303,304,104,103,2022,8
"Melbourne-Darwin","Melbourne","Darwin","All Airlines","Aug-22",84,84,0,36,47,48,37,2022,8
"Melbourne-Gold Coast","Melbourne","Gold Coast","All Airlines","Aug-22",526,511,15,348,371,163,140,2022,8
"Melbourne-Hobart","Melbourne","Hobart","All Airlines","Aug-22",333,326,7,217,221,109,105,2022,8
"Melbourne-Launceston","Melbourne","Launceston","All Airlines","Aug-22",183,183,0,94,79,89,104,2022,8
"Melbourne-Mildura","Melbourne","Mildura","All Airlines","Aug-22",227,226,1,169,155,57,71,2022,8
"Melbourne-Newcastle","Melbourne","Newcastle","All Airlines","Aug-22",105,105,0,67,65,38,40,2022,8
"Melbourne-Perth","Melbourne","Perth","All Airlines","Aug-22",386,371,15,224,227,147,144,2022,8
"Melbourne-Sunshine Coast","Melbourne","Sunshine Coast","All Airlines","Aug-22",170,167,3,100,109,67,58,2022,8
"Melbourne-Sydney","Melbourne","Sydney","All Airlines","Aug-22",2079,1845,234,1283,1262,562,583,2022,8
"Mildura-Melbourne","Mildura","Melbourne","All Airlines","Aug-22",227,227,0,174,163,53,64,2022,8
"Mount Isa-Brisbane","Mount Isa","Brisbane","All Airlines","Aug-22",69,68,1,40,47,28,21,2022,8
"Newcastle-Brisbane","Newcastle","Brisbane","All Airlines","Aug-22",249,243,6,182,184,61,59,2022,8
"Newcastle-Melbourne","Newcastle","Melbourne","All Airlines","Aug-22",106,106,0,59,55,47,51,2022,8
"Newman-Perth","Newman","Perth","All Airlines","Aug-22",183,167,16,102,93,65,74,2022,8
"Perth-Adelaide","Perth","Adelaide","All Airlines","Aug-22",178,169,9,90,92,79,77,2022,8
"Perth-Brisbane","Perth","Brisbane","All Airlines","Aug-22",265,259,6,139,179,120,80,2022,8
"Perth-Broome","Perth","Broome","All Airlines","Aug-22",168,157,11,94,111,63,46,2022,8
"Perth-Darwin","Perth","Darwin","All Airlines","Aug-22",65,63,2,39,42,24,21,2022,8
"Perth-Kalgoorlie","Perth","Kalgoorlie","All Airlines","Aug-22",155,149,6,95,88,54,61,2022,8
"Perth-Karratha","Perth","Karratha","All Airlines","Aug-22",206,196,10,126,121,70,75,2022,8
"Perth-Melbourne","Perth","Melbourne","All Airlines","Aug-22",382,367,15,204,229,163,138,2022,8
"Perth-Newman","Perth","Newman","All Airlines","Aug-22",184,170,14,117,117,53,53,2022,8
"Perth-Port Hedland","Perth","Port Hedland","All Airlines","Aug-22",189,178,11,116,111,62,67,2022,8
"Perth-Sydney","Perth","Sydney","All Airlines","Aug-22",364,350,14,180,236,170,114,2022,8
"Port Hedland-Perth","Port Hedland","Perth","All Airlines","Aug-22",191,181,10,92,96,89,85,2022,8
"Port Lincoln-Adelaide","Port Lincoln","Adelaide","All Airlines","Aug-22",323,314,9,235,234,79,80,2022,8
"Port Macquarie-Sydney","Port Macquarie","Sydney","All Airlines","Aug-22",212,208,4,189,163,19,45,2022,8
"Proserpine-Brisbane","Proserpine","Brisbane","All Airlines","Aug-22",86,86,0,42,52,44,34,2022,8
"Rockhampton-Brisbane","Rockhampton","Brisbane","All Airlines","Aug-22",249,245,4,152,144,93,101,2022,8
"Sunshine Coast-Melbourne","Sunshine Coast","Melbourne","All Airlines","Aug-22",171,168,3,74,65,94,103,2022,8
"Sunshine Coast-Sydney","Sunshine Coast","Sydney","All Airlines","Aug-22",211,209,2,137,108,72,101,2022,8
"Sydney-Adelaide","Sydney","Adelaide","All Airlines","Aug-22",422,413,9,258,226,155,187,2022,8
"Sydney-Albury","Sydney","Albury","All Airlines","Aug-22",239,234,5,193,195,41,39,2022,8
"Sydney-Armidale","Sydney","Armidale","All Airlines","Aug-22",185,178,7,125,144,53,34,2022,8
"Sydney-Ballina","Sydney","Ballina","All Airlines","Aug-22",202,198,4,131,123,67,75,2022,8
"Sydney-Brisbane","Sydney","Brisbane","All Airlines","Aug-22",1197,1148,49,771,768,377,380,2022,8
"Sydney-Cairns","Sydney","Cairns","All Airlines","Aug-22",236,233,3,145,158,88,75,2022,8
"Sydney-Canberra","Sydney","Canberra","All Airlines","Aug-22",711,659,52,484,504,175,155,2022,8
"Sydney-Coffs Harbour","Sydney","Coffs Harbour","All Airlines","Aug-22",250,250,0,181,191,69,59,2022,8
"Sydney-Darwin","Sydney","Darwin","All Airlines","Aug-22",107,106,1,53,52,53,54,2022,8
"Sydney-Dubbo","Sydney","Dubbo","All Airlines","Aug-22",254,250,4,193,190,57,60,2022,8
"Sydney-Gold Coast","Sydney","Gold Coast","All Airlines","Aug-22",690,663,27,451,449,212,214,2022,8
"Sydney-Hamilton Island","Sydney","Hamilton Island","All Airlines","Aug-22",81,81,0,55,58,26,23,2022,8
"Sydney-Hobart","Sydney","Hobart","All Airlines","Aug-22",189,185,4,109,122,76,63,2022,8
"Sydney-Launceston","Sydney","Launceston","All Airlines","Aug-22",73,73,0,55,57,18,16,2022,8
"Sydney-Melbourne","Sydney","Melbourne","All Airlines","Aug-22",2075,1846,229,1154,1187,692,659,2022,8
"Sydney-Perth","Sydney","Perth","All Airlines","Aug-22",362,352,10,207,177,145,175,2022,8
"Sydney-Port Macquarie","Sydney","Port Macquarie","All Airlines","Aug-22",212,207,5,160,174,47,33,2022,8
"Sydney-Sunshine Coast","Sydney","Sunshine Coast","All Airlines","Aug-22",209,208,1,161,155,47,53,2022,8
"Sydney-Wagga Wagga","Sydney","Wagga Wagga","All Airlines","Aug-22",223,222,1,156,162,66,60,2022,8
"Townsville-Brisbane","Townsville","Brisbane","All Airlines","Aug-22",298,294,4,197,189,97,105,2022,8
"Townsville-Cairns","Townsville","Cairns","All Airlines","Aug-22",159,157,2,133,136,24,21,2022,8
"Wagga Wagga-Sydney","Wagga Wagga","Sydney","All Airlines","Aug-22",222,221,1,167,158,54,63,2022,8
"Adelaide-Brisbane","Adelaide","Brisbane","Jetstar","Sep-22",32,30,2,23,23,7,7,2022,9
"Adelaide-Gold Coast","Adelaide","Gold Coast","Jetstar","Sep-22",24,23,1,12,11,11,12,2022,9
"Adelaide-Melbourne","Adelaide","Melbourne","Jetstar","Sep-22",89,82,7,58,62,24,20,2022,9
"Adelaide-Perth","Adelaide","Perth","Jetstar","Sep-22",24,24,0,17,16,7,8,2022,9
"Adelaide-Sydney","Adelaide","Sydney","Jetstar","Sep-22",65,54,11,42,37,12,17,2022,9
"Ballina-Sydney","Ballina","Sydney","Jetstar","Sep-22",59,56,3,20,21,36,35,2022,9
"Brisbane-Adelaide","Brisbane","Adelaide","Jetstar","Sep-22",32,30,2,14,16,16,14,2022,9
"Brisbane-Cairns","Brisbane","Cairns","Jetstar","Sep-22",85,80,5,37,39,43,41,2022,9
"Brisbane-Canberra","Brisbane","Canberra","Jetstar","Sep-22",30,30,0,18,25,12,5,2022,9
"Brisbane-Darwin","Brisbane","Darwin","Jetstar","Sep-22",18,18,0,7,11,11,7,2022,9
"Brisbane-Hobart","Brisbane","Hobart","Jetstar","Sep-22",21,21,0,15,15,6,6,2022,9
"Brisbane-Launceston","Brisbane","Launceston","Jetstar","Sep-22",20,20,0,12,13,8,7,2022,9
"Brisbane-Mackay","Brisbane","Mackay","Jetstar","Sep-22",27,26,1,14,14,12,12,2022,9
"Brisbane-Melbourne","Brisbane","Melbourne","Jetstar","Sep-22",131,108,23,59,67,49,41,2022,9
"Brisbane-Newcastle","Brisbane","Newcastle","Jetstar","Sep-22",44,44,0,30,32,14,12,2022,9
"Brisbane-Perth","Brisbane","Perth","Jetstar","Sep-22",18,17,1,6,3,11,14,2022,9
"Brisbane-Proserpine","Brisbane","Proserpine","Jetstar","Sep-22",37,36,1,23,22,13,14,2022,9
"Brisbane-Sydney","Brisbane","Sydney","Jetstar","Sep-22",146,115,31,63,64,52,51,2022,9
"Brisbane-Townsville","Brisbane","Townsville","Jetstar","Sep-22",49,47,2,29,30,18,17,2022,9
"Cairns-Brisbane","Cairns","Brisbane","Jetstar","Sep-22",83,78,5,45,44,33,34,2022,9
"Cairns-Gold Coast","Cairns","Gold Coast","Jetstar","Sep-22",41,40,1,19,18,21,22,2022,9
"Cairns-Melbourne","Cairns","Melbourne","Jetstar","Sep-22",116,113,3,72,77,41,36,2022,9
"Cairns-Sydney","Cairns","Sydney","Jetstar","Sep-22",96,87,9,55,54,32,33,2022,9
"Canberra-Brisbane","Canberra","Brisbane","Jetstar","Sep-22",30,30,0,18,20,12,10,2022,9
"Canberra-Gold Coast","Canberra","Gold Coast","Jetstar","Sep-22",10,9,1,1,1,8,8,2022,9
"Canberra-Melbourne","Canberra","Melbourne","Jetstar","Sep-22",30,28,2,16,18,12,10,2022,9
"Darwin-Brisbane","Darwin","Brisbane","Jetstar","Sep-22",18,18,0,10,7,8,11,2022,9
"Darwin-Melbourne","Darwin","Melbourne","Jetstar","Sep-22",26,24,2,8,10,16,14,2022,9
"Darwin-Sydney","Darwin","Sydney","Jetstar","Sep-22",19,18,1,2,5,16,13,2022,9
"Gold Coast-Adelaide","Gold Coast","Adelaide","Jetstar","Sep-22",24,23,1,8,11,15,12,2022,9
"Gold Coast-Cairns","Gold Coast","Cairns","Jetstar","Sep-22",39,38,1,26,22,12,16,2022,9
"Gold Coast-Canberra","Gold Coast","Canberra","Jetstar","Sep-22",10,9,1,1,2,8,7,2022,9
"Gold Coast-Melbourne","Gold Coast","Melbourne","Jetstar","Sep-22",236,205,31,114,121,91,84,2022,9
"Gold Coast-Sydney","Gold Coast","Sydney","Jetstar","Sep-22",204,172,32,95,97,77,75,2022,9
"Hamilton Island-Sydney","Hamilton Island","Sydney","Jetstar","Sep-22",20,18,2,9,10,9,8,2022,9
"Hobart-Brisbane","Hobart","Brisbane","Jetstar","Sep-22",21,21,0,8,8,13,13,2022,9
"Hobart-Melbourne","Hobart","Melbourne","Jetstar","Sep-22",110,105,5,71,73,34,32,2022,9
"Hobart-Sydney","Hobart","Sydney","Jetstar","Sep-22",72,60,12,38,32,22,28,2022,9
"Launceston-Brisbane","Launceston","Brisbane","Jetstar","Sep-22",20,20,0,9,8,11,12,2022,9
"Launceston-Melbourne","Launceston","Melbourne","Jetstar","Sep-22",71,66,5,44,47,22,19,2022,9
"Launceston-Sydney","Launceston","Sydney","Jetstar","Sep-22",34,31,3,10,13,21,18,2022,9
"Mackay-Brisbane","Mackay","Brisbane","Jetstar","Sep-22",27,26,1,9,8,17,18,2022,9
"Melbourne-Adelaide","Melbourne","Adelaide","Jetstar","Sep-22",89,82,7,59,65,23,17,2022,9
"Melbourne-Brisbane","Melbourne","Brisbane","Jetstar","Sep-22",131,109,22,61,63,48,46,2022,9
"Melbourne-Cairns","Melbourne","Cairns","Jetstar","Sep-22",116,114,2,66,76,48,38,2022,9
"Melbourne-Canberra","Melbourne","Canberra","Jetstar","Sep-22",31,28,3,16,18,12,10,2022,9
"Melbourne-Darwin","Melbourne","Darwin","Jetstar","Sep-22",25,24,1,13,11,11,13,2022,9
"Melbourne-Gold Coast","Melbourne","Gold Coast","Jetstar","Sep-22",236,206,30,132,124,74,82,2022,9
"Melbourne-Hobart","Melbourne","Hobart","Jetstar","Sep-22",110,105,5,66,74,39,31,2022,9
"Melbourne-Launceston","Melbourne","Launceston","Jetstar","Sep-22",71,66,5,49,48,17,18,2022,9
"Melbourne-Newcastle","Melbourne","Newcastle","Jetstar","Sep-22",45,45,0,30,27,15,18,2022,9
"Melbourne-Perth","Melbourne","Perth","Jetstar","Sep-22",71,64,7,41,51,23,13,2022,9
"Melbourne-Sunshine Coast","Melbourne","Sunshine Coast","Jetstar","Sep-22",74,73,1,49,51,24,22,2022,9
"Melbourne-Sydney","Melbourne","Sydney","Jetstar","Sep-22",404,335,69,180,198,155,137,2022,9
"Newcastle-Brisbane","Newcastle","Brisbane","Jetstar","Sep-22",44,44,0,28,30,16,14,2022,9
"Newcastle-Melbourne","Newcastle","Melbourne","Jetstar","Sep-22",45,45,0,21,26,24,19,2022,9
"Perth-Adelaide","Perth","Adelaide","Jetstar","Sep-22",26,24,2,3,4,21,20,2022,9
"Perth-Brisbane","Perth","Brisbane","Jetstar","Sep-22",18,17,1,0,0,17,17,2022,9
"Perth-Melbourne","Perth","Melbourne","Jetstar","Sep-22",72,63,9,23,33,40,30,2022,9
"Perth-Sydney","Perth","Sydney","Jetstar","Sep-22",36,28,8,8,14,20,14,2022,9
"Proserpine-Brisbane","Proserpine","Brisbane","Jetstar","Sep-22",38,37,1,18,18,19,19,2022,9
"Sunshine Coast-Melbourne","Sunshine Coast","Melbourne","Jetstar","Sep-22",73,71,2,45,43,26,28,2022,9
"Sunshine Coast-Sydney","Sunshine Coast","Sydney","Jetstar","Sep-22",79,73,6,34,30,39,43,2022,9
"Sydney-Adelaide","Sydney","Adelaide","Jetstar","Sep-22",65,54,11,27,33,27,21,2022,9
"Sydney-Ballina","Sydney","Ballina","Jetstar","Sep-22",59,56,3,30,29,26,27,2022,9
"Sydney-Brisbane","Sydney","Brisbane","Jetstar","Sep-22",147,115,32,58,64,57,51,2022,9
"Sydney-Cairns","Sydney","Cairns","Jetstar","Sep-22",94,86,8,45,51,41,35,2022,9
"Sydney-Darwin","Sydney","Darwin","Jetstar","Sep-22",19,18,1,9,6,9,12,2022,9
"Sydney-Gold Coast","Sydney","Gold Coast","Jetstar","Sep-22",203,172,31,94,100,78,72,2022,9
"Sydney-Hamilton Island","Sydney","Hamilton Island","Jetstar","Sep-22",20,18,2,10,13,8,5,2022,9
"Sydney-Hobart","Sydney","Hobart","Jetstar","Sep-22",72,60,12,38,45,22,15,2022,9
"Sydney-Launceston","Sydney","Launceston","Jetstar","Sep-22",34,31,3,14,20,17,11,2022,9
"Sydney-Melbourne","Sydney","Melbourne","Jetstar","Sep-22",403,334,69,191,207,143,127,2022,9
"Sydney-Perth","Sydney","Perth","Jetstar","Sep-22",34,28,6,13,16,15,12,2022,9
"Sydney-Sunshine Coast","Sydney","Sunshine Coast","Jetstar","Sep-22",77,72,5,37,41,35,31,2022,9
"Townsville-Brisbane","Townsville","Brisbane","Jetstar","Sep-22",50,48,2,31,33,17,15,2022,9
"Adelaide-Brisbane","Adelaide","Brisbane","Qantas","Sep-22",86,85,1,59,67,26,18,2022,9
"Adelaide-Melbourne","Adelaide","Melbourne","Qantas","Sep-22",223,216,7,153,161,63,55,2022,9
"Adelaide-Perth","Adelaide","Perth","Qantas","Sep-22",94,94,0,68,68,26,26,2022,9
"Adelaide-Sydney","Adelaide","Sydney","Qantas","Sep-22",220,215,5,125,124,90,91,2022,9
"Brisbane-Adelaide","Brisbane","Adelaide","Qantas","Sep-22",86,85,1,73,72,12,13,2022,9
"Brisbane-Cairns","Brisbane","Cairns","Qantas","Sep-22",109,109,0,78,84,31,25,2022,9
"Brisbane-Darwin","Brisbane","Darwin","Qantas","Sep-22",44,44,0,40,41,4,3,2022,9
"Brisbane-Hamilton Island","Brisbane","Hamilton Island","Qantas","Sep-22",19,19,0,16,16,3,3,2022,9
"Brisbane-Mackay","Brisbane","Mackay","Qantas","Sep-22",104,104,0,71,74,33,30,2022,9
"Brisbane-Melbourne","Brisbane","Melbourne","Qantas","Sep-22",325,318,7,202,212,116,106,2022,9
"Brisbane-Mount Isa","Brisbane","Mount Isa","Qantas","Sep-22",35,35,0,30,27,5,8,2022,9
"Brisbane-Perth","Brisbane","Perth","Qantas","Sep-22",148,144,4,111,92,33,52,2022,9
"Brisbane-Sydney","Brisbane","Sydney","Qantas","Sep-22",484,471,13,352,335,119,136,2022,9
"Brisbane-Townsville","Brisbane","Townsville","Qantas","Sep-22",105,105,0,71,74,34,31,2022,9
"Broome-Perth","Broome","Perth","Qantas","Sep-22",21,21,0,15,17,6,4,2022,9
"Cairns-Brisbane","Cairns","Brisbane","Qantas","Sep-22",109,108,1,90,87,18,21,2022,9
"Cairns-Melbourne","Cairns","Melbourne","Qantas","Sep-22",55,55,0,38,32,17,23,2022,9
"Cairns-Sydney","Cairns","Sydney","Qantas","Sep-22",65,63,2,41,33,22,30,2022,9
"Canberra-Melbourne","Canberra","Melbourne","Qantas","Sep-22",9,9,0,6,7,3,2,2022,9
"Darwin-Brisbane","Darwin","Brisbane","Qantas","Sep-22",44,44,0,32,22,12,22,2022,9
"Darwin-Melbourne","Darwin","Melbourne","Qantas","Sep-22",27,27,0,16,12,11,15,2022,9
"Darwin-Perth","Darwin","Perth","Qantas","Sep-22",18,18,0,9,10,9,8,2022,9
"Darwin-Sydney","Darwin","Sydney","Qantas","Sep-22",56,55,1,24,19,31,36,2022,9
"Gold Coast-Melbourne","Gold Coast","Melbourne","Qantas","Sep-22",31,30,1,20,24,10,6,2022,9
"Gold Coast-Sydney","Gold Coast","Sydney","Qantas","Sep-22",71,70,1,40,36,30,34,2022,9
"Hamilton Island-Brisbane","Hamilton Island","Brisbane","Qantas","Sep-22",19,19,0,9,10,10,9,2022,9
"Hamilton Island-Sydney","Hamilton Island","Sydney","Qantas","Sep-22",32,32,0,22,20,10,12,2022,9
"Hobart-Melbourne","Hobart","Melbourne","Qantas","Sep-22",8,8,0,5,3,3,5,2022,9
"Hobart-Sydney","Hobart","Sydney","Qantas","Sep-22",30,30,0,19,20,11,10,2022,9
"Kalgoorlie-Perth","Kalgoorlie","Perth","Qantas","Sep-22",24,24,0,8,16,16,8,2022,9
"Karratha-Perth","Karratha","Perth","Qantas","Sep-22",26,24,2,12,15,12,9,2022,9
"Mackay-Brisbane","Mackay","Brisbane","Qantas","Sep-22",104,104,0,66,61,38,43,2022,9
"Melbourne-Adelaide","Melbourne","Adelaide","Qantas","Sep-22",224,221,3,142,147,79,74,2022,9
"Melbourne-Brisbane","Melbourne","Brisbane","Qantas","Sep-22",324,319,5,210,239,109,80,2022,9
"Melbourne-Cairns","Melbourne","Cairns","Qantas","Sep-22",55,55,0,43,42,12,13,2022,9
"Melbourne-Canberra","Melbourne","Canberra","Qantas","Sep-22",9,9,0,7,7,2,2,2022,9
"Melbourne-Darwin","Melbourne","Darwin","Qantas","Sep-22",27,27,0,15,20,12,7,2022,9
"Melbourne-Gold Coast","Melbourne","Gold Coast","Qantas","Sep-22",31,30,1,28,28,2,2,2022,9
"Melbourne-Hobart","Melbourne","Hobart","Qantas","Sep-22",8,8,0,5,5,3,3,2022,9
"Melbourne-Perth","Melbourne","Perth","Qantas","Sep-22",169,169,0,88,89,81,80,2022,9
"Melbourne-Sunshine Coast","Melbourne","Sunshine Coast","Qantas","Sep-22",8,8,0,6,7,2,1,2022,9
"Melbourne-Sydney","Melbourne","Sydney","Qantas","Sep-22",716,662,54,469,460,193,202,2022,9
"Mount Isa-Brisbane","Mount Isa","Brisbane","Qantas","Sep-22",35,35,0,23,25,12,10,2022,9
"Newman-Perth","Newman","Perth","Qantas","Sep-22",26,25,1,21,21,4,4,2022,9
"Perth-Adelaide","Perth","Adelaide","Qantas","Sep-22",94,94,0,56,56,38,38,2022,9
"Perth-Brisbane","Perth","Brisbane","Qantas","Sep-22",148,148,0,92,113,56,35,2022,9
"Perth-Broome","Perth","Broome","Qantas","Sep-22",21,21,0,17,18,4,3,2022,9
"Perth-Darwin","Perth","Darwin","Qantas","Sep-22",18,18,0,13,12,5,6,2022,9
"Perth-Kalgoorlie","Perth","Kalgoorlie","Qantas","Sep-22",24,24,0,17,17,7,7,2022,9
"Perth-Karratha","Perth","Karratha","Qantas","Sep-22",26,24,2,17,19,7,5,2022,9
"Perth-Melbourne","Perth","Melbourne","Qantas","Sep-22",170,169,1,106,98,63,71,2022,9
"Perth-Newman","Perth","Newman","Qantas","Sep-22",26,26,0,24,24,2,2,2022,9
"Perth-Port Hedland","Perth","Port Hedland","Qantas","Sep-22",40,40,0,28,30,12,10,2022,9
"Perth-Sydney","Perth","Sydney","Qantas","Sep-22",168,165,3,88,102,77,63,2022,9
"Port Hedland-Perth","Port Hedland","Perth","Qantas","Sep-22",40,39,1,26,26,13,13,2022,9
"Sunshine Coast-Melbourne","Sunshine Coast","Melbourne","Qantas","Sep-22",8,8,0,4,3,4,5,2022,9
"Sunshine Coast-Sydney","Sunshine Coast","Sydney","Qantas","Sep-22",55,54,1,31,30,23,24,2022,9
"Sydney-Adelaide","Sydney","Adelaide","Qantas","Sep-22",220,215,5,143,132,72,83,2022,9
"Sydney-Brisbane","Sydney","Brisbane","Qantas","Sep-22",486,472,14,264,277,208,195,2022,9
"Sydney-Cairns","Sydney","Cairns","Qantas","Sep-22",65,63,2,35,43,28,20,2022,9
"Sydney-Darwin","Sydney","Darwin","Qantas","Sep-22",56,55,1,33,34,22,21,2022,9
"Sydney-Gold Coast","Sydney","Gold Coast","Qantas","Sep-22",71,70,1,41,45,29,25,2022,9
"Sydney-Hamilton Island","Sydney","Hamilton Island","Qantas","Sep-22",32,32,0,12,23,20,9,2022,9
"Sydney-Hobart","Sydney","Hobart","Qantas","Sep-22",30,30,0,23,25,7,5,2022,9
"Sydney-Melbourne","Sydney","Melbourne","Qantas","Sep-22",714,665,49,428,448,237,217,2022,9
"Sydney-Perth","Sydney","Perth","Qantas","Sep-22",168,166,2,79,70,87,96,2022,9
"Sydney-Sunshine Coast","Sydney","Sunshine Coast","Qantas","Sep-22",55,55,0,32,30,23,25,2022,9
"Townsville-Brisbane","Townsville","Brisbane","Qantas","Sep-22",105,105,0,63,61,42,44,2022,9
"Adelaide-Alice Springs","Adelaide","Alice Springs","QantasLink","Sep-22",43,42,1,36,34,6,8,2022,9
"Adelaide-Canberra","Adelaide","Canberra","QantasLink","Sep-22",69,68,1,58,53,10,15,2022,9
"Adelaide-Melbourne","Adelaide","Melbourne","QantasLink","Sep-22",13,12,1,12,11,0,1,2022,9
"Adelaide-Port Lincoln","Adelaide","Port Lincoln","QantasLink","Sep-22",126,122,4,103,105,19,17,2022,9
"Albury-Sydney","Albury","Sydney","QantasLink","Sep-22",84,84,0,55,56,29,28,2022,9
"Alice Springs-Adelaide","Alice Springs","Adelaide","QantasLink","Sep-22",43,42,1,28,26,14,16,2022,9
"Armidale-Sydney","Armidale","Sydney","QantasLink","Sep-22",92,88,4,74,71,14,17,2022,9
"Ballina-Sydney","Ballina","Sydney","QantasLink","Sep-22",77,76,1,42,32,34,44,2022,9
"Brisbane-Cairns","Brisbane","Cairns","QantasLink","Sep-22",22,22,0,11,8,11,14,2022,9
"Brisbane-Canberra","Brisbane","Canberra","QantasLink","Sep-22",147,147,0,96,103,51,44,2022,9
"Brisbane-Emerald","Brisbane","Emerald","QantasLink","Sep-22",118,118,0,106,102,12,16,2022,9
"Brisbane-Gladstone","Brisbane","Gladstone","QantasLink","Sep-22",101,100,1,76,77,24,23,2022,9
"Brisbane-Hobart","Brisbane","Hobart","QantasLink","Sep-22",14,14,0,5,5,9,9,2022,9
"Brisbane-Mackay","Brisbane","Mackay","QantasLink","Sep-22",8,8,0,7,5,1,3,2022,9
"Brisbane-Mount Isa","Brisbane","Mount Isa","QantasLink","Sep-22",17,17,0,11,11,6,6,2022,9
"Brisbane-Newcastle","Brisbane","Newcastle","QantasLink","Sep-22",123,119,4,82,80,37,39,2022,9
"Brisbane-Proserpine","Brisbane","Proserpine","QantasLink","Sep-22",24,24,0,18,10,6,14,2022,9
"Brisbane-Rockhampton","Brisbane","Rockhampton","QantasLink","Sep-22",109,107,2,72,77,35,30,2022,9
"Brisbane-Townsville","Brisbane","Townsville","QantasLink","Sep-22",21,21,0,15,12,6,9,2022,9
"Broome-Perth","Broome","Perth","QantasLink","Sep-22",74,74,0,47,53,27,21,2022,9
"Cairns-Brisbane","Cairns","Brisbane","QantasLink","Sep-22",22,22,0,8,3,14,19,2022,9
"Cairns-Townsville","Cairns","Townsville","QantasLink","Sep-22",129,126,3,109,110,17,16,2022,9
"Canberra-Adelaide","Canberra","Adelaide","QantasLink","Sep-22",69,68,1,46,47,22,21,2022,9
"Canberra-Brisbane","Canberra","Brisbane","QantasLink","Sep-22",146,142,4,85,95,57,47,2022,9
"Canberra-Gold Coast","Canberra","Gold Coast","QantasLink","Sep-22",8,8,0,4,5,4,3,2022,9
"Canberra-Melbourne","Canberra","Melbourne","QantasLink","Sep-22",203,200,3,143,148,57,52,2022,9
"Canberra-Sydney","Canberra","Sydney","QantasLink","Sep-22",364,346,18,272,260,74,86,2022,9
"Coffs Harbour-Sydney","Coffs Harbour","Sydney","QantasLink","Sep-22",107,105,2,85,79,20,26,2022,9
"Darwin-Perth","Darwin","Perth","QantasLink","Sep-22",13,13,0,3,3,10,10,2022,9
"Dubbo-Sydney","Dubbo","Sydney","QantasLink","Sep-22",103,101,2,83,88,18,13,2022,9
"Emerald-Brisbane","Emerald","Brisbane","QantasLink","Sep-22",118,116,2,95,95,21,21,2022,9
"Gladstone-Brisbane","Gladstone","Brisbane","QantasLink","Sep-22",102,100,2,75,75,25,25,2022,9
"Gold Coast-Canberra","Gold Coast","Canberra","QantasLink","Sep-22",8,8,0,4,3,4,5,2022,9
"Gold Coast-Melbourne","Gold Coast","Melbourne","QantasLink","Sep-22",35,35,0,22,24,13,11,2022,9
"Gold Coast-Sydney","Gold Coast","Sydney","QantasLink","Sep-22",35,34,1,15,19,19,15,2022,9
"Hobart-Brisbane","Hobart","Brisbane","QantasLink","Sep-22",14,14,0,5,7,9,7,2022,9
"Hobart-Melbourne","Hobart","Melbourne","QantasLink","Sep-22",88,87,1,52,52,35,35,2022,9
"Hobart-Sydney","Hobart","Sydney","QantasLink","Sep-22",51,50,1,40,32,10,18,2022,9
"Kalgoorlie-Perth","Kalgoorlie","Perth","QantasLink","Sep-22",47,46,1,30,32,16,14,2022,9
"Karratha-Perth","Karratha","Perth","QantasLink","Sep-22",117,116,1,57,71,59,45,2022,9
"Launceston-Melbourne","Launceston","Melbourne","QantasLink","Sep-22",64,63,1,40,39,23,24,2022,9
"Launceston-Sydney","Launceston","Sydney","QantasLink","Sep-22",14,14,0,12,12,2,2,2022,9
"Mackay-Brisbane","Mackay","Brisbane","QantasLink","Sep-22",14,12,2,8,8,4,4,2022,9
"Melbourne-Adelaide","Melbourne","Adelaide","QantasLink","Sep-22",13,12,1,10,12,2,0,2022,9
"Melbourne-Canberra","Melbourne","Canberra","QantasLink","Sep-22",203,202,1,157,156,45,46,2022,9
"Melbourne-Gold Coast","Melbourne","Gold Coast","QantasLink","Sep-22",35,35,0,26,24,9,11,2022,9
"Melbourne-Hobart","Melbourne","Hobart","QantasLink","Sep-22",88,88,0,47,50,41,38,2022,9
"Melbourne-Launceston","Melbourne","Launceston","QantasLink","Sep-22",64,64,0,40,39,24,25,2022,9
"Melbourne-Mildura","Melbourne","Mildura","QantasLink","Sep-22",112,108,4,68,61,40,47,2022,9
"Melbourne-Newcastle","Melbourne","Newcastle","QantasLink","Sep-22",50,49,1,33,30,16,19,2022,9
"Melbourne-Sunshine Coast","Melbourne","Sunshine Coast","QantasLink","Sep-22",32,32,0,21,15,11,17,2022,9
"Mildura-Melbourne","Mildura","Melbourne","QantasLink","Sep-22",112,108,4,68,65,40,43,2022,9
"Mount Isa-Brisbane","Mount Isa","Brisbane","QantasLink","Sep-22",16,15,1,11,11,4,4,2022,9
"Newcastle-Brisbane","Newcastle","Brisbane","QantasLink","Sep-22",126,122,4,88,86,34,36,2022,9
"Newcastle-Melbourne","Newcastle","Melbourne","QantasLink","Sep-22",51,50,1,29,33,21,17,2022,9
"Newman-Perth","Newman","Perth","QantasLink","Sep-22",84,82,2,51,49,31,33,2022,9
"Perth-Broome","Perth","Broome","QantasLink","Sep-22",75,75,0,54,64,21,11,2022,9
"Perth-Darwin","Perth","Darwin","QantasLink","Sep-22",13,13,0,5,6,8,7,2022,9
"Perth-Kalgoorlie","Perth","Kalgoorlie","QantasLink","Sep-22",45,44,1,38,38,6,6,2022,9
"Perth-Karratha","Perth","Karratha","QantasLink","Sep-22",116,116,0,81,72,35,44,2022,9
"Perth-Newman","Perth","Newman","QantasLink","Sep-22",81,79,2,59,59,20,20,2022,9
"Perth-Port Hedland","Perth","Port Hedland","QantasLink","Sep-22",83,81,2,65,64,16,17,2022,9
"Port Hedland-Perth","Port Hedland","Perth","QantasLink","Sep-22",85,83,2,63,66,20,17,2022,9
"Port Lincoln-Adelaide","Port Lincoln","Adelaide","QantasLink","Sep-22",126,122,4,109,108,13,14,2022,9
"Port Macquarie-Sydney","Port Macquarie","Sydney","QantasLink","Sep-22",95,94,1,74,70,20,24,2022,9
"Proserpine-Brisbane","Proserpine","Brisbane","QantasLink","Sep-22",24,23,1,9,8,14,15,2022,9
"Rockhampton-Brisbane","Rockhampton","Brisbane","QantasLink","Sep-22",107,105,2,43,36,62,69,2022,9
"Sunshine Coast-Melbourne","Sunshine Coast","Melbourne","QantasLink","Sep-22",33,33,0,11,13,22,20,2022,9
"Sydney-Albury","Sydney","Albury","QantasLink","Sep-22",85,85,0,63,67,22,18,2022,9
"Sydney-Armidale","Sydney","Armidale","QantasLink","Sep-22",90,88,2,64,76,24,12,2022,9
"Sydney-Ballina","Sydney","Ballina","QantasLink","Sep-22",77,76,1,49,29,27,47,2022,9
"Sydney-Canberra","Sydney","Canberra","QantasLink","Sep-22",364,348,16,262,269,86,79,2022,9
"Sydney-Coffs Harbour","Sydney","Coffs Harbour","QantasLink","Sep-22",107,105,2,69,79,36,26,2022,9
"Sydney-Dubbo","Sydney","Dubbo","QantasLink","Sep-22",103,101,2,73,75,28,26,2022,9
"Sydney-Gold Coast","Sydney","Gold Coast","QantasLink","Sep-22",35,35,0,22,22,13,13,2022,9
"Sydney-Hobart","Sydney","Hobart","QantasLink","Sep-22",51,49,2,27,27,22,22,2022,9
"Sydney-Launceston","Sydney","Launceston","QantasLink","Sep-22",14,14,0,12,12,2,2,2022,9
"Sydney-Port Macquarie","Sydney","Port Macquarie","QantasLink","Sep-22",95,95,0,73,79,22,16,2022,9
"Sydney-Wagga Wagga","Sydney","Wagga Wagga","QantasLink","Sep-22",70,70,0,50,49,20,21,2022,9
"Townsville-Brisbane","Townsville","Brisbane","QantasLink","Sep-22",21,21,0,8,3,13,18,2022,9
"Townsville-Cairns","Townsville","Cairns","QantasLink","Sep-22",129,126,3,93,95,33,31,2022,9
"Wagga Wagga-Sydney","Wagga Wagga","Sydney","QantasLink","Sep-22",70,70,0,55,58,15,12,2022,9
"Adelaide-Melbourne","Adelaide","Melbourne","Rex Airlines","Sep-22",56,56,0,49,49,7,7,2022,9
"Adelaide-Port Lincoln","Adelaide","Port Lincoln","Rex Airlines","Sep-22",178,162,16,112,106,50,56,2022,9
"Albury-Sydney","Albury","Sydney","Rex Airlines","Sep-22",131,127,4,93,88,34,39,2022,9
"Armidale-Sydney","Armidale","Sydney","Rex Airlines","Sep-22",77,74,3,47,38,27,36,2022,9
"Brisbane-Melbourne","Brisbane","Melbourne","Rex Airlines","Sep-22",56,56,0,47,51,9,5,2022,9
"Brisbane-Sydney","Brisbane","Sydney","Rex Airlines","Sep-22",106,105,1,83,81,22,24,2022,9
"Cairns-Townsville","Cairns","Townsville","Rex Airlines","Sep-22",23,23,0,21,21,2,2,2022,9
"Canberra-Melbourne","Canberra","Melbourne","Rex Airlines","Sep-22",30,30,0,24,22,6,8,2022,9
"Coffs Harbour-Sydney","Coffs Harbour","Sydney","Rex Airlines","Sep-22",129,127,2,79,75,48,52,2022,9
"Dubbo-Sydney","Dubbo","Sydney","Rex Airlines","Sep-22",130,129,1,90,86,39,43,2022,9
"Gold Coast-Melbourne","Gold Coast","Melbourne","Rex Airlines","Sep-22",33,33,0,20,18,13,15,2022,9
"Gold Coast-Sydney","Gold Coast","Sydney","Rex Airlines","Sep-22",31,31,0,24,26,7,5,2022,9
"Melbourne-Adelaide","Melbourne","Adelaide","Rex Airlines","Sep-22",56,56,0,50,50,6,6,2022,9
"Melbourne-Brisbane","Melbourne","Brisbane","Rex Airlines","Sep-22",56,56,0,51,51,5,5,2022,9
"Melbourne-Canberra","Melbourne","Canberra","Rex Airlines","Sep-22",30,30,0,27,24,3,6,2022,9
"Melbourne-Gold Coast","Melbourne","Gold Coast","Rex Airlines","Sep-22",33,33,0,26,25,7,8,2022,9
"Melbourne-Mildura","Melbourne","Mildura","Rex Airlines","Sep-22",109,108,1,72,69,36,39,2022,9
"Melbourne-Sydney","Melbourne","Sydney","Rex Airlines","Sep-22",147,145,2,139,135,6,10,2022,9
"Mildura-Melbourne","Mildura","Melbourne","Rex Airlines","Sep-22",108,108,0,78,74,30,34,2022,9
"Port Lincoln-Adelaide","Port Lincoln","Adelaide","Rex Airlines","Sep-22",177,162,15,113,110,49,52,2022,9
"Port Macquarie-Sydney","Port Macquarie","Sydney","Rex Airlines","Sep-22",106,100,6,75,50,25,50,2022,9
"Sydney-Albury","Sydney","Albury","Rex Airlines","Sep-22",132,129,3,80,87,49,42,2022,9
"Sydney-Armidale","Sydney","Armidale","Rex Airlines","Sep-22",75,72,3,51,49,21,23,2022,9
"Sydney-Brisbane","Sydney","Brisbane","Rex Airlines","Sep-22",106,105,1,82,72,23,33,2022,9
"Sydney-Coffs Harbour","Sydney","Coffs Harbour","Rex Airlines","Sep-22",129,127,2,71,80,56,47,2022,9
"Sydney-Dubbo","Sydney","Dubbo","Rex Airlines","Sep-22",135,134,1,80,86,54,48,2022,9
"Sydney-Gold Coast","Sydney","Gold Coast","Rex Airlines","Sep-22",31,31,0,29,28,2,3,2022,9
"Sydney-Melbourne","Sydney","Melbourne","Rex Airlines","Sep-22",146,144,2,115,111,29,33,2022,9
"Sydney-Port Macquarie","Sydney","Port Macquarie","Rex Airlines","Sep-22",106,101,5,62,64,39,37,2022,9
"Sydney-Wagga Wagga","Sydney","Wagga Wagga","Rex Airlines","Sep-22",136,132,4,96,95,36,37,2022,9
"Townsville-Cairns","Townsville","Cairns","Rex Airlines","Sep-22",23,23,0,23,23,0,0,2022,9
"Wagga Wagga-Sydney","Wagga Wagga","Sydney","Rex Airlines","Sep-22",137,132,5,99,99,33,33,2022,9
"Adelaide-Alice Springs","Adelaide","Alice Springs","Virgin Australia","Sep-22",13,13,0,10,10,3,3,2022,9
"Adelaide-Brisbane","Adelaide","Brisbane","Virgin Australia","Sep-22",105,103,2,82,84,21,19,2022,9
"Adelaide-Canberra","Adelaide","Canberra","Virgin Australia","Sep-22",18,18,0,9,10,9,8,2022,9
"Adelaide-Gold Coast","Adelaide","Gold Coast","Virgin Australia","Sep-22",30,30,0,26,27,4,3,2022,9
"Adelaide-Melbourne","Adelaide","Melbourne","Virgin Australia","Sep-22",257,255,2,181,188,74,67,2022,9
"Adelaide-Perth","Adelaide","Perth","Virgin Australia","Sep-22",22,21,1,9,10,12,11,2022,9
"Adelaide-Sydney","Adelaide","Sydney","Virgin Australia","Sep-22",123,120,3,67,58,53,62,2022,9
"Alice Springs-Adelaide","Alice Springs","Adelaide","Virgin Australia","Sep-22",13,13,0,7,7,6,6,2022,9
"Ballina-Sydney","Ballina","Sydney","Virgin Australia","Sep-22",45,43,2,25,25,18,18,2022,9
"Brisbane-Adelaide","Brisbane","Adelaide","Virgin Australia","Sep-22",105,104,1,70,85,34,19,2022,9
"Brisbane-Cairns","Brisbane","Cairns","Virgin Australia","Sep-22",138,138,0,106,109,32,29,2022,9
"Brisbane-Canberra","Brisbane","Canberra","Virgin Australia","Sep-22",87,86,1,54,59,32,27,2022,9
"Brisbane-Darwin","Brisbane","Darwin","Virgin Australia","Sep-22",37,37,0,23,26,14,11,2022,9
"Brisbane-Emerald","Brisbane","Emerald","Virgin Australia","Sep-22",26,26,0,18,19,8,7,2022,9
"Brisbane-Gladstone","Brisbane","Gladstone","Virgin Australia","Sep-22",52,52,0,42,40,10,12,2022,9
"Brisbane-Hamilton Island","Brisbane","Hamilton Island","Virgin Australia","Sep-22",39,39,0,33,36,6,3,2022,9
"Brisbane-Hobart","Brisbane","Hobart","Virgin Australia","Sep-22",45,44,1,28,31,16,13,2022,9
"Brisbane-Launceston","Brisbane","Launceston","Virgin Australia","Sep-22",26,26,0,19,22,7,4,2022,9
"Brisbane-Mackay","Brisbane","Mackay","Virgin Australia","Sep-22",119,116,3,75,72,41,44,2022,9
"Brisbane-Melbourne","Brisbane","Melbourne","Virgin Australia","Sep-22",326,319,7,174,185,145,134,2022,9
"Brisbane-Mount Isa","Brisbane","Mount Isa","Virgin Australia","Sep-22",13,13,0,11,7,2,6,2022,9
"Brisbane-Newcastle","Brisbane","Newcastle","Virgin Australia","Sep-22",82,81,1,68,64,13,17,2022,9
"Brisbane-Perth","Brisbane","Perth","Virgin Australia","Sep-22",105,104,1,66,81,38,23,2022,9
"Brisbane-Proserpine","Brisbane","Proserpine","Virgin Australia","Sep-22",34,34,0,30,30,4,4,2022,9
"Brisbane-Rockhampton","Brisbane","Rockhampton","Virgin Australia","Sep-22",112,112,0,73,48,39,64,2022,9
"Brisbane-Sydney","Brisbane","Sydney","Virgin Australia","Sep-22",421,405,16,272,266,133,139,2022,9
"Brisbane-Townsville","Brisbane","Townsville","Virgin Australia","Sep-22",120,117,3,64,68,53,49,2022,9
"Broome-Perth","Broome","Perth","Virgin Australia","Sep-22",15,15,0,3,5,12,10,2022,9
"Cairns-Brisbane","Cairns","Brisbane","Virgin Australia","Sep-22",138,138,0,100,108,38,30,2022,9
"Cairns-Gold Coast","Cairns","Gold Coast","Virgin Australia","Sep-22",12,12,0,11,11,1,1,2022,9
"Cairns-Melbourne","Cairns","Melbourne","Virgin Australia","Sep-22",75,75,0,50,45,25,30,2022,9
"Cairns-Sydney","Cairns","Sydney","Virgin Australia","Sep-22",70,68,2,47,45,21,23,2022,9
"Canberra-Adelaide","Canberra","Adelaide","Virgin Australia","Sep-22",18,18,0,7,6,11,12,2022,9
"Canberra-Brisbane","Canberra","Brisbane","Virgin Australia","Sep-22",87,86,1,52,59,34,27,2022,9
"Canberra-Gold Coast","Canberra","Gold Coast","Virgin Australia","Sep-22",30,30,0,18,18,12,12,2022,9
"Canberra-Melbourne","Canberra","Melbourne","Virgin Australia","Sep-22",104,104,0,52,63,52,41,2022,9
"Canberra-Sydney","Canberra","Sydney","Virgin Australia","Sep-22",252,248,4,192,192,56,56,2022,9
"Darwin-Brisbane","Darwin","Brisbane","Virgin Australia","Sep-22",38,38,0,12,19,26,19,2022,9
"Darwin-Melbourne","Darwin","Melbourne","Virgin Australia","Sep-22",31,29,2,13,14,16,15,2022,9
"Darwin-Perth","Darwin","Perth","Virgin Australia","Sep-22",10,10,0,6,6,4,4,2022,9
"Darwin-Sydney","Darwin","Sydney","Virgin Australia","Sep-22",30,30,0,23,25,7,5,2022,9
"Emerald-Brisbane","Emerald","Brisbane","Virgin Australia","Sep-22",26,26,0,20,21,6,5,2022,9
"Gladstone-Brisbane","Gladstone","Brisbane","Virgin Australia","Sep-22",52,52,0,40,22,12,30,2022,9
"Gold Coast-Adelaide","Gold Coast","Adelaide","Virgin Australia","Sep-22",30,29,1,23,21,6,8,2022,9
"Gold Coast-Cairns","Gold Coast","Cairns","Virgin Australia","Sep-22",13,13,0,11,12,2,1,2022,9
"Gold Coast-Canberra","Gold Coast","Canberra","Virgin Australia","Sep-22",30,30,0,12,12,18,18,2022,9
"Gold Coast-Melbourne","Gold Coast","Melbourne","Virgin Australia","Sep-22",268,266,2,172,193,94,73,2022,9
"Gold Coast-Sydney","Gold Coast","Sydney","Virgin Australia","Sep-22",304,295,9,187,190,108,105,2022,9
"Hamilton Island-Brisbane","Hamilton Island","Brisbane","Virgin Australia","Sep-22",40,39,1,30,31,9,8,2022,9
"Hamilton Island-Sydney","Hamilton Island","Sydney","Virgin Australia","Sep-22",30,28,2,21,17,7,11,2022,9
"Hobart-Brisbane","Hobart","Brisbane","Virgin Australia","Sep-22",45,44,1,19,21,25,23,2022,9
"Hobart-Melbourne","Hobart","Melbourne","Virgin Australia","Sep-22",112,112,0,62,57,50,55,2022,9
"Hobart-Sydney","Hobart","Sydney","Virgin Australia","Sep-22",64,64,0,47,40,17,24,2022,9
"Kalgoorlie-Perth","Kalgoorlie","Perth","Virgin Australia","Sep-22",27,26,1,15,13,11,13,2022,9
"Karratha-Perth","Karratha","Perth","Virgin Australia","Sep-22",18,18,0,8,8,10,10,2022,9
"Launceston-Brisbane","Launceston","Brisbane","Virgin Australia","Sep-22",26,26,0,22,24,4,2,2022,9
"Launceston-Melbourne","Launceston","Melbourne","Virgin Australia","Sep-22",94,94,0,74,68,20,26,2022,9
"Launceston-Sydney","Launceston","Sydney","Virgin Australia","Sep-22",30,29,1,22,21,7,8,2022,9
"Mackay-Brisbane","Mackay","Brisbane","Virgin Australia","Sep-22",119,116,3,73,79,43,37,2022,9
"Melbourne-Adelaide","Melbourne","Adelaide","Virgin Australia","Sep-22",256,254,2,179,176,75,78,2022,9
"Melbourne-Brisbane","Melbourne","Brisbane","Virgin Australia","Sep-22",325,319,6,207,221,112,98,2022,9
"Melbourne-Cairns","Melbourne","Cairns","Virgin Australia","Sep-22",74,74,0,56,64,18,10,2022,9
"Melbourne-Canberra","Melbourne","Canberra","Virgin Australia","Sep-22",104,104,0,73,72,31,32,2022,9
"Melbourne-Darwin","Melbourne","Darwin","Virgin Australia","Sep-22",29,29,0,16,17,13,12,2022,9
"Melbourne-Gold Coast","Melbourne","Gold Coast","Virgin Australia","Sep-22",269,268,1,182,197,86,71,2022,9
"Melbourne-Hobart","Melbourne","Hobart","Virgin Australia","Sep-22",112,112,0,73,69,39,43,2022,9
"Melbourne-Launceston","Melbourne","Launceston","Virgin Australia","Sep-22",94,94,0,62,56,32,38,2022,9
"Melbourne-Newcastle","Melbourne","Newcastle","Virgin Australia","Sep-22",26,26,0,18,16,8,10,2022,9
"Melbourne-Perth","Melbourne","Perth","Virgin Australia","Sep-22",159,157,2,100,129,57,28,2022,9
"Melbourne-Sunshine Coast","Melbourne","Sunshine Coast","Virgin Australia","Sep-22",100,100,0,65,70,35,30,2022,9
"Melbourne-Sydney","Melbourne","Sydney","Virgin Australia","Sep-22",725,698,27,506,467,192,231,2022,9
"Mount Isa-Brisbane","Mount Isa","Brisbane","Virgin Australia","Sep-22",13,13,0,5,6,8,7,2022,9
"Newcastle-Brisbane","Newcastle","Brisbane","Virgin Australia","Sep-22",82,82,0,70,67,12,15,2022,9
"Newcastle-Melbourne","Newcastle","Melbourne","Virgin Australia","Sep-22",26,26,0,14,10,12,16,2022,9
"Newman-Perth","Newman","Perth","Virgin Australia","Sep-22",21,21,0,14,14,7,7,2022,9
"Perth-Adelaide","Perth","Adelaide","Virgin Australia","Sep-22",22,21,1,11,11,10,10,2022,9
"Perth-Brisbane","Perth","Brisbane","Virgin Australia","Sep-22",102,101,1,68,85,33,16,2022,9
"Perth-Broome","Perth","Broome","Virgin Australia","Sep-22",15,15,0,5,8,10,7,2022,9
"Perth-Darwin","Perth","Darwin","Virgin Australia","Sep-22",10,10,0,9,7,1,3,2022,9
"Perth-Kalgoorlie","Perth","Kalgoorlie","Virgin Australia","Sep-22",27,26,1,23,23,3,3,2022,9
"Perth-Karratha","Perth","Karratha","Virgin Australia","Sep-22",18,18,0,14,12,4,6,2022,9
"Perth-Melbourne","Perth","Melbourne","Virgin Australia","Sep-22",165,163,2,114,122,49,41,2022,9
"Perth-Newman","Perth","Newman","Virgin Australia","Sep-22",21,21,0,17,18,4,3,2022,9
"Perth-Port Hedland","Perth","Port Hedland","Virgin Australia","Sep-22",11,10,1,10,10,0,0,2022,9
"Perth-Sydney","Perth","Sydney","Virgin Australia","Sep-22",135,130,5,69,103,61,27,2022,9
"Port Hedland-Perth","Port Hedland","Perth","Virgin Australia","Sep-22",12,11,1,7,7,4,4,2022,9
"Proserpine-Brisbane","Proserpine","Brisbane","Virgin Australia","Sep-22",35,35,0,26,28,9,7,2022,9
"Rockhampton-Brisbane","Rockhampton","Brisbane","Virgin Australia","Sep-22",112,112,0,71,70,41,42,2022,9
"Sunshine Coast-Melbourne","Sunshine Coast","Melbourne","Virgin Australia","Sep-22",100,99,1,63,49,36,50,2022,9
"Sunshine Coast-Sydney","Sunshine Coast","Sydney","Virgin Australia","Sep-22",87,87,0,62,43,25,44,2022,9
"Sydney-Adelaide","Sydney","Adelaide","Virgin Australia","Sep-22",124,121,3,67,61,54,60,2022,9
"Sydney-Ballina","Sydney","Ballina","Virgin Australia","Sep-22",45,44,1,30,29,14,15,2022,9
"Sydney-Brisbane","Sydney","Brisbane","Virgin Australia","Sep-22",426,410,16,295,305,115,105,2022,9
"Sydney-Cairns","Sydney","Cairns","Virgin Australia","Sep-22",70,68,2,47,57,21,11,2022,9
"Sydney-Canberra","Sydney","Canberra","Virgin Australia","Sep-22",252,247,5,179,195,68,52,2022,9
"Sydney-Darwin","Sydney","Darwin","Virgin Australia","Sep-22",29,29,0,25,27,4,2,2022,9
"Sydney-Gold Coast","Sydney","Gold Coast","Virgin Australia","Sep-22",304,295,9,200,182,95,113,2022,9
"Sydney-Hamilton Island","Sydney","Hamilton Island","Virgin Australia","Sep-22",30,29,1,23,25,6,4,2022,9
"Sydney-Hobart","Sydney","Hobart","Virgin Australia","Sep-22",64,64,0,55,54,9,10,2022,9
"Sydney-Launceston","Sydney","Launceston","Virgin Australia","Sep-22",30,29,1,22,23,7,6,2022,9
"Sydney-Melbourne","Sydney","Melbourne","Virgin Australia","Sep-22",717,691,26,397,424,294,267,2022,9
"Sydney-Perth","Sydney","Perth","Virgin Australia","Sep-22",134,130,4,77,89,53,41,2022,9
"Sydney-Sunshine Coast","Sydney","Sunshine Coast","Virgin Australia","Sep-22",87,87,0,63,65,24,22,2022,9
"Townsville-Brisbane","Townsville","Brisbane","Virgin Australia","Sep-22",120,116,4,71,80,45,36,2022,9
"Adelaide-Perth","Adelaide","Perth","Virgin Australia Regional Airlines","Sep-22",40,35,5,17,26,18,9,2022,9
"Broome-Perth","Broome","Perth","Virgin Australia Regional Airlines","Sep-22",54,52,2,25,31,27,21,2022,9
"Darwin-Perth","Darwin","Perth","Virgin Australia Regional Airlines","Sep-22",19,19,0,11,14,8,5,2022,9
"Kalgoorlie-Perth","Kalgoorlie","Perth","Virgin Australia Regional Airlines","Sep-22",37,37,0,22,23,15,14,2022,9
"Karratha-Perth","Karratha","Perth","Virgin Australia Regional Airlines","Sep-22",36,35,1,16,19,19,16,2022,9
"Newman-Perth","Newman","Perth","Virgin Australia Regional Airlines","Sep-22",35,35,0,30,28,5,7,2022,9
"Perth-Adelaide","Perth","Adelaide","Virgin Australia Regional Airlines","Sep-22",40,36,4,27,28,9,8,2022,9
"Perth-Broome","Perth","Broome","Virgin Australia Regional Airlines","Sep-22",54,53,1,36,36,17,17,2022,9
"Perth-Darwin","Perth","Darwin","Virgin Australia Regional Airlines","Sep-22",19,19,0,11,13,8,6,2022,9
"Perth-Kalgoorlie","Perth","Kalgoorlie","Virgin Australia Regional Airlines","Sep-22",37,37,0,25,24,12,13,2022,9
"Perth-Karratha","Perth","Karratha","Virgin Australia Regional Airlines","Sep-22",34,33,1,25,18,8,15,2022,9
"Perth-Newman","Perth","Newman","Virgin Australia Regional Airlines","Sep-22",35,35,0,32,29,3,6,2022,9
"Perth-Port Hedland","Perth","Port Hedland","Virgin Australia Regional Airlines","Sep-22",40,40,0,35,32,5,8,2022,9
"Port Hedland-Perth","Port Hedland","Perth","Virgin Australia Regional Airlines","Sep-22",40,40,0,32,31,8,9,2022,9
"Adelaide-Alice Springs","Adelaide","Alice Springs","All Airlines","Sep-22",56,55,1,46,44,9,11,2022,9
"Adelaide-Brisbane","Adelaide","Brisbane","All Airlines","Sep-22",223,218,5,164,174,54,44,2022,9
"Adelaide-Canberra","Adelaide","Canberra","All Airlines","Sep-22",87,86,1,67,63,19,23,2022,9
"Adelaide-Gold Coast","Adelaide","Gold Coast","All Airlines","Sep-22",54,53,1,38,38,15,15,2022,9
"Adelaide-Melbourne","Adelaide","Melbourne","All Airlines","Sep-22",638,621,17,453,471,168,150,2022,9
"Adelaide-Perth","Adelaide","Perth","All Airlines","Sep-22",180,174,6,111,120,63,54,2022,9
"Adelaide-Port Lincoln","Adelaide","Port Lincoln","All Airlines","Sep-22",304,284,20,215,211,69,73,2022,9
"Adelaide-Sydney","Adelaide","Sydney","All Airlines","Sep-22",408,389,19,234,219,155,170,2022,9
"Albury-Sydney","Albury","Sydney","All Airlines","Sep-22",215,211,4,148,144,63,67,2022,9
"Alice Springs-Adelaide","Alice Springs","Adelaide","All Airlines","Sep-22",56,55,1,35,33,20,22,2022,9
"Armidale-Sydney","Armidale","Sydney","All Airlines","Sep-22",169,162,7,121,109,41,53,2022,9
"Ballina-Sydney","Ballina","Sydney","All Airlines","Sep-22",181,175,6,87,78,88,97,2022,9
"Brisbane-Adelaide","Brisbane","Adelaide","All Airlines","Sep-22",223,219,4,157,173,62,46,2022,9
"Brisbane-Cairns","Brisbane","Cairns","All Airlines","Sep-22",354,349,5,232,240,117,109,2022,9
"Brisbane-Canberra","Brisbane","Canberra","All Airlines","Sep-22",264,263,1,168,187,95,76,2022,9
"Brisbane-Darwin","Brisbane","Darwin","All Airlines","Sep-22",99,99,0,70,78,29,21,2022,9
"Brisbane-Emerald","Brisbane","Emerald","All Airlines","Sep-22",144,144,0,124,121,20,23,2022,9
"Brisbane-Gladstone","Brisbane","Gladstone","All Airlines","Sep-22",153,152,1,118,117,34,35,2022,9
"Brisbane-Hamilton Island","Brisbane","Hamilton Island","All Airlines","Sep-22",58,58,0,49,52,9,6,2022,9
"Brisbane-Hobart","Brisbane","Hobart","All Airlines","Sep-22",80,79,1,48,51,31,28,2022,9
"Brisbane-Launceston","Brisbane","Launceston","All Airlines","Sep-22",46,46,0,31,35,15,11,2022,9
"Brisbane-Mackay","Brisbane","Mackay","All Airlines","Sep-22",258,254,4,167,165,87,89,2022,9
"Brisbane-Melbourne","Brisbane","Melbourne","All Airlines","Sep-22",838,801,37,482,515,319,286,2022,9
"Brisbane-Mount Isa","Brisbane","Mount Isa","All Airlines","Sep-22",65,65,0,52,45,13,20,2022,9
"Brisbane-Newcastle","Brisbane","Newcastle","All Airlines","Sep-22",249,244,5,180,176,64,68,2022,9
"Brisbane-Perth","Brisbane","Perth","All Airlines","Sep-22",271,265,6,183,176,82,89,2022,9
"Brisbane-Proserpine","Brisbane","Proserpine","All Airlines","Sep-22",95,94,1,71,62,23,32,2022,9
"Brisbane-Rockhampton","Brisbane","Rockhampton","All Airlines","Sep-22",221,219,2,145,125,74,94,2022,9
"Brisbane-Sydney","Brisbane","Sydney","All Airlines","Sep-22",1157,1096,61,770,746,326,350,2022,9
"Brisbane-Townsville","Brisbane","Townsville","All Airlines","Sep-22",295,290,5,179,184,111,106,2022,9
"Broome-Perth","Broome","Perth","All Airlines","Sep-22",164,162,2,90,106,72,56,2022,9
"Cairns-Brisbane","Cairns","Brisbane","All Airlines","Sep-22",352,346,6,243,242,103,104,2022,9
"Cairns-Gold Coast","Cairns","Gold Coast","All Airlines","Sep-22",53,52,1,30,29,22,23,2022,9
"Cairns-Melbourne","Cairns","Melbourne","All Airlines","Sep-22",246,243,3,160,154,83,89,2022,9
"Cairns-Sydney","Cairns","Sydney","All Airlines","Sep-22",231,218,13,143,132,75,86,2022,9
"Cairns-Townsville","Cairns","Townsville","All Airlines","Sep-22",152,149,3,130,131,19,18,2022,9
"Canberra-Adelaide","Canberra","Adelaide","All Airlines","Sep-22",87,86,1,53,53,33,33,2022,9
"Canberra-Brisbane","Canberra","Brisbane","All Airlines","Sep-22",263,258,5,155,174,103,84,2022,9
"Canberra-Gold Coast","Canberra","Gold Coast","All Airlines","Sep-22",48,47,1,23,24,24,23,2022,9
"Canberra-Melbourne","Canberra","Melbourne","All Airlines","Sep-22",376,371,5,241,258,130,113,2022,9
"Canberra-Sydney","Canberra","Sydney","All Airlines","Sep-22",616,594,22,464,452,130,142,2022,9
"Coffs Harbour-Sydney","Coffs Harbour","Sydney","All Airlines","Sep-22",236,232,4,164,154,68,78,2022,9
"Darwin-Brisbane","Darwin","Brisbane","All Airlines","Sep-22",100,100,0,54,48,46,52,2022,9
"Darwin-Melbourne","Darwin","Melbourne","All Airlines","Sep-22",84,80,4,37,36,43,44,2022,9
"Darwin-Perth","Darwin","Perth","All Airlines","Sep-22",60,60,0,29,33,31,27,2022,9
"Darwin-Sydney","Darwin","Sydney","All Airlines","Sep-22",105,103,2,49,49,54,54,2022,9
"Dubbo-Sydney","Dubbo","Sydney","All Airlines","Sep-22",233,230,3,173,174,57,56,2022,9
"Emerald-Brisbane","Emerald","Brisbane","All Airlines","Sep-22",144,142,2,115,116,27,26,2022,9
"Gladstone-Brisbane","Gladstone","Brisbane","All Airlines","Sep-22",154,152,2,115,97,37,55,2022,9
"Gold Coast-Adelaide","Gold Coast","Adelaide","All Airlines","Sep-22",54,52,2,31,32,21,20,2022,9
"Gold Coast-Cairns","Gold Coast","Cairns","All Airlines","Sep-22",52,51,1,37,34,14,17,2022,9
"Gold Coast-Canberra","Gold Coast","Canberra","All Airlines","Sep-22",48,47,1,17,17,30,30,2022,9
"Gold Coast-Melbourne","Gold Coast","Melbourne","All Airlines","Sep-22",603,569,34,348,380,221,189,2022,9
"Gold Coast-Sydney","Gold Coast","Sydney","All Airlines","Sep-22",645,602,43,361,368,241,234,2022,9
"Hamilton Island-Brisbane","Hamilton Island","Brisbane","All Airlines","Sep-22",59,58,1,39,41,19,17,2022,9
"Hamilton Island-Sydney","Hamilton Island","Sydney","All Airlines","Sep-22",82,78,4,52,47,26,31,2022,9
"Hobart-Brisbane","Hobart","Brisbane","All Airlines","Sep-22",80,79,1,32,36,47,43,2022,9
"Hobart-Melbourne","Hobart","Melbourne","All Airlines","Sep-22",318,312,6,190,185,122,127,2022,9
"Hobart-Sydney","Hobart","Sydney","All Airlines","Sep-22",217,204,13,144,124,60,80,2022,9
"Kalgoorlie-Perth","Kalgoorlie","Perth","All Airlines","Sep-22",135,133,2,75,84,58,49,2022,9
"Karratha-Perth","Karratha","Perth","All Airlines","Sep-22",197,193,4,93,113,100,80,2022,9
"Launceston-Brisbane","Launceston","Brisbane","All Airlines","Sep-22",46,46,0,31,32,15,14,2022,9
"Launceston-Melbourne","Launceston","Melbourne","All Airlines","Sep-22",229,223,6,158,154,65,69,2022,9
"Launceston-Sydney","Launceston","Sydney","All Airlines","Sep-22",78,74,4,44,46,30,28,2022,9
"Mackay-Brisbane","Mackay","Brisbane","All Airlines","Sep-22",264,258,6,156,156,102,102,2022,9
"Melbourne-Adelaide","Melbourne","Adelaide","All Airlines","Sep-22",638,625,13,440,450,185,175,2022,9
"Melbourne-Brisbane","Melbourne","Brisbane","All Airlines","Sep-22",836,803,33,529,574,274,229,2022,9
"Melbourne-Cairns","Melbourne","Cairns","All Airlines","Sep-22",245,243,2,165,182,78,61,2022,9
"Melbourne-Canberra","Melbourne","Canberra","All Airlines","Sep-22",377,373,4,280,277,93,96,2022,9
"Melbourne-Darwin","Melbourne","Darwin","All Airlines","Sep-22",81,80,1,44,48,36,32,2022,9
"Melbourne-Gold Coast","Melbourne","Gold Coast","All Airlines","Sep-22",604,572,32,394,398,178,174,2022,9
"Melbourne-Hobart","Melbourne","Hobart","All Airlines","Sep-22",318,313,5,191,198,122,115,2022,9
"Melbourne-Launceston","Melbourne","Launceston","All Airlines","Sep-22",229,224,5,151,143,73,81,2022,9
"Melbourne-Mildura","Melbourne","Mildura","All Airlines","Sep-22",221,216,5,140,130,76,86,2022,9
"Melbourne-Newcastle","Melbourne","Newcastle","All Airlines","Sep-22",121,120,1,81,73,39,47,2022,9
"Melbourne-Perth","Melbourne","Perth","All Airlines","Sep-22",399,390,9,229,269,161,121,2022,9
"Melbourne-Sunshine Coast","Melbourne","Sunshine Coast","All Airlines","Sep-22",214,213,1,141,143,72,70,2022,9
"Melbourne-Sydney","Melbourne","Sydney","All Airlines","Sep-22",1992,1840,152,1294,1260,546,580,2022,9
"Mildura-Melbourne","Mildura","Melbourne","All Airlines","Sep-22",220,216,4,146,139,70,77,2022,9
"Mount Isa-Brisbane","Mount Isa","Brisbane","All Airlines","Sep-22",64,63,1,39,42,24,21,2022,9
"Newcastle-Brisbane","Newcastle","Brisbane","All Airlines","Sep-22",252,248,4,186,183,62,65,2022,9
"Newcastle-Melbourne","Newcastle","Melbourne","All Airlines","Sep-22",122,121,1,64,69,57,52,2022,9
"Newman-Perth","Newman","Perth","All Airlines","Sep-22",166,163,3,116,112,47,51,2022,9
"Perth-Adelaide","Perth","Adelaide","All Airlines","Sep-22",182,175,7,97,99,78,76,2022,9
"Perth-Brisbane","Perth","Brisbane","All Airlines","Sep-22",268,266,2,160,198,106,68,2022,9
"Perth-Broome","Perth","Broome","All Airlines","Sep-22",165,164,1,112,126,52,38,2022,9
"Perth-Darwin","Perth","Darwin","All Airlines","Sep-22",60,60,0,38,38,22,22,2022,9
"Perth-Kalgoorlie","Perth","Kalgoorlie","All Airlines","Sep-22",133,131,2,103,102,28,29,2022,9
"Perth-Karratha","Perth","Karratha","All Airlines","Sep-22",194,191,3,137,121,54,70,2022,9
"Perth-Melbourne","Perth","Melbourne","All Airlines","Sep-22",407,395,12,243,253,152,142,2022,9
"Perth-Newman","Perth","Newman","All Airlines","Sep-22",163,161,2,132,130,29,31,2022,9
"Perth-Port Hedland","Perth","Port Hedland","All Airlines","Sep-22",174,171,3,138,136,33,35,2022,9
"Perth-Sydney","Perth","Sydney","All Airlines","Sep-22",339,323,16,165,219,158,104,2022,9
"Port Hedland-Perth","Port Hedland","Perth","All Airlines","Sep-22",177,173,4,128,130,45,43,2022,9
"Port Lincoln-Adelaide","Port Lincoln","Adelaide","All Airlines","Sep-22",303,284,19,222,218,62,66,2022,9
"Port Macquarie-Sydney","Port Macquarie","Sydney","All Airlines","Sep-22",201,194,7,149,120,45,74,2022,9
"Proserpine-Brisbane","Proserpine","Brisbane","All Airlines","Sep-22",97,95,2,53,54,42,41,2022,9
"Rockhampton-Brisbane","Rockhampton","Brisbane","All Airlines","Sep-22",219,217,2,114,106,103,111,2022,9
"Sunshine Coast-Melbourne","Sunshine Coast","Melbourne","All Airlines","Sep-22",214,211,3,123,108,88,103,2022,9
"Sunshine Coast-Sydney","Sunshine Coast","Sydney","All Airlines","Sep-22",221,214,7,127,103,87,111,2022,9
"Sydney-Adelaide","Sydney","Adelaide","All Airlines","Sep-22",409,390,19,237,226,153,164,2022,9
"Sydney-Albury","Sydney","Albury","All Airlines","Sep-22",217,214,3,143,154,71,60,2022,9
"Sydney-Armidale","Sydney","Armidale","All Airlines","Sep-22",165,160,5,115,125,45,35,2022,9
"Sydney-Ballina","Sydney","Ballina","All Airlines","Sep-22",181,176,5,109,87,67,89,2022,9
"Sydney-Brisbane","Sydney","Brisbane","All Airlines","Sep-22",1165,1102,63,699,718,403,384,2022,9
"Sydney-Cairns","Sydney","Cairns","All Airlines","Sep-22",229,217,12,127,151,90,66,2022,9
"Sydney-Canberra","Sydney","Canberra","All Airlines","Sep-22",616,595,21,441,464,154,131,2022,9
"Sydney-Coffs Harbour","Sydney","Coffs Harbour","All Airlines","Sep-22",236,232,4,140,159,92,73,2022,9
"Sydney-Darwin","Sydney","Darwin","All Airlines","Sep-22",104,102,2,67,67,35,35,2022,9
"Sydney-Dubbo","Sydney","Dubbo","All Airlines","Sep-22",238,235,3,153,161,82,74,2022,9
"Sydney-Gold Coast","Sydney","Gold Coast","All Airlines","Sep-22",644,603,41,386,377,217,226,2022,9
"Sydney-Hamilton Island","Sydney","Hamilton Island","All Airlines","Sep-22",82,79,3,45,61,34,18,2022,9
"Sydney-Hobart","Sydney","Hobart","All Airlines","Sep-22",217,203,14,143,151,60,52,2022,9
"Sydney-Launceston","Sydney","Launceston","All Airlines","Sep-22",78,74,4,48,55,26,19,2022,9
"Sydney-Melbourne","Sydney","Melbourne","All Airlines","Sep-22",1980,1834,146,1131,1190,703,644,2022,9
"Sydney-Perth","Sydney","Perth","All Airlines","Sep-22",336,324,12,169,175,155,149,2022,9
"Sydney-Port Macquarie","Sydney","Port Macquarie","All Airlines","Sep-22",201,196,5,135,143,61,53,2022,9
"Sydney-Sunshine Coast","Sydney","Sunshine Coast","All Airlines","Sep-22",219,214,5,132,136,82,78,2022,9
"Sydney-Wagga Wagga","Sydney","Wagga Wagga","All Airlines","Sep-22",206,202,4,146,144,56,58,2022,9
"Townsville-Brisbane","Townsville","Brisbane","All Airlines","Sep-22",296,290,6,173,177,117,113,2022,9
"Townsville-Cairns","Townsville","Cairns","All Airlines","Sep-22",152,149,3,116,118,33,31,2022,9
"Wagga Wagga-Sydney","Wagga Wagga","Sydney","All Airlines","Sep-22",207,202,5,154,157,48,45,2022,9
"Adelaide-Brisbane","Adelaide","Brisbane","Jetstar","Oct-22",34,32,2,28,26,4,6,2022,10
"Adelaide-Gold Coast","Adelaide","Gold Coast","Jetstar","Oct-22",30,30,0,27,25,3,5,2022,10
"Adelaide-Melbourne","Adelaide","Melbourne","Jetstar","Oct-22",88,84,4,60,64,24,20,2022,10
"Adelaide-Perth","Adelaide","Perth","Jetstar","Oct-22",26,26,0,19,20,7,6,2022,10
"Adelaide-Sydney","Adelaide","Sydney","Jetstar","Oct-22",90,90,0,62,64,28,26,2022,10
"Ballina-Sydney","Ballina","Sydney","Jetstar","Oct-22",74,73,1,31,35,42,38,2022,10
"Brisbane-Adelaide","Brisbane","Adelaide","Jetstar","Oct-22",34,31,3,16,19,15,12,2022,10
"Brisbane-Cairns","Brisbane","Cairns","Jetstar","Oct-22",86,83,3,54,57,29,26,2022,10
"Brisbane-Canberra","Brisbane","Canberra","Jetstar","Oct-22",31,31,0,22,24,9,7,2022,10
"Brisbane-Darwin","Brisbane","Darwin","Jetstar","Oct-22",23,22,1,14,15,8,7,2022,10
"Brisbane-Hobart","Brisbane","Hobart","Jetstar","Oct-22",22,22,0,16,17,6,5,2022,10
"Brisbane-Launceston","Brisbane","Launceston","Jetstar","Oct-22",22,22,0,15,17,7,5,2022,10
"Brisbane-Mackay","Brisbane","Mackay","Jetstar","Oct-22",29,29,0,19,20,10,9,2022,10
"Brisbane-Melbourne","Brisbane","Melbourne","Jetstar","Oct-22",147,141,6,86,102,55,39,2022,10
"Brisbane-Newcastle","Brisbane","Newcastle","Jetstar","Oct-22",57,55,2,47,48,8,7,2022,10
"Brisbane-Perth","Brisbane","Perth","Jetstar","Oct-22",19,19,0,7,6,12,13,2022,10
"Brisbane-Proserpine","Brisbane","Proserpine","Jetstar","Oct-22",34,34,0,25,27,9,7,2022,10
"Brisbane-Sydney","Brisbane","Sydney","Jetstar","Oct-22",147,134,13,77,78,57,56,2022,10
"Brisbane-Townsville","Brisbane","Townsville","Jetstar","Oct-22",55,55,0,37,39,18,16,2022,10
"Cairns-Brisbane","Cairns","Brisbane","Jetstar","Oct-22",87,85,2,51,41,34,44,2022,10
"Cairns-Gold Coast","Cairns","Gold Coast","Jetstar","Oct-22",31,31,0,20,20,11,11,2022,10
"Cairns-Melbourne","Cairns","Melbourne","Jetstar","Oct-22",104,102,2,61,75,41,27,2022,10
"Cairns-Sydney","Cairns","Sydney","Jetstar","Oct-22",104,99,5,68,73,31,26,2022,10
"Canberra-Brisbane","Canberra","Brisbane","Jetstar","Oct-22",31,31,0,21,23,10,8,2022,10
"Canberra-Gold Coast","Canberra","Gold Coast","Jetstar","Oct-22",18,18,0,6,4,12,14,2022,10
"Canberra-Melbourne","Canberra","Melbourne","Jetstar","Oct-22",31,30,1,19,21,11,9,2022,10
"Darwin-Brisbane","Darwin","Brisbane","Jetstar","Oct-22",24,23,1,13,13,10,10,2022,10
"Darwin-Melbourne","Darwin","Melbourne","Jetstar","Oct-22",25,25,0,9,10,16,15,2022,10
"Darwin-Sydney","Darwin","Sydney","Jetstar","Oct-22",26,24,2,6,12,18,12,2022,10
"Gold Coast-Adelaide","Gold Coast","Adelaide","Jetstar","Oct-22",30,30,0,24,24,6,6,2022,10
"Gold Coast-Cairns","Gold Coast","Cairns","Jetstar","Oct-22",31,30,1,24,23,6,7,2022,10
"Gold Coast-Canberra","Gold Coast","Canberra","Jetstar","Oct-22",18,18,0,8,10,10,8,2022,10
"Gold Coast-Melbourne","Gold Coast","Melbourne","Jetstar","Oct-22",207,194,13,110,117,84,77,2022,10
"Gold Coast-Sydney","Gold Coast","Sydney","Jetstar","Oct-22",234,215,19,145,148,70,67,2022,10
"Hamilton Island-Sydney","Hamilton Island","Sydney","Jetstar","Oct-22",25,25,0,9,9,16,16,2022,10
"Hobart-Brisbane","Hobart","Brisbane","Jetstar","Oct-22",21,21,0,14,13,7,8,2022,10
"Hobart-Melbourne","Hobart","Melbourne","Jetstar","Oct-22",111,110,1,81,76,29,34,2022,10
"Hobart-Sydney","Hobart","Sydney","Jetstar","Oct-22",72,71,1,50,44,21,27,2022,10
"Launceston-Brisbane","Launceston","Brisbane","Jetstar","Oct-22",22,22,0,13,11,9,11,2022,10
"Launceston-Melbourne","Launceston","Melbourne","Jetstar","Oct-22",75,74,1,41,46,33,28,2022,10
"Launceston-Sydney","Launceston","Sydney","Jetstar","Oct-22",39,38,1,14,14,24,24,2022,10
"Mackay-Brisbane","Mackay","Brisbane","Jetstar","Oct-22",29,29,0,19,17,10,12,2022,10
"Melbourne-Adelaide","Melbourne","Adelaide","Jetstar","Oct-22",88,85,3,67,70,18,15,2022,10
"Melbourne-Brisbane","Melbourne","Brisbane","Jetstar","Oct-22",150,144,6,86,77,58,67,2022,10
"Melbourne-Cairns","Melbourne","Cairns","Jetstar","Oct-22",103,102,1,60,69,42,33,2022,10
"Melbourne-Canberra","Melbourne","Canberra","Jetstar","Oct-22",31,30,1,20,20,10,10,2022,10
"Melbourne-Darwin","Melbourne","Darwin","Jetstar","Oct-22",26,26,0,18,15,8,11,2022,10
"Melbourne-Gold Coast","Melbourne","Gold Coast","Jetstar","Oct-22",204,190,14,116,117,74,73,2022,10
"Melbourne-Hobart","Melbourne","Hobart","Jetstar","Oct-22",111,110,1,75,80,35,30,2022,10
"Melbourne-Launceston","Melbourne","Launceston","Jetstar","Oct-22",74,73,1,44,45,29,28,2022,10
"Melbourne-Newcastle","Melbourne","Newcastle","Jetstar","Oct-22",45,45,0,29,27,16,18,2022,10
"Melbourne-Perth","Melbourne","Perth","Jetstar","Oct-22",77,75,2,41,49,34,26,2022,10
"Melbourne-Sunshine Coast","Melbourne","Sunshine Coast","Jetstar","Oct-22",67,67,0,44,42,23,25,2022,10
"Melbourne-Sydney","Melbourne","Sydney","Jetstar","Oct-22",345,306,39,173,191,133,115,2022,10
"Newcastle-Brisbane","Newcastle","Brisbane","Jetstar","Oct-22",55,54,1,46,46,8,8,2022,10
"Newcastle-Melbourne","Newcastle","Melbourne","Jetstar","Oct-22",45,42,3,23,27,19,15,2022,10
"Perth-Adelaide","Perth","Adelaide","Jetstar","Oct-22",27,26,1,8,14,18,12,2022,10
"Perth-Brisbane","Perth","Brisbane","Jetstar","Oct-22",19,18,1,1,2,17,16,2022,10
"Perth-Melbourne","Perth","Melbourne","Jetstar","Oct-22",75,71,4,25,33,46,38,2022,10
"Perth-Sydney","Perth","Sydney","Jetstar","Oct-22",43,41,2,5,12,36,29,2022,10
"Proserpine-Brisbane","Proserpine","Brisbane","Jetstar","Oct-22",35,35,0,23,28,12,7,2022,10
"Sunshine Coast-Melbourne","Sunshine Coast","Melbourne","Jetstar","Oct-22",67,67,0,31,30,36,37,2022,10
"Sunshine Coast-Sydney","Sunshine Coast","Sydney","Jetstar","Oct-22",91,88,3,33,31,55,57,2022,10
"Sydney-Adelaide","Sydney","Adelaide","Jetstar","Oct-22",90,90,0,60,62,30,28,2022,10
"Sydney-Ballina","Sydney","Ballina","Jetstar","Oct-22",74,73,1,40,39,33,34,2022,10
"Sydney-Brisbane","Sydney","Brisbane","Jetstar","Oct-22",147,134,13,79,89,55,45,2022,10
"Sydney-Cairns","Sydney","Cairns","Jetstar","Oct-22",103,100,3,63,66,37,34,2022,10
"Sydney-Darwin","Sydney","Darwin","Jetstar","Oct-22",25,25,0,17,15,8,10,2022,10
"Sydney-Gold Coast","Sydney","Gold Coast","Jetstar","Oct-22",234,216,18,148,146,68,70,2022,10
"Sydney-Hamilton Island","Sydney","Hamilton Island","Jetstar","Oct-22",25,25,0,12,16,13,9,2022,10
"Sydney-Hobart","Sydney","Hobart","Jetstar","Oct-22",72,71,1,51,55,20,16,2022,10
"Sydney-Launceston","Sydney","Launceston","Jetstar","Oct-22",39,39,0,23,26,16,13,2022,10
"Sydney-Melbourne","Sydney","Melbourne","Jetstar","Oct-22",341,306,35,172,195,134,111,2022,10
"Sydney-Perth","Sydney","Perth","Jetstar","Oct-22",41,41,0,19,19,22,22,2022,10
"Sydney-Sunshine Coast","Sydney","Sunshine Coast","Jetstar","Oct-22",90,88,2,51,53,37,35,2022,10
"Townsville-Brisbane","Townsville","Brisbane","Jetstar","Oct-22",54,54,0,31,31,23,23,2022,10
"Adelaide-Brisbane","Adelaide","Brisbane","Qantas","Oct-22",86,86,0,65,70,21,16,2022,10
"Adelaide-Melbourne","Adelaide","Melbourne","Qantas","Oct-22",231,230,1,170,187,60,43,2022,10
"Adelaide-Perth","Adelaide","Perth","Qantas","Oct-22",92,92,0,67,70,25,22,2022,10
"Adelaide-Sydney","Adelaide","Sydney","Qantas","Oct-22",224,223,1,144,151,79,72,2022,10
"Brisbane-Adelaide","Brisbane","Adelaide","Qantas","Oct-22",86,86,0,77,78,9,8,2022,10
"Brisbane-Cairns","Brisbane","Cairns","Qantas","Oct-22",116,116,0,96,102,20,14,2022,10
"Brisbane-Darwin","Brisbane","Darwin","Qantas","Oct-22",39,39,0,35,36,4,3,2022,10
"Brisbane-Hamilton Island","Brisbane","Hamilton Island","Qantas","Oct-22",26,26,0,25,26,1,0,2022,10
"Brisbane-Mackay","Brisbane","Mackay","Qantas","Oct-22",104,103,1,78,84,25,19,2022,10
"Brisbane-Melbourne","Brisbane","Melbourne","Qantas","Oct-22",325,323,2,228,251,95,72,2022,10
"Brisbane-Mount Isa","Brisbane","Mount Isa","Qantas","Oct-22",32,32,0,31,31,1,1,2022,10
"Brisbane-Perth","Brisbane","Perth","Qantas","Oct-22",151,149,2,111,93,38,56,2022,10
"Brisbane-Sydney","Brisbane","Sydney","Qantas","Oct-22",492,484,8,410,408,74,76,2022,10
"Brisbane-Townsville","Brisbane","Townsville","Qantas","Oct-22",107,107,0,97,97,10,10,2022,10
"Broome-Perth","Broome","Perth","Qantas","Oct-22",11,11,0,5,7,6,4,2022,10
"Cairns-Brisbane","Cairns","Brisbane","Qantas","Oct-22",116,115,1,108,106,7,9,2022,10
"Cairns-Melbourne","Cairns","Melbourne","Qantas","Oct-22",51,51,0,35,28,16,23,2022,10
"Cairns-Sydney","Cairns","Sydney","Qantas","Oct-22",68,68,0,54,45,14,23,2022,10
"Canberra-Melbourne","Canberra","Melbourne","Qantas","Oct-22",8,7,1,6,7,1,0,2022,10
"Darwin-Brisbane","Darwin","Brisbane","Qantas","Oct-22",39,39,0,30,22,9,17,2022,10
"Darwin-Melbourne","Darwin","Melbourne","Qantas","Oct-22",28,28,0,20,23,8,5,2022,10
"Darwin-Perth","Darwin","Perth","Qantas","Oct-22",12,12,0,10,9,2,3,2022,10
"Darwin-Sydney","Darwin","Sydney","Qantas","Oct-22",53,53,0,31,26,22,27,2022,10
"Gold Coast-Melbourne","Gold Coast","Melbourne","Qantas","Oct-22",35,35,0,21,28,14,7,2022,10
"Gold Coast-Sydney","Gold Coast","Sydney","Qantas","Oct-22",74,74,0,52,49,22,25,2022,10
"Hamilton Island-Brisbane","Hamilton Island","Brisbane","Qantas","Oct-22",26,26,0,22,21,4,5,2022,10
"Hamilton Island-Sydney","Hamilton Island","Sydney","Qantas","Oct-22",35,35,0,25,21,10,14,2022,10
"Hobart-Melbourne","Hobart","Melbourne","Qantas","Oct-22",11,11,0,6,8,5,3,2022,10
"Hobart-Sydney","Hobart","Sydney","Qantas","Oct-22",32,32,0,20,19,12,13,2022,10
"Kalgoorlie-Perth","Kalgoorlie","Perth","Qantas","Oct-22",18,17,1,9,10,8,7,2022,10
"Karratha-Perth","Karratha","Perth","Qantas","Oct-22",24,23,1,19,22,4,1,2022,10
"Mackay-Brisbane","Mackay","Brisbane","Qantas","Oct-22",104,104,0,70,66,34,38,2022,10
"Melbourne-Adelaide","Melbourne","Adelaide","Qantas","Oct-22",229,228,1,170,172,58,56,2022,10
"Melbourne-Brisbane","Melbourne","Brisbane","Qantas","Oct-22",324,320,4,231,252,89,68,2022,10
"Melbourne-Cairns","Melbourne","Cairns","Qantas","Oct-22",52,52,0,36,42,16,10,2022,10
"Melbourne-Canberra","Melbourne","Canberra","Qantas","Oct-22",8,7,1,4,6,3,1,2022,10
"Melbourne-Darwin","Melbourne","Darwin","Qantas","Oct-22",28,28,0,22,21,6,7,2022,10
"Melbourne-Gold Coast","Melbourne","Gold Coast","Qantas","Oct-22",34,34,0,31,32,3,2,2022,10
"Melbourne-Hobart","Melbourne","Hobart","Qantas","Oct-22",11,11,0,8,9,3,2,2022,10
"Melbourne-Perth","Melbourne","Perth","Qantas","Oct-22",171,171,0,98,99,73,72,2022,10
"Melbourne-Sunshine Coast","Melbourne","Sunshine Coast","Qantas","Oct-22",11,11,0,8,8,3,3,2022,10
"Melbourne-Sydney","Melbourne","Sydney","Qantas","Oct-22",753,724,29,573,545,151,179,2022,10
"Mount Isa-Brisbane","Mount Isa","Brisbane","Qantas","Oct-22",32,32,0,29,30,3,2,2022,10
"Newman-Perth","Newman","Perth","Qantas","Oct-22",18,18,0,15,15,3,3,2022,10
"Perth-Adelaide","Perth","Adelaide","Qantas","Oct-22",93,93,0,57,63,36,30,2022,10
"Perth-Brisbane","Perth","Brisbane","Qantas","Oct-22",150,149,1,100,115,49,34,2022,10
"Perth-Broome","Perth","Broome","Qantas","Oct-22",11,11,0,10,11,1,0,2022,10
"Perth-Darwin","Perth","Darwin","Qantas","Oct-22",12,12,0,11,11,1,1,2022,10
"Perth-Kalgoorlie","Perth","Kalgoorlie","Qantas","Oct-22",18,18,0,12,15,6,3,2022,10
"Perth-Karratha","Perth","Karratha","Qantas","Oct-22",24,23,1,23,23,0,0,2022,10
"Perth-Melbourne","Perth","Melbourne","Qantas","Oct-22",174,173,1,118,122,55,51,2022,10
"Perth-Newman","Perth","Newman","Qantas","Oct-22",18,18,0,15,16,3,2,2022,10
"Perth-Port Hedland","Perth","Port Hedland","Qantas","Oct-22",42,41,1,35,37,6,4,2022,10
"Perth-Sydney","Perth","Sydney","Qantas","Oct-22",173,173,0,103,127,70,46,2022,10
"Port Hedland-Perth","Port Hedland","Perth","Qantas","Oct-22",42,41,1,27,34,14,7,2022,10
"Sunshine Coast-Melbourne","Sunshine Coast","Melbourne","Qantas","Oct-22",11,11,0,3,5,8,6,2022,10
"Sunshine Coast-Sydney","Sunshine Coast","Sydney","Qantas","Oct-22",55,55,0,31,32,24,23,2022,10
"Sydney-Adelaide","Sydney","Adelaide","Qantas","Oct-22",225,225,0,163,142,62,83,2022,10
"Sydney-Brisbane","Sydney","Brisbane","Qantas","Oct-22",493,484,9,336,348,148,136,2022,10
"Sydney-Cairns","Sydney","Cairns","Qantas","Oct-22",67,67,0,47,54,20,13,2022,10
"Sydney-Darwin","Sydney","Darwin","Qantas","Oct-22",53,53,0,33,34,20,19,2022,10
"Sydney-Gold Coast","Sydney","Gold Coast","Qantas","Oct-22",74,74,0,52,53,22,21,2022,10
"Sydney-Hamilton Island","Sydney","Hamilton Island","Qantas","Oct-22",34,34,0,19,23,15,11,2022,10
"Sydney-Hobart","Sydney","Hobart","Qantas","Oct-22",32,32,0,25,26,7,6,2022,10
"Sydney-Melbourne","Sydney","Melbourne","Qantas","Oct-22",748,722,26,540,541,182,181,2022,10
"Sydney-Perth","Sydney","Perth","Qantas","Oct-22",175,175,0,85,68,90,107,2022,10
"Sydney-Sunshine Coast","Sydney","Sunshine Coast","Qantas","Oct-22",54,54,0,35,33,19,21,2022,10
"Townsville-Brisbane","Townsville","Brisbane","Qantas","Oct-22",106,106,0,91,78,15,28,2022,10
"Adelaide-Alice Springs","Adelaide","Alice Springs","QantasLink","Oct-22",43,43,0,40,33,3,10,2022,10
"Adelaide-Canberra","Adelaide","Canberra","QantasLink","Oct-22",70,70,0,59,56,11,14,2022,10
"Adelaide-Melbourne","Adelaide","Melbourne","QantasLink","Oct-22",12,10,2,6,6,4,4,2022,10
"Adelaide-Port Lincoln","Adelaide","Port Lincoln","QantasLink","Oct-22",125,116,9,99,102,17,14,2022,10
"Albury-Sydney","Albury","Sydney","QantasLink","Oct-22",84,84,0,57,55,27,29,2022,10
"Alice Springs-Adelaide","Alice Springs","Adelaide","QantasLink","Oct-22",44,44,0,32,33,12,11,2022,10
"Armidale-Sydney","Armidale","Sydney","QantasLink","Oct-22",87,84,3,64,71,20,13,2022,10
"Ballina-Sydney","Ballina","Sydney","QantasLink","Oct-22",76,75,1,45,41,30,34,2022,10
"Brisbane-Cairns","Brisbane","Cairns","QantasLink","Oct-22",21,21,0,13,14,8,7,2022,10
"Brisbane-Canberra","Brisbane","Canberra","QantasLink","Oct-22",146,140,6,96,97,44,43,2022,10
"Brisbane-Emerald","Brisbane","Emerald","QantasLink","Oct-22",117,117,0,102,97,15,20,2022,10
"Brisbane-Gladstone","Brisbane","Gladstone","QantasLink","Oct-22",106,104,2,73,69,31,35,2022,10
"Brisbane-Hobart","Brisbane","Hobart","QantasLink","Oct-22",14,14,0,11,13,3,1,2022,10
"Brisbane-Mackay","Brisbane","Mackay","QantasLink","Oct-22",9,9,0,8,8,1,1,2022,10
"Brisbane-Mount Isa","Brisbane","Mount Isa","QantasLink","Oct-22",20,20,0,14,15,6,5,2022,10
"Brisbane-Newcastle","Brisbane","Newcastle","QantasLink","Oct-22",130,124,6,84,83,40,41,2022,10
"Brisbane-Proserpine","Brisbane","Proserpine","QantasLink","Oct-22",22,22,0,18,17,4,5,2022,10
"Brisbane-Rockhampton","Brisbane","Rockhampton","QantasLink","Oct-22",112,110,2,95,97,15,13,2022,10
"Brisbane-Townsville","Brisbane","Townsville","QantasLink","Oct-22",21,21,0,18,16,3,5,2022,10
"Broome-Perth","Broome","Perth","QantasLink","Oct-22",80,79,1,52,56,27,23,2022,10
"Cairns-Brisbane","Cairns","Brisbane","QantasLink","Oct-22",21,21,0,11,7,10,14,2022,10
"Cairns-Townsville","Cairns","Townsville","QantasLink","Oct-22",132,129,3,115,115,14,14,2022,10
"Canberra-Adelaide","Canberra","Adelaide","QantasLink","Oct-22",70,69,1,51,49,18,20,2022,10
"Canberra-Brisbane","Canberra","Brisbane","QantasLink","Oct-22",146,139,7,101,102,38,37,2022,10
"Canberra-Gold Coast","Canberra","Gold Coast","QantasLink","Oct-22",3,3,0,1,1,2,2,2022,10
"Canberra-Melbourne","Canberra","Melbourne","QantasLink","Oct-22",206,200,6,161,158,39,42,2022,10
"Canberra-Sydney","Canberra","Sydney","QantasLink","Oct-22",366,354,12,280,282,74,72,2022,10
"Coffs Harbour-Sydney","Coffs Harbour","Sydney","QantasLink","Oct-22",109,107,2,78,76,29,31,2022,10
"Darwin-Perth","Darwin","Perth","QantasLink","Oct-22",19,19,0,7,9,12,10,2022,10
"Dubbo-Sydney","Dubbo","Sydney","QantasLink","Oct-22",106,103,3,79,84,24,19,2022,10
"Emerald-Brisbane","Emerald","Brisbane","QantasLink","Oct-22",117,117,0,93,93,24,24,2022,10
"Gladstone-Brisbane","Gladstone","Brisbane","QantasLink","Oct-22",105,103,2,86,77,17,26,2022,10
"Gold Coast-Canberra","Gold Coast","Canberra","QantasLink","Oct-22",3,3,0,1,1,2,2,2022,10
"Gold Coast-Melbourne","Gold Coast","Melbourne","QantasLink","Oct-22",34,33,1,15,19,18,14,2022,10
"Gold Coast-Sydney","Gold Coast","Sydney","QantasLink","Oct-22",44,42,2,25,26,17,16,2022,10
"Hobart-Brisbane","Hobart","Brisbane","QantasLink","Oct-22",14,14,0,9,9,5,5,2022,10
"Hobart-Melbourne","Hobart","Melbourne","QantasLink","Oct-22",90,88,2,49,47,39,41,2022,10
"Hobart-Sydney","Hobart","Sydney","QantasLink","Oct-22",51,47,4,32,21,15,26,2022,10
"Kalgoorlie-Perth","Kalgoorlie","Perth","QantasLink","Oct-22",48,48,0,31,37,17,11,2022,10
"Karratha-Perth","Karratha","Perth","QantasLink","Oct-22",115,114,1,69,86,45,28,2022,10
"Launceston-Melbourne","Launceston","Melbourne","QantasLink","Oct-22",71,66,5,45,40,21,26,2022,10
"Launceston-Sydney","Launceston","Sydney","QantasLink","Oct-22",16,16,0,6,7,10,9,2022,10
"Mackay-Brisbane","Mackay","Brisbane","QantasLink","Oct-22",13,13,0,12,12,1,1,2022,10
"Melbourne-Adelaide","Melbourne","Adelaide","QantasLink","Oct-22",12,11,1,6,7,5,4,2022,10
"Melbourne-Canberra","Melbourne","Canberra","QantasLink","Oct-22",205,200,5,154,149,46,51,2022,10
"Melbourne-Gold Coast","Melbourne","Gold Coast","QantasLink","Oct-22",34,33,1,24,24,9,9,2022,10
"Melbourne-Hobart","Melbourne","Hobart","QantasLink","Oct-22",90,89,1,45,51,44,38,2022,10
"Melbourne-Launceston","Melbourne","Launceston","QantasLink","Oct-22",73,68,5,42,43,26,25,2022,10
"Melbourne-Mildura","Melbourne","Mildura","QantasLink","Oct-22",111,109,2,69,61,40,48,2022,10
"Melbourne-Newcastle","Melbourne","Newcastle","QantasLink","Oct-22",52,51,1,37,30,14,21,2022,10
"Melbourne-Sunshine Coast","Melbourne","Sunshine Coast","QantasLink","Oct-22",33,33,0,19,19,14,14,2022,10
"Mildura-Melbourne","Mildura","Melbourne","QantasLink","Oct-22",112,109,3,67,65,42,44,2022,10
"Mount Isa-Brisbane","Mount Isa","Brisbane","QantasLink","Oct-22",20,19,1,15,15,4,4,2022,10
"Newcastle-Brisbane","Newcastle","Brisbane","QantasLink","Oct-22",131,125,6,92,90,33,35,2022,10
"Newcastle-Melbourne","Newcastle","Melbourne","QantasLink","Oct-22",52,50,2,28,28,22,22,2022,10
"Newman-Perth","Newman","Perth","QantasLink","Oct-22",95,92,3,71,68,21,24,2022,10
"Perth-Broome","Perth","Broome","QantasLink","Oct-22",80,79,1,63,69,16,10,2022,10
"Perth-Darwin","Perth","Darwin","QantasLink","Oct-22",19,19,0,14,14,5,5,2022,10
"Perth-Kalgoorlie","Perth","Kalgoorlie","QantasLink","Oct-22",47,47,0,38,38,9,9,2022,10
"Perth-Karratha","Perth","Karratha","QantasLink","Oct-22",115,114,1,83,88,31,26,2022,10
"Perth-Newman","Perth","Newman","QantasLink","Oct-22",95,92,3,74,74,18,18,2022,10
"Perth-Port Hedland","Perth","Port Hedland","QantasLink","Oct-22",81,79,2,61,58,18,21,2022,10
"Port Hedland-Perth","Port Hedland","Perth","QantasLink","Oct-22",82,80,2,46,53,34,27,2022,10
"Port Lincoln-Adelaide","Port Lincoln","Adelaide","QantasLink","Oct-22",125,116,9,104,104,12,12,2022,10
"Port Macquarie-Sydney","Port Macquarie","Sydney","QantasLink","Oct-22",101,97,4,80,78,17,19,2022,10
"Proserpine-Brisbane","Proserpine","Brisbane","QantasLink","Oct-22",22,22,0,15,13,7,9,2022,10
"Rockhampton-Brisbane","Rockhampton","Brisbane","QantasLink","Oct-22",112,107,5,75,66,32,41,2022,10
"Sunshine Coast-Melbourne","Sunshine Coast","Melbourne","QantasLink","Oct-22",33,32,1,11,14,21,18,2022,10
"Sunshine Coast-Sydney","Sunshine Coast","Sydney","QantasLink","Oct-22",4,4,0,3,3,1,1,2022,10
"Sydney-Albury","Sydney","Albury","QantasLink","Oct-22",84,84,0,62,64,22,20,2022,10
"Sydney-Armidale","Sydney","Armidale","QantasLink","Oct-22",87,87,0,67,69,20,18,2022,10
"Sydney-Ballina","Sydney","Ballina","QantasLink","Oct-22",75,74,1,53,45,21,29,2022,10
"Sydney-Canberra","Sydney","Canberra","QantasLink","Oct-22",369,355,14,274,271,81,84,2022,10
"Sydney-Coffs Harbour","Sydney","Coffs Harbour","QantasLink","Oct-22",109,109,0,66,78,43,31,2022,10
"Sydney-Dubbo","Sydney","Dubbo","QantasLink","Oct-22",106,103,3,77,70,26,33,2022,10
"Sydney-Gold Coast","Sydney","Gold Coast","QantasLink","Oct-22",44,42,2,29,29,13,13,2022,10
"Sydney-Hobart","Sydney","Hobart","QantasLink","Oct-22",51,49,2,31,33,18,16,2022,10
"Sydney-Launceston","Sydney","Launceston","QantasLink","Oct-22",16,16,0,11,10,5,6,2022,10
"Sydney-Port Macquarie","Sydney","Port Macquarie","QantasLink","Oct-22",102,99,3,66,73,33,26,2022,10
"Sydney-Sunshine Coast","Sydney","Sunshine Coast","QantasLink","Oct-22",5,5,0,3,4,2,1,2022,10
"Sydney-Wagga Wagga","Sydney","Wagga Wagga","QantasLink","Oct-22",70,70,0,56,52,14,18,2022,10
"Townsville-Brisbane","Townsville","Brisbane","QantasLink","Oct-22",21,21,0,15,9,6,12,2022,10
"Townsville-Cairns","Townsville","Cairns","QantasLink","Oct-22",132,130,2,104,107,26,23,2022,10
"Wagga Wagga-Sydney","Wagga Wagga","Sydney","QantasLink","Oct-22",70,70,0,56,53,14,17,2022,10
"Adelaide-Melbourne","Adelaide","Melbourne","Rex Airlines","Oct-22",57,57,0,44,46,13,11,2022,10
"Adelaide-Port Lincoln","Adelaide","Port Lincoln","Rex Airlines","Oct-22",175,175,0,131,121,44,54,2022,10
"Albury-Sydney","Albury","Sydney","Rex Airlines","Oct-22",121,119,2,83,83,36,36,2022,10
"Armidale-Sydney","Armidale","Sydney","Rex Airlines","Oct-22",77,70,7,39,36,31,34,2022,10
"Brisbane-Melbourne","Brisbane","Melbourne","Rex Airlines","Oct-22",57,57,0,41,43,16,14,2022,10
"Brisbane-Sydney","Brisbane","Sydney","Rex Airlines","Oct-22",103,102,1,68,66,34,36,2022,10
"Cairns-Townsville","Cairns","Townsville","Rex Airlines","Oct-22",18,18,0,16,16,2,2,2022,10
"Canberra-Melbourne","Canberra","Melbourne","Rex Airlines","Oct-22",31,31,0,23,17,8,14,2022,10
"Coffs Harbour-Sydney","Coffs Harbour","Sydney","Rex Airlines","Oct-22",121,120,1,66,63,54,57,2022,10
"Dubbo-Sydney","Dubbo","Sydney","Rex Airlines","Oct-22",120,119,1,83,79,36,40,2022,10
"Gold Coast-Melbourne","Gold Coast","Melbourne","Rex Airlines","Oct-22",35,35,0,22,21,13,14,2022,10
"Gold Coast-Sydney","Gold Coast","Sydney","Rex Airlines","Oct-22",32,32,0,17,20,15,12,2022,10
"Melbourne-Adelaide","Melbourne","Adelaide","Rex Airlines","Oct-22",57,57,0,37,35,20,22,2022,10
"Melbourne-Brisbane","Melbourne","Brisbane","Rex Airlines","Oct-22",56,56,0,44,43,12,13,2022,10
"Melbourne-Canberra","Melbourne","Canberra","Rex Airlines","Oct-22",31,31,0,23,22,8,9,2022,10
"Melbourne-Gold Coast","Melbourne","Gold Coast","Rex Airlines","Oct-22",35,35,0,25,24,10,11,2022,10
"Melbourne-Mildura","Melbourne","Mildura","Rex Airlines","Oct-22",109,108,1,67,64,41,44,2022,10
"Melbourne-Sydney","Melbourne","Sydney","Rex Airlines","Oct-22",153,150,3,118,121,32,29,2022,10
"Mildura-Melbourne","Mildura","Melbourne","Rex Airlines","Oct-22",109,108,1,68,66,40,42,2022,10
"Port Lincoln-Adelaide","Port Lincoln","Adelaide","Rex Airlines","Oct-22",175,175,0,119,110,56,65,2022,10
"Port Macquarie-Sydney","Port Macquarie","Sydney","Rex Airlines","Oct-22",98,95,3,61,39,34,56,2022,10
"Sydney-Albury","Sydney","Albury","Rex Airlines","Oct-22",122,120,2,66,69,54,51,2022,10
"Sydney-Armidale","Sydney","Armidale","Rex Airlines","Oct-22",73,70,3,40,43,30,27,2022,10
"Sydney-Brisbane","Sydney","Brisbane","Rex Airlines","Oct-22",103,103,0,68,68,35,35,2022,10
"Sydney-Coffs Harbour","Sydney","Coffs Harbour","Rex Airlines","Oct-22",122,121,1,70,74,51,47,2022,10
"Sydney-Dubbo","Sydney","Dubbo","Rex Airlines","Oct-22",126,125,1,72,70,53,55,2022,10
"Sydney-Gold Coast","Sydney","Gold Coast","Rex Airlines","Oct-22",32,32,0,26,26,6,6,2022,10
"Sydney-Melbourne","Sydney","Melbourne","Rex Airlines","Oct-22",152,149,3,106,93,43,56,2022,10
"Sydney-Port Macquarie","Sydney","Port Macquarie","Rex Airlines","Oct-22",100,96,4,62,58,34,38,2022,10
"Sydney-Wagga Wagga","Sydney","Wagga Wagga","Rex Airlines","Oct-22",125,120,5,76,76,44,44,2022,10
"Townsville-Cairns","Townsville","Cairns","Rex Airlines","Oct-22",18,18,0,15,15,3,3,2022,10
"Wagga Wagga-Sydney","Wagga Wagga","Sydney","Rex Airlines","Oct-22",127,122,5,82,77,40,45,2022,10
"Adelaide-Alice Springs","Adelaide","Alice Springs","Virgin Australia","Oct-22",13,13,0,11,11,2,2,2022,10
"Adelaide-Brisbane","Adelaide","Brisbane","Virgin Australia","Oct-22",135,129,6,95,106,34,23,2022,10
"Adelaide-Canberra","Adelaide","Canberra","Virgin Australia","Oct-22",17,17,0,6,7,11,10,2022,10
"Adelaide-Gold Coast","Adelaide","Gold Coast","Virgin Australia","Oct-22",38,38,0,31,30,7,8,2022,10
"Adelaide-Melbourne","Adelaide","Melbourne","Virgin Australia","Oct-22",263,259,4,146,161,113,98,2022,10
"Adelaide-Perth","Adelaide","Perth","Virgin Australia","Oct-22",22,22,0,14,12,8,10,2022,10
"Adelaide-Sydney","Adelaide","Sydney","Virgin Australia","Oct-22",139,131,8,46,44,85,87,2022,10
"Alice Springs-Adelaide","Alice Springs","Adelaide","Virgin Australia","Oct-22",13,13,0,9,9,4,4,2022,10
"Ballina-Sydney","Ballina","Sydney","Virgin Australia","Oct-22",46,45,1,31,29,14,16,2022,10
"Brisbane-Adelaide","Brisbane","Adelaide","Virgin Australia","Oct-22",136,130,6,84,102,46,28,2022,10
"Brisbane-Cairns","Brisbane","Cairns","Virgin Australia","Oct-22",135,134,1,86,108,48,26,2022,10
"Brisbane-Canberra","Brisbane","Canberra","Virgin Australia","Oct-22",88,86,2,55,66,31,20,2022,10
"Brisbane-Darwin","Brisbane","Darwin","Virgin Australia","Oct-22",40,40,0,18,29,22,11,2022,10
"Brisbane-Emerald","Brisbane","Emerald","Virgin Australia","Oct-22",26,26,0,19,19,7,7,2022,10
"Brisbane-Gladstone","Brisbane","Gladstone","Virgin Australia","Oct-22",52,50,2,33,30,17,20,2022,10
"Brisbane-Hamilton Island","Brisbane","Hamilton Island","Virgin Australia","Oct-22",40,38,2,23,27,15,11,2022,10
"Brisbane-Hobart","Brisbane","Hobart","Virgin Australia","Oct-22",53,52,1,35,37,17,15,2022,10
"Brisbane-Launceston","Brisbane","Launceston","Virgin Australia","Oct-22",27,27,0,20,20,7,7,2022,10
"Brisbane-Mackay","Brisbane","Mackay","Virgin Australia","Oct-22",127,126,1,87,95,39,31,2022,10
"Brisbane-Melbourne","Brisbane","Melbourne","Virgin Australia","Oct-22",352,342,10,163,166,179,176,2022,10
"Brisbane-Mount Isa","Brisbane","Mount Isa","Virgin Australia","Oct-22",13,13,0,11,10,2,3,2022,10
"Brisbane-Newcastle","Brisbane","Newcastle","Virgin Australia","Oct-22",82,82,0,60,55,22,27,2022,10
"Brisbane-Perth","Brisbane","Perth","Virgin Australia","Oct-22",105,100,5,57,67,43,33,2022,10
"Brisbane-Proserpine","Brisbane","Proserpine","Virgin Australia","Oct-22",41,41,0,32,34,9,7,2022,10
"Brisbane-Rockhampton","Brisbane","Rockhampton","Virgin Australia","Oct-22",130,130,0,99,76,31,54,2022,10
"Brisbane-Sydney","Brisbane","Sydney","Virgin Australia","Oct-22",446,416,30,231,226,185,190,2022,10
"Brisbane-Townsville","Brisbane","Townsville","Virgin Australia","Oct-22",131,126,5,74,91,52,35,2022,10
"Broome-Perth","Broome","Perth","Virgin Australia","Oct-22",14,13,1,9,11,4,2,2022,10
"Cairns-Brisbane","Cairns","Brisbane","Virgin Australia","Oct-22",135,134,1,110,115,24,19,2022,10
"Cairns-Gold Coast","Cairns","Gold Coast","Virgin Australia","Oct-22",4,4,0,3,2,1,2,2022,10
"Cairns-Melbourne","Cairns","Melbourne","Virgin Australia","Oct-22",85,83,2,57,57,26,26,2022,10
"Cairns-Sydney","Cairns","Sydney","Virgin Australia","Oct-22",84,82,2,69,67,13,15,2022,10
"Canberra-Adelaide","Canberra","Adelaide","Virgin Australia","Oct-22",17,17,0,8,6,9,11,2022,10
"Canberra-Brisbane","Canberra","Brisbane","Virgin Australia","Oct-22",88,88,0,66,65,22,23,2022,10
"Canberra-Gold Coast","Canberra","Gold Coast","Virgin Australia","Oct-22",31,31,0,25,24,6,7,2022,10
"Canberra-Melbourne","Canberra","Melbourne","Virgin Australia","Oct-22",114,113,1,73,71,40,42,2022,10
"Canberra-Sydney","Canberra","Sydney","Virgin Australia","Oct-22",248,244,4,189,191,55,53,2022,10
"Darwin-Brisbane","Darwin","Brisbane","Virgin Australia","Oct-22",40,40,0,21,22,19,18,2022,10
"Darwin-Melbourne","Darwin","Melbourne","Virgin Australia","Oct-22",32,32,0,14,17,18,15,2022,10
"Darwin-Perth","Darwin","Perth","Virgin Australia","Oct-22",7,7,0,5,6,2,1,2022,10
"Darwin-Sydney","Darwin","Sydney","Virgin Australia","Oct-22",30,30,0,16,17,14,13,2022,10
"Emerald-Brisbane","Emerald","Brisbane","Virgin Australia","Oct-22",26,26,0,21,21,5,5,2022,10
"Gladstone-Brisbane","Gladstone","Brisbane","Virgin Australia","Oct-22",52,50,2,30,18,20,32,2022,10
"Gold Coast-Adelaide","Gold Coast","Adelaide","Virgin Australia","Oct-22",38,38,0,23,21,15,17,2022,10
"Gold Coast-Cairns","Gold Coast","Cairns","Virgin Australia","Oct-22",4,4,0,3,3,1,1,2022,10
"Gold Coast-Canberra","Gold Coast","Canberra","Virgin Australia","Oct-22",31,31,0,21,20,10,11,2022,10
"Gold Coast-Melbourne","Gold Coast","Melbourne","Virgin Australia","Oct-22",279,266,13,149,179,117,87,2022,10
"Gold Coast-Sydney","Gold Coast","Sydney","Virgin Australia","Oct-22",316,304,12,174,179,130,125,2022,10
"Hamilton Island-Brisbane","Hamilton Island","Brisbane","Virgin Australia","Oct-22",40,38,2,24,24,14,14,2022,10
"Hamilton Island-Sydney","Hamilton Island","Sydney","Virgin Australia","Oct-22",31,30,1,19,18,11,12,2022,10
"Hobart-Brisbane","Hobart","Brisbane","Virgin Australia","Oct-22",53,52,1,32,31,20,21,2022,10
"Hobart-Melbourne","Hobart","Melbourne","Virgin Australia","Oct-22",138,135,3,78,68,57,67,2022,10
"Hobart-Sydney","Hobart","Sydney","Virgin Australia","Oct-22",63,61,2,39,33,22,28,2022,10
"Kalgoorlie-Perth","Kalgoorlie","Perth","Virgin Australia","Oct-22",29,29,0,19,18,10,11,2022,10
"Karratha-Perth","Karratha","Perth","Virgin Australia","Oct-22",26,26,0,21,22,5,4,2022,10
"Launceston-Brisbane","Launceston","Brisbane","Virgin Australia","Oct-22",27,27,0,16,17,11,10,2022,10
"Launceston-Melbourne","Launceston","Melbourne","Virgin Australia","Oct-22",124,120,4,82,70,38,50,2022,10
"Launceston-Sydney","Launceston","Sydney","Virgin Australia","Oct-22",31,30,1,13,12,17,18,2022,10
"Mackay-Brisbane","Mackay","Brisbane","Virgin Australia","Oct-22",127,126,1,91,96,35,30,2022,10
"Melbourne-Adelaide","Melbourne","Adelaide","Virgin Australia","Oct-22",261,259,2,170,167,89,92,2022,10
"Melbourne-Brisbane","Melbourne","Brisbane","Virgin Australia","Oct-22",351,338,13,208,205,130,133,2022,10
"Melbourne-Cairns","Melbourne","Cairns","Virgin Australia","Oct-22",85,83,2,60,66,23,17,2022,10
"Melbourne-Canberra","Melbourne","Canberra","Virgin Australia","Oct-22",114,114,0,71,75,43,39,2022,10
"Melbourne-Darwin","Melbourne","Darwin","Virgin Australia","Oct-22",31,31,0,15,16,16,15,2022,10
"Melbourne-Gold Coast","Melbourne","Gold Coast","Virgin Australia","Oct-22",278,265,13,164,167,101,98,2022,10
"Melbourne-Hobart","Melbourne","Hobart","Virgin Australia","Oct-22",138,135,3,75,76,60,59,2022,10
"Melbourne-Launceston","Melbourne","Launceston","Virgin Australia","Oct-22",124,121,3,68,62,53,59,2022,10
"Melbourne-Newcastle","Melbourne","Newcastle","Virgin Australia","Oct-22",32,31,1,23,22,8,9,2022,10
"Melbourne-Perth","Melbourne","Perth","Virgin Australia","Oct-22",154,145,9,78,105,67,40,2022,10
"Melbourne-Sunshine Coast","Melbourne","Sunshine Coast","Virgin Australia","Oct-22",105,99,6,67,70,32,29,2022,10
"Melbourne-Sydney","Melbourne","Sydney","Virgin Australia","Oct-22",732,687,45,422,412,265,275,2022,10
"Mount Isa-Brisbane","Mount Isa","Brisbane","Virgin Australia","Oct-22",13,13,0,10,8,3,5,2022,10
"Newcastle-Brisbane","Newcastle","Brisbane","Virgin Australia","Oct-22",82,81,1,63,61,18,20,2022,10
"Newcastle-Melbourne","Newcastle","Melbourne","Virgin Australia","Oct-22",32,31,1,17,14,14,17,2022,10
"Newman-Perth","Newman","Perth","Virgin Australia","Oct-22",21,21,0,19,20,2,1,2022,10
"Perth-Adelaide","Perth","Adelaide","Virgin Australia","Oct-22",22,22,0,15,16,7,6,2022,10
"Perth-Brisbane","Perth","Brisbane","Virgin Australia","Oct-22",105,100,5,60,77,40,23,2022,10
"Perth-Broome","Perth","Broome","Virgin Australia","Oct-22",14,13,1,9,12,4,1,2022,10
"Perth-Darwin","Perth","Darwin","Virgin Australia","Oct-22",7,7,0,6,6,1,1,2022,10
"Perth-Kalgoorlie","Perth","Kalgoorlie","Virgin Australia","Oct-22",29,29,0,25,24,4,5,2022,10
"Perth-Karratha","Perth","Karratha","Virgin Australia","Oct-22",26,26,0,23,22,3,4,2022,10
"Perth-Melbourne","Perth","Melbourne","Virgin Australia","Oct-22",153,142,11,96,110,46,32,2022,10
"Perth-Newman","Perth","Newman","Virgin Australia","Oct-22",21,21,0,21,21,0,0,2022,10
"Perth-Port Hedland","Perth","Port Hedland","Virgin Australia","Oct-22",10,10,0,8,7,2,3,2022,10
"Perth-Sydney","Perth","Sydney","Virgin Australia","Oct-22",152,146,6,103,126,43,20,2022,10
"Port Hedland-Perth","Port Hedland","Perth","Virgin Australia","Oct-22",11,11,0,4,9,7,2,2022,10
"Proserpine-Brisbane","Proserpine","Brisbane","Virgin Australia","Oct-22",41,41,0,29,28,12,13,2022,10
"Rockhampton-Brisbane","Rockhampton","Brisbane","Virgin Australia","Oct-22",130,130,0,99,86,31,44,2022,10
"Sunshine Coast-Melbourne","Sunshine Coast","Melbourne","Virgin Australia","Oct-22",105,99,6,60,59,39,40,2022,10
"Sunshine Coast-Sydney","Sunshine Coast","Sydney","Virgin Australia","Oct-22",92,85,7,48,32,37,53,2022,10
"Sydney-Adelaide","Sydney","Adelaide","Virgin Australia","Oct-22",139,132,7,73,69,59,63,2022,10
"Sydney-Ballina","Sydney","Ballina","Virgin Australia","Oct-22",46,45,1,32,31,13,14,2022,10
"Sydney-Brisbane","Sydney","Brisbane","Virgin Australia","Oct-22",445,414,31,287,286,127,128,2022,10
"Sydney-Cairns","Sydney","Cairns","Virgin Australia","Oct-22",83,82,1,50,72,32,10,2022,10
"Sydney-Canberra","Sydney","Canberra","Virgin Australia","Oct-22",248,243,5,178,191,65,52,2022,10
"Sydney-Darwin","Sydney","Darwin","Virgin Australia","Oct-22",31,31,0,21,21,10,10,2022,10
"Sydney-Gold Coast","Sydney","Gold Coast","Virgin Australia","Oct-22",318,306,12,182,169,124,137,2022,10
"Sydney-Hamilton Island","Sydney","Hamilton Island","Virgin Australia","Oct-22",31,31,0,20,22,11,9,2022,10
"Sydney-Hobart","Sydney","Hobart","Virgin Australia","Oct-22",63,61,2,47,47,14,14,2022,10
"Sydney-Launceston","Sydney","Launceston","Virgin Australia","Oct-22",31,30,1,13,18,17,12,2022,10
"Sydney-Melbourne","Sydney","Melbourne","Virgin Australia","Oct-22",731,685,46,347,372,338,313,2022,10
"Sydney-Perth","Sydney","Perth","Virgin Australia","Oct-22",154,146,8,64,75,82,71,2022,10
"Sydney-Sunshine Coast","Sydney","Sunshine Coast","Virgin Australia","Oct-22",92,85,7,54,53,31,32,2022,10
"Townsville-Brisbane","Townsville","Brisbane","Virgin Australia","Oct-22",131,126,5,88,91,38,35,2022,10
"Adelaide-Perth","Adelaide","Perth","Virgin Australia Regional Airlines","Oct-22",45,41,4,16,18,25,23,2022,10
"Broome-Perth","Broome","Perth","Virgin Australia Regional Airlines","Oct-22",43,39,4,26,31,13,8,2022,10
"Darwin-Perth","Darwin","Perth","Virgin Australia Regional Airlines","Oct-22",16,16,0,12,13,4,3,2022,10
"Kalgoorlie-Perth","Kalgoorlie","Perth","Virgin Australia Regional Airlines","Oct-22",35,35,0,23,24,12,11,2022,10
"Karratha-Perth","Karratha","Perth","Virgin Australia Regional Airlines","Oct-22",26,26,0,19,22,7,4,2022,10
"Newman-Perth","Newman","Perth","Virgin Australia Regional Airlines","Oct-22",34,32,2,25,26,7,6,2022,10
"Perth-Adelaide","Perth","Adelaide","Virgin Australia Regional Airlines","Oct-22",42,38,4,24,22,14,16,2022,10
"Perth-Broome","Perth","Broome","Virgin Australia Regional Airlines","Oct-22",43,39,4,29,32,10,7,2022,10
"Perth-Darwin","Perth","Darwin","Virgin Australia Regional Airlines","Oct-22",16,16,0,13,13,3,3,2022,10
"Perth-Kalgoorlie","Perth","Kalgoorlie","Virgin Australia Regional Airlines","Oct-22",36,36,0,28,27,8,9,2022,10
"Perth-Karratha","Perth","Karratha","Virgin Australia Regional Airlines","Oct-22",26,26,0,21,21,5,5,2022,10
"Perth-Newman","Perth","Newman","Virgin Australia Regional Airlines","Oct-22",34,32,2,27,27,5,5,2022,10
"Perth-Port Hedland","Perth","Port Hedland","Virgin Australia Regional Airlines","Oct-22",41,41,0,31,32,10,9,2022,10
"Port Hedland-Perth","Port Hedland","Perth","Virgin Australia Regional Airlines","Oct-22",41,41,0,29,30,12,11,2022,10
"Adelaide-Alice Springs","Adelaide","Alice Springs","All Airlines","Oct-22",56,56,0,51,44,5,12,2022,10
"Adelaide-Brisbane","Adelaide","Brisbane","All Airlines","Oct-22",255,247,8,188,202,59,45,2022,10
"Adelaide-Canberra","Adelaide","Canberra","All Airlines","Oct-22",87,87,0,65,63,22,24,2022,10
"Adelaide-Gold Coast","Adelaide","Gold Coast","All Airlines","Oct-22",68,68,0,58,55,10,13,2022,10
"Adelaide-Melbourne","Adelaide","Melbourne","All Airlines","Oct-22",651,640,11,426,464,214,176,2022,10
"Adelaide-Perth","Adelaide","Perth","All Airlines","Oct-22",185,181,4,116,120,65,61,2022,10
"Adelaide-Port Lincoln","Adelaide","Port Lincoln","All Airlines","Oct-22",300,291,9,230,223,61,68,2022,10
"Adelaide-Sydney","Adelaide","Sydney","All Airlines","Oct-22",453,444,9,252,259,192,185,2022,10
"Albury-Sydney","Albury","Sydney","All Airlines","Oct-22",205,203,2,140,138,63,65,2022,10
"Alice Springs-Adelaide","Alice Springs","Adelaide","All Airlines","Oct-22",57,57,0,41,42,16,15,2022,10
"Armidale-Sydney","Armidale","Sydney","All Airlines","Oct-22",164,154,10,103,107,51,47,2022,10
"Ballina-Sydney","Ballina","Sydney","All Airlines","Oct-22",196,193,3,107,105,86,88,2022,10
"Brisbane-Adelaide","Brisbane","Adelaide","All Airlines","Oct-22",256,247,9,177,199,70,48,2022,10
"Brisbane-Cairns","Brisbane","Cairns","All Airlines","Oct-22",358,354,4,249,281,105,73,2022,10
"Brisbane-Canberra","Brisbane","Canberra","All Airlines","Oct-22",265,257,8,173,187,84,70,2022,10
"Brisbane-Darwin","Brisbane","Darwin","All Airlines","Oct-22",102,101,1,67,80,34,21,2022,10
"Brisbane-Emerald","Brisbane","Emerald","All Airlines","Oct-22",143,143,0,121,116,22,27,2022,10
"Brisbane-Gladstone","Brisbane","Gladstone","All Airlines","Oct-22",158,154,4,106,99,48,55,2022,10
"Brisbane-Hamilton Island","Brisbane","Hamilton Island","All Airlines","Oct-22",66,64,2,48,53,16,11,2022,10
"Brisbane-Hobart","Brisbane","Hobart","All Airlines","Oct-22",89,88,1,62,67,26,21,2022,10
"Brisbane-Launceston","Brisbane","Launceston","All Airlines","Oct-22",49,49,0,35,37,14,12,2022,10
"Brisbane-Mackay","Brisbane","Mackay","All Airlines","Oct-22",269,267,2,192,207,75,60,2022,10
"Brisbane-Melbourne","Brisbane","Melbourne","All Airlines","Oct-22",881,863,18,518,562,345,301,2022,10
"Brisbane-Mount Isa","Brisbane","Mount Isa","All Airlines","Oct-22",65,65,0,56,56,9,9,2022,10
"Brisbane-Newcastle","Brisbane","Newcastle","All Airlines","Oct-22",269,261,8,191,186,70,75,2022,10
"Brisbane-Perth","Brisbane","Perth","All Airlines","Oct-22",275,268,7,175,166,93,102,2022,10
"Brisbane-Proserpine","Brisbane","Proserpine","All Airlines","Oct-22",97,97,0,75,78,22,19,2022,10
"Brisbane-Rockhampton","Brisbane","Rockhampton","All Airlines","Oct-22",242,240,2,194,173,46,67,2022,10
"Brisbane-Sydney","Brisbane","Sydney","All Airlines","Oct-22",1188,1136,52,786,778,350,358,2022,10
"Brisbane-Townsville","Brisbane","Townsville","All Airlines","Oct-22",314,309,5,226,243,83,66,2022,10
"Broome-Perth","Broome","Perth","All Airlines","Oct-22",148,142,6,92,105,50,37,2022,10
"Cairns-Brisbane","Cairns","Brisbane","All Airlines","Oct-22",359,355,4,280,269,75,86,2022,10
"Cairns-Gold Coast","Cairns","Gold Coast","All Airlines","Oct-22",35,35,0,23,22,12,13,2022,10
"Cairns-Melbourne","Cairns","Melbourne","All Airlines","Oct-22",240,236,4,153,160,83,76,2022,10
"Cairns-Sydney","Cairns","Sydney","All Airlines","Oct-22",256,249,7,191,185,58,64,2022,10
"Cairns-Townsville","Cairns","Townsville","All Airlines","Oct-22",150,147,3,131,131,16,16,2022,10
"Canberra-Adelaide","Canberra","Adelaide","All Airlines","Oct-22",87,86,1,59,55,27,31,2022,10
"Canberra-Brisbane","Canberra","Brisbane","All Airlines","Oct-22",265,258,7,188,190,70,68,2022,10
"Canberra-Gold Coast","Canberra","Gold Coast","All Airlines","Oct-22",52,52,0,32,29,20,23,2022,10
"Canberra-Melbourne","Canberra","Melbourne","All Airlines","Oct-22",390,381,9,282,274,99,107,2022,10
"Canberra-Sydney","Canberra","Sydney","All Airlines","Oct-22",614,598,16,469,473,129,125,2022,10
"Coffs Harbour-Sydney","Coffs Harbour","Sydney","All Airlines","Oct-22",230,227,3,144,139,83,88,2022,10
"Darwin-Brisbane","Darwin","Brisbane","All Airlines","Oct-22",103,102,1,64,57,38,45,2022,10
"Darwin-Melbourne","Darwin","Melbourne","All Airlines","Oct-22",85,85,0,43,50,42,35,2022,10
"Darwin-Perth","Darwin","Perth","All Airlines","Oct-22",54,54,0,34,37,20,17,2022,10
"Darwin-Sydney","Darwin","Sydney","All Airlines","Oct-22",109,107,2,53,55,54,52,2022,10
"Dubbo-Sydney","Dubbo","Sydney","All Airlines","Oct-22",226,222,4,162,163,60,59,2022,10
"Emerald-Brisbane","Emerald","Brisbane","All Airlines","Oct-22",143,143,0,114,114,29,29,2022,10
"Gladstone-Brisbane","Gladstone","Brisbane","All Airlines","Oct-22",157,153,4,116,95,37,58,2022,10
"Gold Coast-Adelaide","Gold Coast","Adelaide","All Airlines","Oct-22",68,68,0,47,45,21,23,2022,10
"Gold Coast-Cairns","Gold Coast","Cairns","All Airlines","Oct-22",35,34,1,27,26,7,8,2022,10
"Gold Coast-Canberra","Gold Coast","Canberra","All Airlines","Oct-22",52,52,0,30,31,22,21,2022,10
"Gold Coast-Melbourne","Gold Coast","Melbourne","All Airlines","Oct-22",590,563,27,317,364,246,199,2022,10
"Gold Coast-Sydney","Gold Coast","Sydney","All Airlines","Oct-22",700,667,33,413,422,254,245,2022,10
"Hamilton Island-Brisbane","Hamilton Island","Brisbane","All Airlines","Oct-22",66,64,2,46,45,18,19,2022,10
"Hamilton Island-Sydney","Hamilton Island","Sydney","All Airlines","Oct-22",91,90,1,53,48,37,42,2022,10
"Hobart-Brisbane","Hobart","Brisbane","All Airlines","Oct-22",88,87,1,55,53,32,34,2022,10
"Hobart-Melbourne","Hobart","Melbourne","All Airlines","Oct-22",350,344,6,214,199,130,145,2022,10
"Hobart-Sydney","Hobart","Sydney","All Airlines","Oct-22",218,211,7,141,117,70,94,2022,10
"Kalgoorlie-Perth","Kalgoorlie","Perth","All Airlines","Oct-22",130,129,1,82,89,47,40,2022,10
"Karratha-Perth","Karratha","Perth","All Airlines","Oct-22",191,189,2,128,152,61,37,2022,10
"Launceston-Brisbane","Launceston","Brisbane","All Airlines","Oct-22",49,49,0,29,28,20,21,2022,10
"Launceston-Melbourne","Launceston","Melbourne","All Airlines","Oct-22",270,260,10,168,156,92,104,2022,10
"Launceston-Sydney","Launceston","Sydney","All Airlines","Oct-22",86,84,2,33,33,51,51,2022,10
"Mackay-Brisbane","Mackay","Brisbane","All Airlines","Oct-22",273,272,1,192,191,80,81,2022,10
"Melbourne-Adelaide","Melbourne","Adelaide","All Airlines","Oct-22",647,640,7,450,451,190,189,2022,10
"Melbourne-Brisbane","Melbourne","Brisbane","All Airlines","Oct-22",881,858,23,569,577,289,281,2022,10
"Melbourne-Cairns","Melbourne","Cairns","All Airlines","Oct-22",240,237,3,156,177,81,60,2022,10
"Melbourne-Canberra","Melbourne","Canberra","All Airlines","Oct-22",389,382,7,272,272,110,110,2022,10
"Melbourne-Darwin","Melbourne","Darwin","All Airlines","Oct-22",85,85,0,55,52,30,33,2022,10
"Melbourne-Gold Coast","Melbourne","Gold Coast","All Airlines","Oct-22",585,557,28,360,364,197,193,2022,10
"Melbourne-Hobart","Melbourne","Hobart","All Airlines","Oct-22",350,345,5,203,216,142,129,2022,10
"Melbourne-Launceston","Melbourne","Launceston","All Airlines","Oct-22",271,262,9,154,150,108,112,2022,10
"Melbourne-Mildura","Melbourne","Mildura","All Airlines","Oct-22",220,217,3,136,125,81,92,2022,10
"Melbourne-Newcastle","Melbourne","Newcastle","All Airlines","Oct-22",129,127,2,89,79,38,48,2022,10
"Melbourne-Perth","Melbourne","Perth","All Airlines","Oct-22",402,391,11,217,253,174,138,2022,10
"Melbourne-Sunshine Coast","Melbourne","Sunshine Coast","All Airlines","Oct-22",216,210,6,138,139,72,71,2022,10
"Melbourne-Sydney","Melbourne","Sydney","All Airlines","Oct-22",1983,1867,116,1286,1269,581,598,2022,10
"Mildura-Melbourne","Mildura","Melbourne","All Airlines","Oct-22",221,217,4,135,131,82,86,2022,10
"Mount Isa-Brisbane","Mount Isa","Brisbane","All Airlines","Oct-22",65,64,1,54,53,10,11,2022,10
"Newcastle-Brisbane","Newcastle","Brisbane","All Airlines","Oct-22",268,260,8,201,197,59,63,2022,10
"Newcastle-Melbourne","Newcastle","Melbourne","All Airlines","Oct-22",129,123,6,68,69,55,54,2022,10
"Newman-Perth","Newman","Perth","All Airlines","Oct-22",168,163,5,130,129,33,34,2022,10
"Perth-Adelaide","Perth","Adelaide","All Airlines","Oct-22",184,179,5,104,115,75,64,2022,10
"Perth-Brisbane","Perth","Brisbane","All Airlines","Oct-22",274,267,7,161,194,106,73,2022,10
"Perth-Broome","Perth","Broome","All Airlines","Oct-22",148,142,6,111,124,31,18,2022,10
"Perth-Darwin","Perth","Darwin","All Airlines","Oct-22",54,54,0,44,44,10,10,2022,10
"Perth-Kalgoorlie","Perth","Kalgoorlie","All Airlines","Oct-22",130,130,0,103,104,27,26,2022,10
"Perth-Karratha","Perth","Karratha","All Airlines","Oct-22",191,189,2,150,154,39,35,2022,10
"Perth-Melbourne","Perth","Melbourne","All Airlines","Oct-22",402,386,16,239,265,147,121,2022,10
"Perth-Newman","Perth","Newman","All Airlines","Oct-22",168,163,5,137,138,26,25,2022,10
"Perth-Port Hedland","Perth","Port Hedland","All Airlines","Oct-22",174,171,3,135,134,36,37,2022,10
"Perth-Sydney","Perth","Sydney","All Airlines","Oct-22",368,360,8,211,265,149,95,2022,10
"Port Hedland-Perth","Port Hedland","Perth","All Airlines","Oct-22",176,173,3,106,126,67,47,2022,10
"Port Lincoln-Adelaide","Port Lincoln","Adelaide","All Airlines","Oct-22",300,291,9,223,214,68,77,2022,10
"Port Macquarie-Sydney","Port Macquarie","Sydney","All Airlines","Oct-22",199,192,7,141,117,51,75,2022,10
"Proserpine-Brisbane","Proserpine","Brisbane","All Airlines","Oct-22",98,98,0,67,69,31,29,2022,10
"Rockhampton-Brisbane","Rockhampton","Brisbane","All Airlines","Oct-22",242,237,5,174,152,63,85,2022,10
"Sunshine Coast-Melbourne","Sunshine Coast","Melbourne","All Airlines","Oct-22",216,209,7,105,108,104,101,2022,10
"Sunshine Coast-Sydney","Sunshine Coast","Sydney","All Airlines","Oct-22",242,232,10,115,98,117,134,2022,10
"Sydney-Adelaide","Sydney","Adelaide","All Airlines","Oct-22",454,447,7,296,273,151,174,2022,10
"Sydney-Albury","Sydney","Albury","All Airlines","Oct-22",206,204,2,128,133,76,71,2022,10
"Sydney-Armidale","Sydney","Armidale","All Airlines","Oct-22",160,157,3,107,112,50,45,2022,10
"Sydney-Ballina","Sydney","Ballina","All Airlines","Oct-22",195,192,3,125,115,67,77,2022,10
"Sydney-Brisbane","Sydney","Brisbane","All Airlines","Oct-22",1188,1135,53,770,791,365,344,2022,10
"Sydney-Cairns","Sydney","Cairns","All Airlines","Oct-22",253,249,4,160,192,89,57,2022,10
"Sydney-Canberra","Sydney","Canberra","All Airlines","Oct-22",617,598,19,452,462,146,136,2022,10
"Sydney-Coffs Harbour","Sydney","Coffs Harbour","All Airlines","Oct-22",231,230,1,136,152,94,78,2022,10
"Sydney-Darwin","Sydney","Darwin","All Airlines","Oct-22",109,109,0,71,70,38,39,2022,10
"Sydney-Dubbo","Sydney","Dubbo","All Airlines","Oct-22",232,228,4,149,140,79,88,2022,10
"Sydney-Gold Coast","Sydney","Gold Coast","All Airlines","Oct-22",702,670,32,437,423,233,247,2022,10
"Sydney-Hamilton Island","Sydney","Hamilton Island","All Airlines","Oct-22",90,90,0,51,61,39,29,2022,10
"Sydney-Hobart","Sydney","Hobart","All Airlines","Oct-22",218,213,5,154,161,59,52,2022,10
"Sydney-Launceston","Sydney","Launceston","All Airlines","Oct-22",86,85,1,47,54,38,31,2022,10
"Sydney-Melbourne","Sydney","Melbourne","All Airlines","Oct-22",1972,1862,110,1165,1201,697,661,2022,10
"Sydney-Perth","Sydney","Perth","All Airlines","Oct-22",370,362,8,168,162,194,200,2022,10
"Sydney-Port Macquarie","Sydney","Port Macquarie","All Airlines","Oct-22",202,195,7,128,131,67,64,2022,10
"Sydney-Sunshine Coast","Sydney","Sunshine Coast","All Airlines","Oct-22",241,232,9,143,143,89,89,2022,10
"Sydney-Wagga Wagga","Sydney","Wagga Wagga","All Airlines","Oct-22",195,190,5,132,128,58,62,2022,10
"Townsville-Brisbane","Townsville","Brisbane","All Airlines","Oct-22",312,307,5,225,209,82,98,2022,10
"Townsville-Cairns","Townsville","Cairns","All Airlines","Oct-22",150,148,2,119,122,29,26,2022,10
"Wagga Wagga-Sydney","Wagga Wagga","Sydney","All Airlines","Oct-22",197,192,5,138,130,54,62,2022,10
"Adelaide-Brisbane","Adelaide","Brisbane","Jetstar","Nov-22",30,28,2,19,16,9,12,2022,11
"Adelaide-Gold Coast","Adelaide","Gold Coast","Jetstar","Nov-22",30,30,0,25,26,5,4,2022,11
"Adelaide-Melbourne","Adelaide","Melbourne","Jetstar","Nov-22",93,84,9,49,51,35,33,2022,11
"Adelaide-Perth","Adelaide","Perth","Jetstar","Nov-22",26,26,0,19,21,7,5,2022,11
"Adelaide-Sydney","Adelaide","Sydney","Jetstar","Nov-22",92,89,3,64,59,25,30,2022,11
"Ballina-Sydney","Ballina","Sydney","Jetstar","Nov-22",73,72,1,47,42,25,30,2022,11
"Brisbane-Adelaide","Brisbane","Adelaide","Jetstar","Nov-22",30,29,1,12,8,17,21,2022,11
"Brisbane-Cairns","Brisbane","Cairns","Jetstar","Nov-22",82,80,2,51,53,29,27,2022,11
"Brisbane-Canberra","Brisbane","Canberra","Jetstar","Nov-22",25,25,0,24,24,1,1,2022,11
"Brisbane-Darwin","Brisbane","Darwin","Jetstar","Nov-22",17,16,1,14,10,2,6,2022,11
"Brisbane-Hobart","Brisbane","Hobart","Jetstar","Nov-22",25,25,0,15,19,10,6,2022,11
"Brisbane-Launceston","Brisbane","Launceston","Jetstar","Nov-22",25,24,1,14,14,10,10,2022,11
"Brisbane-Mackay","Brisbane","Mackay","Jetstar","Nov-22",25,25,0,18,18,7,7,2022,11
"Brisbane-Melbourne","Brisbane","Melbourne","Jetstar","Nov-22",119,107,12,72,65,35,42,2022,11
"Brisbane-Newcastle","Brisbane","Newcastle","Jetstar","Nov-22",56,56,0,46,46,10,10,2022,11
"Brisbane-Perth","Brisbane","Perth","Jetstar","Nov-22",22,22,0,7,10,15,12,2022,11
"Brisbane-Proserpine","Brisbane","Proserpine","Jetstar","Nov-22",30,30,0,20,17,10,13,2022,11
"Brisbane-Sydney","Brisbane","Sydney","Jetstar","Nov-22",162,141,21,85,89,56,52,2022,11
"Brisbane-Townsville","Brisbane","Townsville","Jetstar","Nov-22",44,42,2,24,23,18,19,2022,11
"Cairns-Brisbane","Cairns","Brisbane","Jetstar","Nov-22",81,79,2,55,54,24,25,2022,11
"Cairns-Melbourne","Cairns","Melbourne","Jetstar","Nov-22",81,77,4,52,52,25,25,2022,11
"Cairns-Sydney","Cairns","Sydney","Jetstar","Nov-22",77,73,4,56,52,17,21,2022,11
"Canberra-Brisbane","Canberra","Brisbane","Jetstar","Nov-22",25,25,0,21,21,4,4,2022,11
"Canberra-Gold Coast","Canberra","Gold Coast","Jetstar","Nov-22",17,17,0,8,7,9,10,2022,11
"Canberra-Melbourne","Canberra","Melbourne","Jetstar","Nov-22",30,29,1,15,17,14,12,2022,11
"Darwin-Brisbane","Darwin","Brisbane","Jetstar","Nov-22",17,16,1,8,11,8,5,2022,11
"Darwin-Melbourne","Darwin","Melbourne","Jetstar","Nov-22",22,22,0,10,12,12,10,2022,11
"Darwin-Sydney","Darwin","Sydney","Jetstar","Nov-22",22,19,3,9,10,10,9,2022,11
"Gold Coast-Adelaide","Gold Coast","Adelaide","Jetstar","Nov-22",30,30,0,24,22,6,8,2022,11
"Gold Coast-Canberra","Gold Coast","Canberra","Jetstar","Nov-22",17,17,0,6,8,11,9,2022,11
"Gold Coast-Melbourne","Gold Coast","Melbourne","Jetstar","Nov-22",194,178,16,122,102,56,76,2022,11
"Gold Coast-Sydney","Gold Coast","Sydney","Jetstar","Nov-22",251,221,30,136,125,85,96,2022,11
"Hamilton Island-Sydney","Hamilton Island","Sydney","Jetstar","Nov-22",21,20,1,5,6,15,14,2022,11
"Hobart-Brisbane","Hobart","Brisbane","Jetstar","Nov-22",25,25,0,10,14,15,11,2022,11
"Hobart-Melbourne","Hobart","Melbourne","Jetstar","Nov-22",134,115,19,55,57,60,58,2022,11
"Hobart-Sydney","Hobart","Sydney","Jetstar","Nov-22",82,76,6,45,45,31,31,2022,11
"Launceston-Brisbane","Launceston","Brisbane","Jetstar","Nov-22",25,24,1,13,17,11,7,2022,11
"Launceston-Melbourne","Launceston","Melbourne","Jetstar","Nov-22",78,73,5,31,35,42,38,2022,11
"Launceston-Sydney","Launceston","Sydney","Jetstar","Nov-22",30,30,0,19,19,11,11,2022,11
"Mackay-Brisbane","Mackay","Brisbane","Jetstar","Nov-22",25,25,0,13,18,12,7,2022,11
"Melbourne-Adelaide","Melbourne","Adelaide","Jetstar","Nov-22",93,85,8,54,54,31,31,2022,11
"Melbourne-Brisbane","Melbourne","Brisbane","Jetstar","Nov-22",119,107,12,53,57,54,50,2022,11
"Melbourne-Cairns","Melbourne","Cairns","Jetstar","Nov-22",82,78,4,41,44,37,34,2022,11
"Melbourne-Canberra","Melbourne","Canberra","Jetstar","Nov-22",30,29,1,16,18,13,11,2022,11
"Melbourne-Darwin","Melbourne","Darwin","Jetstar","Nov-22",21,21,0,14,14,7,7,2022,11
"Melbourne-Gold Coast","Melbourne","Gold Coast","Jetstar","Nov-22",195,179,16,88,100,91,79,2022,11
"Melbourne-Hobart","Melbourne","Hobart","Jetstar","Nov-22",135,116,19,60,61,56,55,2022,11
"Melbourne-Launceston","Melbourne","Launceston","Jetstar","Nov-22",77,73,4,39,39,34,34,2022,11
"Melbourne-Newcastle","Melbourne","Newcastle","Jetstar","Nov-22",56,54,2,35,35,19,19,2022,11
"Melbourne-Perth","Melbourne","Perth","Jetstar","Nov-22",59,51,8,33,33,18,18,2022,11
"Melbourne-Sunshine Coast","Melbourne","Sunshine Coast","Jetstar","Nov-22",71,68,3,50,47,18,21,2022,11
"Melbourne-Sydney","Melbourne","Sydney","Jetstar","Nov-22",364,300,64,164,173,136,127,2022,11
"Newcastle-Brisbane","Newcastle","Brisbane","Jetstar","Nov-22",57,56,1,47,44,9,12,2022,11
"Newcastle-Melbourne","Newcastle","Melbourne","Jetstar","Nov-22",58,55,3,31,35,24,20,2022,11
"Perth-Adelaide","Perth","Adelaide","Jetstar","Nov-22",26,26,0,14,16,12,10,2022,11
"Perth-Brisbane","Perth","Brisbane","Jetstar","Nov-22",23,22,1,7,7,15,15,2022,11
"Perth-Melbourne","Perth","Melbourne","Jetstar","Nov-22",60,52,8,16,21,36,31,2022,11
"Perth-Sydney","Perth","Sydney","Jetstar","Nov-22",47,44,3,8,27,36,17,2022,11
"Proserpine-Brisbane","Proserpine","Brisbane","Jetstar","Nov-22",31,31,0,18,18,13,13,2022,11
"Sunshine Coast-Melbourne","Sunshine Coast","Melbourne","Jetstar","Nov-22",71,68,3,47,45,21,23,2022,11
"Sunshine Coast-Sydney","Sunshine Coast","Sydney","Jetstar","Nov-22",87,86,1,52,40,34,46,2022,11
"Sydney-Adelaide","Sydney","Adelaide","Jetstar","Nov-22",92,89,3,55,50,34,39,2022,11
"Sydney-Ballina","Sydney","Ballina","Jetstar","Nov-22",73,72,1,53,53,19,19,2022,11
"Sydney-Brisbane","Sydney","Brisbane","Jetstar","Nov-22",160,141,19,87,94,54,47,2022,11
"Sydney-Cairns","Sydney","Cairns","Jetstar","Nov-22",77,73,4,52,54,21,19,2022,11
"Sydney-Darwin","Sydney","Darwin","Jetstar","Nov-22",22,19,3,11,9,8,10,2022,11
"Sydney-Gold Coast","Sydney","Gold Coast","Jetstar","Nov-22",251,221,30,129,132,92,89,2022,11
"Sydney-Hamilton Island","Sydney","Hamilton Island","Jetstar","Nov-22",21,21,0,13,11,8,10,2022,11
"Sydney-Hobart","Sydney","Hobart","Jetstar","Nov-22",81,76,5,52,56,24,20,2022,11
"Sydney-Launceston","Sydney","Launceston","Jetstar","Nov-22",30,30,0,19,15,11,15,2022,11
"Sydney-Melbourne","Sydney","Melbourne","Jetstar","Nov-22",362,301,61,189,197,112,104,2022,11
"Sydney-Perth","Sydney","Perth","Jetstar","Nov-22",47,44,3,19,29,25,15,2022,11
"Sydney-Sunshine Coast","Sydney","Sunshine Coast","Jetstar","Nov-22",88,87,1,70,58,17,29,2022,11
"Townsville-Brisbane","Townsville","Brisbane","Jetstar","Nov-22",46,43,3,26,27,17,16,2022,11
"Adelaide-Brisbane","Adelaide","Brisbane","Qantas","Nov-22",59,59,0,43,52,16,7,2022,11
"Adelaide-Melbourne","Adelaide","Melbourne","Qantas","Nov-22",231,229,2,135,129,94,100,2022,11
"Adelaide-Perth","Adelaide","Perth","Qantas","Nov-22",91,91,0,65,73,26,18,2022,11
"Adelaide-Sydney","Adelaide","Sydney","Qantas","Nov-22",218,214,4,117,130,97,84,2022,11
"Brisbane-Adelaide","Brisbane","Adelaide","Qantas","Nov-22",59,59,0,51,48,8,11,2022,11
"Brisbane-Cairns","Brisbane","Cairns","Qantas","Nov-22",124,124,0,109,113,15,11,2022,11
"Brisbane-Canberra","Brisbane","Canberra","Qantas","Nov-22",45,42,3,39,39,3,3,2022,11
"Brisbane-Darwin","Brisbane","Darwin","Qantas","Nov-22",18,18,0,10,9,8,9,2022,11
"Brisbane-Hamilton Island","Brisbane","Hamilton Island","Qantas","Nov-22",17,17,0,13,13,4,4,2022,11
"Brisbane-Mackay","Brisbane","Mackay","Qantas","Nov-22",108,107,1,81,84,26,23,2022,11
"Brisbane-Melbourne","Brisbane","Melbourne","Qantas","Nov-22",315,310,5,218,198,92,112,2022,11
"Brisbane-Mount Isa","Brisbane","Mount Isa","Qantas","Nov-22",48,48,0,45,45,3,3,2022,11
"Brisbane-Perth","Brisbane","Perth","Qantas","Nov-22",150,149,1,96,87,53,62,2022,11
"Brisbane-Sydney","Brisbane","Sydney","Qantas","Nov-22",481,455,26,342,333,113,122,2022,11
"Brisbane-Townsville","Brisbane","Townsville","Qantas","Nov-22",101,100,1,80,78,20,22,2022,11
"Cairns-Brisbane","Cairns","Brisbane","Qantas","Nov-22",124,124,0,113,113,11,11,2022,11
"Cairns-Melbourne","Cairns","Melbourne","Qantas","Nov-22",30,30,0,18,19,12,11,2022,11
"Cairns-Sydney","Cairns","Sydney","Qantas","Nov-22",55,55,0,34,35,21,20,2022,11
"Canberra-Brisbane","Canberra","Brisbane","Qantas","Nov-22",45,42,3,39,41,3,1,2022,11
"Darwin-Brisbane","Darwin","Brisbane","Qantas","Nov-22",17,17,0,10,13,7,4,2022,11
"Darwin-Melbourne","Darwin","Melbourne","Qantas","Nov-22",25,25,0,22,22,3,3,2022,11
"Darwin-Perth","Darwin","Perth","Qantas","Nov-22",15,15,0,12,11,3,4,2022,11
"Darwin-Sydney","Darwin","Sydney","Qantas","Nov-22",38,38,0,16,18,22,20,2022,11
"Gold Coast-Melbourne","Gold Coast","Melbourne","Qantas","Nov-22",85,85,0,60,57,25,28,2022,11
"Gold Coast-Sydney","Gold Coast","Sydney","Qantas","Nov-22",105,103,2,68,57,35,46,2022,11
"Hamilton Island-Brisbane","Hamilton Island","Brisbane","Qantas","Nov-22",16,16,0,11,11,5,5,2022,11
"Hamilton Island-Sydney","Hamilton Island","Sydney","Qantas","Nov-22",30,30,0,11,14,19,16,2022,11
"Hobart-Melbourne","Hobart","Melbourne","Qantas","Nov-22",51,51,0,24,27,27,24,2022,11
"Hobart-Sydney","Hobart","Sydney","Qantas","Nov-22",37,37,0,16,17,21,20,2022,11
"Kalgoorlie-Perth","Kalgoorlie","Perth","Qantas","Nov-22",21,20,1,9,11,11,9,2022,11
"Karratha-Perth","Karratha","Perth","Qantas","Nov-22",29,29,0,20,23,9,6,2022,11
"Mackay-Brisbane","Mackay","Brisbane","Qantas","Nov-22",108,107,1,85,87,22,20,2022,11
"Melbourne-Adelaide","Melbourne","Adelaide","Qantas","Nov-22",232,231,1,139,146,92,85,2022,11
"Melbourne-Brisbane","Melbourne","Brisbane","Qantas","Nov-22",317,312,5,187,209,125,103,2022,11
"Melbourne-Cairns","Melbourne","Cairns","Qantas","Nov-22",29,29,0,19,23,10,6,2022,11
"Melbourne-Darwin","Melbourne","Darwin","Qantas","Nov-22",25,25,0,12,12,13,13,2022,11
"Melbourne-Gold Coast","Melbourne","Gold Coast","Qantas","Nov-22",85,85,0,64,73,21,12,2022,11
"Melbourne-Hobart","Melbourne","Hobart","Qantas","Nov-22",51,51,0,33,35,18,16,2022,11
"Melbourne-Perth","Melbourne","Perth","Qantas","Nov-22",177,176,1,81,78,95,98,2022,11
"Melbourne-Sunshine Coast","Melbourne","Sunshine Coast","Qantas","Nov-22",20,20,0,16,18,4,2,2022,11
"Melbourne-Sydney","Melbourne","Sydney","Qantas","Nov-22",745,649,96,428,406,221,243,2022,11
"Mount Isa-Brisbane","Mount Isa","Brisbane","Qantas","Nov-22",48,47,1,42,45,5,2,2022,11
"Newman-Perth","Newman","Perth","Qantas","Nov-22",17,16,1,11,13,5,3,2022,11
"Perth-Adelaide","Perth","Adelaide","Qantas","Nov-22",90,90,0,65,71,25,19,2022,11
"Perth-Brisbane","Perth","Brisbane","Qantas","Nov-22",150,150,0,109,130,41,20,2022,11
"Perth-Darwin","Perth","Darwin","Qantas","Nov-22",15,15,0,13,13,2,2,2022,11
"Perth-Kalgoorlie","Perth","Kalgoorlie","Qantas","Nov-22",21,21,0,18,17,3,4,2022,11
"Perth-Karratha","Perth","Karratha","Qantas","Nov-22",29,29,0,25,26,4,3,2022,11
"Perth-Melbourne","Perth","Melbourne","Qantas","Nov-22",176,176,0,105,122,71,54,2022,11
"Perth-Newman","Perth","Newman","Qantas","Nov-22",17,17,0,16,16,1,1,2022,11
"Perth-Port Hedland","Perth","Port Hedland","Qantas","Nov-22",36,36,0,30,29,6,7,2022,11
"Perth-Sydney","Perth","Sydney","Qantas","Nov-22",188,188,0,103,127,85,61,2022,11
"Port Hedland-Perth","Port Hedland","Perth","Qantas","Nov-22",36,36,0,18,16,18,20,2022,11
"Sunshine Coast-Melbourne","Sunshine Coast","Melbourne","Qantas","Nov-22",20,20,0,12,12,8,8,2022,11
"Sunshine Coast-Sydney","Sunshine Coast","Sydney","Qantas","Nov-22",16,16,0,13,10,3,6,2022,11
"Sydney-Adelaide","Sydney","Adelaide","Qantas","Nov-22",217,214,3,131,129,83,85,2022,11
"Sydney-Brisbane","Sydney","Brisbane","Qantas","Nov-22",484,456,28,263,270,193,186,2022,11
"Sydney-Cairns","Sydney","Cairns","Qantas","Nov-22",55,55,0,37,32,18,23,2022,11
"Sydney-Darwin","Sydney","Darwin","Qantas","Nov-22",38,38,0,22,18,16,20,2022,11
"Sydney-Gold Coast","Sydney","Gold Coast","Qantas","Nov-22",106,104,2,59,62,45,42,2022,11
"Sydney-Hamilton Island","Sydney","Hamilton Island","Qantas","Nov-22",30,30,0,17,16,13,14,2022,11
"Sydney-Hobart","Sydney","Hobart","Qantas","Nov-22",37,37,0,24,21,13,16,2022,11
"Sydney-Melbourne","Sydney","Melbourne","Qantas","Nov-22",747,654,93,428,438,226,216,2022,11
"Sydney-Perth","Sydney","Perth","Qantas","Nov-22",189,189,0,87,73,102,116,2022,11
"Sydney-Sunshine Coast","Sydney","Sunshine Coast","Qantas","Nov-22",16,16,0,13,14,3,2,2022,11
"Townsville-Brisbane","Townsville","Brisbane","Qantas","Nov-22",101,100,1,88,89,12,11,2022,11
"Adelaide-Alice Springs","Adelaide","Alice Springs","QantasLink","Nov-22",42,42,0,40,34,2,8,2022,11
"Adelaide-Brisbane","Adelaide","Brisbane","QantasLink","Nov-22",65,64,1,31,38,33,26,2022,11
"Adelaide-Canberra","Adelaide","Canberra","QantasLink","Nov-22",75,74,1,58,55,16,19,2022,11
"Adelaide-Melbourne","Adelaide","Melbourne","QantasLink","Nov-22",13,12,1,11,7,1,5,2022,11
"Adelaide-Port Lincoln","Adelaide","Port Lincoln","QantasLink","Nov-22",121,118,3,86,93,32,25,2022,11
"Albury-Sydney","Albury","Sydney","QantasLink","Nov-22",96,94,2,76,79,18,15,2022,11
"Alice Springs-Adelaide","Alice Springs","Adelaide","QantasLink","Nov-22",42,42,0,23,27,19,15,2022,11
"Armidale-Sydney","Armidale","Sydney","QantasLink","Nov-22",90,85,5,73,70,12,15,2022,11
"Ballina-Sydney","Ballina","Sydney","QantasLink","Nov-22",88,87,1,58,56,29,31,2022,11
"Brisbane-Adelaide","Brisbane","Adelaide","QantasLink","Nov-22",65,64,1,44,28,20,36,2022,11
"Brisbane-Cairns","Brisbane","Cairns","QantasLink","Nov-22",18,18,0,12,15,6,3,2022,11
"Brisbane-Canberra","Brisbane","Canberra","QantasLink","Nov-22",109,108,1,84,68,24,40,2022,11
"Brisbane-Darwin","Brisbane","Darwin","QantasLink","Nov-22",29,29,0,10,8,19,21,2022,11
"Brisbane-Emerald","Brisbane","Emerald","QantasLink","Nov-22",109,109,0,94,93,15,16,2022,11
"Brisbane-Gladstone","Brisbane","Gladstone","QantasLink","Nov-22",112,110,2,82,80,28,30,2022,11
"Brisbane-Hobart","Brisbane","Hobart","QantasLink","Nov-22",20,20,0,17,14,3,6,2022,11
"Brisbane-Mackay","Brisbane","Mackay","QantasLink","Nov-22",8,8,0,6,8,2,0,2022,11
"Brisbane-Mount Isa","Brisbane","Mount Isa","QantasLink","Nov-22",4,4,0,4,4,0,0,2022,11
"Brisbane-Newcastle","Brisbane","Newcastle","QantasLink","Nov-22",138,132,6,116,117,16,15,2022,11
"Brisbane-Proserpine","Brisbane","Proserpine","QantasLink","Nov-22",20,20,0,18,19,2,1,2022,11
"Brisbane-Rockhampton","Brisbane","Rockhampton","QantasLink","Nov-22",155,153,2,123,122,30,31,2022,11
"Brisbane-Townsville","Brisbane","Townsville","QantasLink","Nov-22",31,30,1,21,16,9,14,2022,11
"Broome-Perth","Broome","Perth","QantasLink","Nov-22",73,71,2,46,47,25,24,2022,11
"Cairns-Brisbane","Cairns","Brisbane","QantasLink","Nov-22",18,18,0,9,10,9,8,2022,11
"Cairns-Townsville","Cairns","Townsville","QantasLink","Nov-22",138,135,3,117,119,18,16,2022,11
"Canberra-Adelaide","Canberra","Adelaide","QantasLink","Nov-22",74,73,1,49,43,24,30,2022,11
"Canberra-Brisbane","Canberra","Brisbane","QantasLink","Nov-22",109,107,2,85,84,22,23,2022,11
"Canberra-Melbourne","Canberra","Melbourne","QantasLink","Nov-22",234,225,9,175,173,50,52,2022,11
"Canberra-Sydney","Canberra","Sydney","QantasLink","Nov-22",414,372,42,262,265,110,107,2022,11
"Coffs Harbour-Sydney","Coffs Harbour","Sydney","QantasLink","Nov-22",106,102,4,79,72,23,30,2022,11
"Darwin-Brisbane","Darwin","Brisbane","QantasLink","Nov-22",30,30,0,24,28,6,2,2022,11
"Darwin-Perth","Darwin","Perth","QantasLink","Nov-22",14,14,0,5,5,9,9,2022,11
"Dubbo-Sydney","Dubbo","Sydney","QantasLink","Nov-22",105,98,7,74,83,24,15,2022,11
"Emerald-Brisbane","Emerald","Brisbane","QantasLink","Nov-22",109,109,0,82,90,27,19,2022,11
"Gladstone-Brisbane","Gladstone","Brisbane","QantasLink","Nov-22",111,109,2,79,79,30,30,2022,11
"Gold Coast-Melbourne","Gold Coast","Melbourne","QantasLink","Nov-22",1,1,0,0,0,1,1,2022,11
"Gold Coast-Sydney","Gold Coast","Sydney","QantasLink","Nov-22",15,12,3,8,6,4,6,2022,11
"Hobart-Brisbane","Hobart","Brisbane","QantasLink","Nov-22",19,19,0,11,14,8,5,2022,11
"Hobart-Melbourne","Hobart","Melbourne","QantasLink","Nov-22",97,87,10,59,60,28,27,2022,11
"Hobart-Sydney","Hobart","Sydney","QantasLink","Nov-22",48,46,2,24,25,22,21,2022,11
"Kalgoorlie-Perth","Kalgoorlie","Perth","QantasLink","Nov-22",49,46,3,27,29,19,17,2022,11
"Karratha-Perth","Karratha","Perth","QantasLink","Nov-22",113,112,1,63,71,49,41,2022,11
"Launceston-Melbourne","Launceston","Melbourne","QantasLink","Nov-22",118,109,9,75,73,34,36,2022,11
"Launceston-Sydney","Launceston","Sydney","QantasLink","Nov-22",30,29,1,17,18,12,11,2022,11
"Mackay-Brisbane","Mackay","Brisbane","QantasLink","Nov-22",13,13,0,12,12,1,1,2022,11
"Melbourne-Adelaide","Melbourne","Adelaide","QantasLink","Nov-22",13,11,2,6,3,5,8,2022,11
"Melbourne-Canberra","Melbourne","Canberra","QantasLink","Nov-22",234,224,10,172,171,52,53,2022,11
"Melbourne-Gold Coast","Melbourne","Gold Coast","QantasLink","Nov-22",1,1,0,0,0,1,1,2022,11
"Melbourne-Hobart","Melbourne","Hobart","QantasLink","Nov-22",98,90,8,62,61,28,29,2022,11
"Melbourne-Launceston","Melbourne","Launceston","QantasLink","Nov-22",119,111,8,85,81,26,30,2022,11
"Melbourne-Mildura","Melbourne","Mildura","QantasLink","Nov-22",99,95,4,53,54,42,41,2022,11
"Melbourne-Newcastle","Melbourne","Newcastle","QantasLink","Nov-22",52,51,1,42,42,9,9,2022,11
"Melbourne-Sunshine Coast","Melbourne","Sunshine Coast","QantasLink","Nov-22",18,14,4,11,13,3,1,2022,11
"Mildura-Melbourne","Mildura","Melbourne","QantasLink","Nov-22",98,95,3,49,38,46,57,2022,11
"Mount Isa-Brisbane","Mount Isa","Brisbane","QantasLink","Nov-22",4,4,0,4,3,0,1,2022,11
"Newcastle-Brisbane","Newcastle","Brisbane","QantasLink","Nov-22",138,132,6,123,122,9,10,2022,11
"Newcastle-Melbourne","Newcastle","Melbourne","QantasLink","Nov-22",52,52,0,46,39,6,13,2022,11
"Newman-Perth","Newman","Perth","QantasLink","Nov-22",94,91,3,62,60,29,31,2022,11
"Perth-Broome","Perth","Broome","QantasLink","Nov-22",73,72,1,47,55,25,17,2022,11
"Perth-Darwin","Perth","Darwin","QantasLink","Nov-22",14,14,0,6,8,8,6,2022,11
"Perth-Kalgoorlie","Perth","Kalgoorlie","QantasLink","Nov-22",48,47,1,31,31,16,16,2022,11
"Perth-Karratha","Perth","Karratha","QantasLink","Nov-22",113,112,1,77,75,35,37,2022,11
"Perth-Newman","Perth","Newman","QantasLink","Nov-22",94,91,3,71,67,20,24,2022,11
"Perth-Port Hedland","Perth","Port Hedland","QantasLink","Nov-22",87,85,2,63,61,22,24,2022,11
"Port Hedland-Perth","Port Hedland","Perth","QantasLink","Nov-22",87,85,2,43,46,42,39,2022,11
"Port Lincoln-Adelaide","Port Lincoln","Adelaide","QantasLink","Nov-22",121,118,3,95,92,23,26,2022,11
"Port Macquarie-Sydney","Port Macquarie","Sydney","QantasLink","Nov-22",109,103,6,73,73,30,30,2022,11
"Proserpine-Brisbane","Proserpine","Brisbane","QantasLink","Nov-22",20,20,0,15,17,5,3,2022,11
"Rockhampton-Brisbane","Rockhampton","Brisbane","QantasLink","Nov-22",155,151,4,115,122,36,29,2022,11
"Sunshine Coast-Melbourne","Sunshine Coast","Melbourne","QantasLink","Nov-22",18,14,4,9,8,5,6,2022,11
"Sunshine Coast-Sydney","Sunshine Coast","Sydney","QantasLink","Nov-22",70,69,1,48,43,21,26,2022,11
"Sydney-Albury","Sydney","Albury","QantasLink","Nov-22",96,94,2,74,73,20,21,2022,11
"Sydney-Armidale","Sydney","Armidale","QantasLink","Nov-22",89,85,4,69,71,16,14,2022,11
"Sydney-Ballina","Sydney","Ballina","QantasLink","Nov-22",88,87,1,56,58,31,29,2022,11
"Sydney-Canberra","Sydney","Canberra","QantasLink","Nov-22",414,374,40,270,278,104,96,2022,11
"Sydney-Coffs Harbour","Sydney","Coffs Harbour","QantasLink","Nov-22",108,102,6,73,76,29,26,2022,11
"Sydney-Dubbo","Sydney","Dubbo","QantasLink","Nov-22",105,99,6,57,68,42,31,2022,11
"Sydney-Gold Coast","Sydney","Gold Coast","QantasLink","Nov-22",14,12,2,10,9,2,3,2022,11
"Sydney-Hobart","Sydney","Hobart","QantasLink","Nov-22",48,46,2,25,25,21,21,2022,11
"Sydney-Launceston","Sydney","Launceston","QantasLink","Nov-22",30,29,1,18,17,11,12,2022,11
"Sydney-Port Macquarie","Sydney","Port Macquarie","QantasLink","Nov-22",107,104,3,71,74,33,30,2022,11
"Sydney-Sunshine Coast","Sydney","Sunshine Coast","QantasLink","Nov-22",70,69,1,40,37,29,32,2022,11
"Sydney-Wagga Wagga","Sydney","Wagga Wagga","QantasLink","Nov-22",92,89,3,51,59,38,30,2022,11
"Townsville-Brisbane","Townsville","Brisbane","QantasLink","Nov-22",31,30,1,15,16,15,14,2022,11
"Townsville-Cairns","Townsville","Cairns","QantasLink","Nov-22",138,136,2,112,120,24,16,2022,11
"Wagga Wagga-Sydney","Wagga Wagga","Sydney","QantasLink","Nov-22",92,89,3,68,75,21,14,2022,11
"Adelaide-Melbourne","Adelaide","Melbourne","Rex Airlines","Nov-22",56,55,1,41,38,14,17,2022,11
"Adelaide-Port Lincoln","Adelaide","Port Lincoln","Rex Airlines","Nov-22",159,143,16,77,71,66,72,2022,11
"Albury-Sydney","Albury","Sydney","Rex Airlines","Nov-22",127,122,5,89,86,33,36,2022,11
"Armidale-Sydney","Armidale","Sydney","Rex Airlines","Nov-22",73,72,1,44,40,28,32,2022,11
"Brisbane-Melbourne","Brisbane","Melbourne","Rex Airlines","Nov-22",55,54,1,34,36,20,18,2022,11
"Brisbane-Sydney","Brisbane","Sydney","Rex Airlines","Nov-22",141,134,7,80,79,54,55,2022,11
"Cairns-Townsville","Cairns","Townsville","Rex Airlines","Nov-22",11,11,0,9,9,2,2,2022,11
"Canberra-Melbourne","Canberra","Melbourne","Rex Airlines","Nov-22",30,29,1,19,21,10,8,2022,11
"Coffs Harbour-Sydney","Coffs Harbour","Sydney","Rex Airlines","Nov-22",128,128,0,96,88,32,40,2022,11
"Dubbo-Sydney","Dubbo","Sydney","Rex Airlines","Nov-22",124,124,0,83,79,41,45,2022,11
"Gold Coast-Melbourne","Gold Coast","Melbourne","Rex Airlines","Nov-22",32,32,0,24,21,8,11,2022,11
"Gold Coast-Sydney","Gold Coast","Sydney","Rex Airlines","Nov-22",31,29,2,20,19,9,10,2022,11
"Melbourne-Adelaide","Melbourne","Adelaide","Rex Airlines","Nov-22",56,55,1,34,35,21,20,2022,11
"Melbourne-Brisbane","Melbourne","Brisbane","Rex Airlines","Nov-22",55,55,0,38,36,17,19,2022,11
"Melbourne-Canberra","Melbourne","Canberra","Rex Airlines","Nov-22",30,29,1,23,24,6,5,2022,11
"Melbourne-Gold Coast","Melbourne","Gold Coast","Rex Airlines","Nov-22",32,32,0,25,26,7,6,2022,11
"Melbourne-Mildura","Melbourne","Mildura","Rex Airlines","Nov-22",108,107,1,55,54,52,53,2022,11
"Melbourne-Sydney","Melbourne","Sydney","Rex Airlines","Nov-22",196,184,12,135,132,49,52,2022,11
"Mildura-Melbourne","Mildura","Melbourne","Rex Airlines","Nov-22",108,107,1,64,61,43,46,2022,11
"Port Lincoln-Adelaide","Port Lincoln","Adelaide","Rex Airlines","Nov-22",160,143,17,74,74,69,69,2022,11
"Port Macquarie-Sydney","Port Macquarie","Sydney","Rex Airlines","Nov-22",108,102,6,73,66,29,36,2022,11
"Sydney-Albury","Sydney","Albury","Rex Airlines","Nov-22",125,121,4,73,73,48,48,2022,11
"Sydney-Armidale","Sydney","Armidale","Rex Airlines","Nov-22",75,75,0,52,53,23,22,2022,11
"Sydney-Brisbane","Sydney","Brisbane","Rex Airlines","Nov-22",141,133,8,92,87,41,46,2022,11
"Sydney-Coffs Harbour","Sydney","Coffs Harbour","Rex Airlines","Nov-22",128,128,0,91,97,37,31,2022,11
"Sydney-Dubbo","Sydney","Dubbo","Rex Airlines","Nov-22",132,132,0,69,73,63,59,2022,11
"Sydney-Gold Coast","Sydney","Gold Coast","Rex Airlines","Nov-22",31,29,2,20,21,9,8,2022,11
"Sydney-Melbourne","Sydney","Melbourne","Rex Airlines","Nov-22",196,184,12,126,118,58,66,2022,11
"Sydney-Port Macquarie","Sydney","Port Macquarie","Rex Airlines","Nov-22",106,102,4,63,66,39,36,2022,11
"Sydney-Wagga Wagga","Sydney","Wagga Wagga","Rex Airlines","Nov-22",133,131,2,83,78,48,53,2022,11
"Townsville-Cairns","Townsville","Cairns","Rex Airlines","Nov-22",11,11,0,10,9,1,2,2022,11
"Wagga Wagga-Sydney","Wagga Wagga","Sydney","Rex Airlines","Nov-22",130,128,2,91,85,37,43,2022,11
"Adelaide-Alice Springs","Adelaide","Alice Springs","Virgin Australia","Nov-22",13,13,0,11,10,2,3,2022,11
"Adelaide-Brisbane","Adelaide","Brisbane","Virgin Australia","Nov-22",138,128,10,74,91,54,37,2022,11
"Adelaide-Canberra","Adelaide","Canberra","Virgin Australia","Nov-22",26,24,2,12,15,12,9,2022,11
"Adelaide-Gold Coast","Adelaide","Gold Coast","Virgin Australia","Nov-22",44,40,4,24,24,16,16,2022,11
"Adelaide-Melbourne","Adelaide","Melbourne","Virgin Australia","Nov-22",261,250,11,126,131,124,119,2022,11
"Adelaide-Perth","Adelaide","Perth","Virgin Australia","Nov-22",27,25,2,10,13,15,12,2022,11
"Adelaide-Sydney","Adelaide","Sydney","Virgin Australia","Nov-22",142,133,9,71,81,62,52,2022,11
"Alice Springs-Adelaide","Alice Springs","Adelaide","Virgin Australia","Nov-22",13,13,0,10,9,3,4,2022,11
"Ballina-Sydney","Ballina","Sydney","Virgin Australia","Nov-22",49,49,0,30,30,19,19,2022,11
"Brisbane-Adelaide","Brisbane","Adelaide","Virgin Australia","Nov-22",138,133,5,84,81,49,52,2022,11
"Brisbane-Cairns","Brisbane","Cairns","Virgin Australia","Nov-22",128,127,1,83,75,44,52,2022,11
"Brisbane-Canberra","Brisbane","Canberra","Virgin Australia","Nov-22",95,93,2,63,65,30,28,2022,11
"Brisbane-Darwin","Brisbane","Darwin","Virgin Australia","Nov-22",38,38,0,23,17,15,21,2022,11
"Brisbane-Emerald","Brisbane","Emerald","Virgin Australia","Nov-22",26,26,0,19,21,7,5,2022,11
"Brisbane-Gladstone","Brisbane","Gladstone","Virgin Australia","Nov-22",52,51,1,40,38,11,13,2022,11
"Brisbane-Hamilton Island","Brisbane","Hamilton Island","Virgin Australia","Nov-22",38,37,1,34,31,3,6,2022,11
"Brisbane-Hobart","Brisbane","Hobart","Virgin Australia","Nov-22",46,46,0,31,29,15,17,2022,11
"Brisbane-Launceston","Brisbane","Launceston","Virgin Australia","Nov-22",20,20,0,19,19,1,1,2022,11
"Brisbane-Mackay","Brisbane","Mackay","Virgin Australia","Nov-22",138,133,5,89,79,44,54,2022,11
"Brisbane-Melbourne","Brisbane","Melbourne","Virgin Australia","Nov-22",373,359,14,179,151,180,208,2022,11
"Brisbane-Mount Isa","Brisbane","Mount Isa","Virgin Australia","Nov-22",13,13,0,9,5,4,8,2022,11
"Brisbane-Newcastle","Brisbane","Newcastle","Virgin Australia","Nov-22",82,81,1,52,44,29,37,2022,11
"Brisbane-Perth","Brisbane","Perth","Virgin Australia","Nov-22",116,112,4,59,36,53,76,2022,11
"Brisbane-Proserpine","Brisbane","Proserpine","Virgin Australia","Nov-22",38,38,0,25,22,13,16,2022,11
"Brisbane-Rockhampton","Brisbane","Rockhampton","Virgin Australia","Nov-22",138,137,1,91,70,46,67,2022,11
"Brisbane-Sydney","Brisbane","Sydney","Virgin Australia","Nov-22",452,411,41,252,238,159,173,2022,11
"Brisbane-Townsville","Brisbane","Townsville","Virgin Australia","Nov-22",137,129,8,77,63,52,66,2022,11
"Broome-Perth","Broome","Perth","Virgin Australia","Nov-22",14,13,1,6,6,7,7,2022,11
"Cairns-Brisbane","Cairns","Brisbane","Virgin Australia","Nov-22",128,128,0,74,95,54,33,2022,11
"Cairns-Melbourne","Cairns","Melbourne","Virgin Australia","Nov-22",49,49,0,23,18,26,31,2022,11
"Cairns-Sydney","Cairns","Sydney","Virgin Australia","Nov-22",65,64,1,47,53,17,11,2022,11
"Canberra-Adelaide","Canberra","Adelaide","Virgin Australia","Nov-22",26,24,2,16,15,8,9,2022,11
"Canberra-Brisbane","Canberra","Brisbane","Virgin Australia","Nov-22",95,92,3,67,73,25,19,2022,11
"Canberra-Gold Coast","Canberra","Gold Coast","Virgin Australia","Nov-22",30,30,0,24,26,6,4,2022,11
"Canberra-Melbourne","Canberra","Melbourne","Virgin Australia","Nov-22",116,116,0,68,71,48,45,2022,11
"Canberra-Sydney","Canberra","Sydney","Virgin Australia","Nov-22",252,231,21,181,185,50,46,2022,11
"Darwin-Brisbane","Darwin","Brisbane","Virgin Australia","Nov-22",39,38,1,12,23,26,15,2022,11
"Darwin-Melbourne","Darwin","Melbourne","Virgin Australia","Nov-22",30,30,0,16,19,14,11,2022,11
"Darwin-Perth","Darwin","Perth","Virgin Australia","Nov-22",3,3,0,1,1,2,2,2022,11
"Darwin-Sydney","Darwin","Sydney","Virgin Australia","Nov-22",30,29,1,14,22,15,7,2022,11
"Emerald-Brisbane","Emerald","Brisbane","Virgin Australia","Nov-22",26,26,0,24,24,2,2,2022,11
"Gladstone-Brisbane","Gladstone","Brisbane","Virgin Australia","Nov-22",52,51,1,35,23,16,28,2022,11
"Gold Coast-Adelaide","Gold Coast","Adelaide","Virgin Australia","Nov-22",44,40,4,17,16,23,24,2022,11
"Gold Coast-Canberra","Gold Coast","Canberra","Virgin Australia","Nov-22",30,30,0,21,20,9,10,2022,11
"Gold Coast-Melbourne","Gold Coast","Melbourne","Virgin Australia","Nov-22",275,262,13,155,156,107,106,2022,11
"Gold Coast-Sydney","Gold Coast","Sydney","Virgin Australia","Nov-22",313,295,18,170,168,125,127,2022,11
"Hamilton Island-Brisbane","Hamilton Island","Brisbane","Virgin Australia","Nov-22",38,37,1,24,29,13,8,2022,11
"Hamilton Island-Sydney","Hamilton Island","Sydney","Virgin Australia","Nov-22",30,30,0,11,11,19,19,2022,11
"Hobart-Brisbane","Hobart","Brisbane","Virgin Australia","Nov-22",46,46,0,24,21,22,25,2022,11
"Hobart-Melbourne","Hobart","Melbourne","Virgin Australia","Nov-22",136,133,3,71,61,62,72,2022,11
"Hobart-Sydney","Hobart","Sydney","Virgin Australia","Nov-22",76,71,5,39,32,32,39,2022,11
"Kalgoorlie-Perth","Kalgoorlie","Perth","Virgin Australia","Nov-22",31,31,0,13,15,18,16,2022,11
"Karratha-Perth","Karratha","Perth","Virgin Australia","Nov-22",31,31,0,22,22,9,9,2022,11
"Launceston-Brisbane","Launceston","Brisbane","Virgin Australia","Nov-22",20,20,0,14,14,6,6,2022,11
"Launceston-Melbourne","Launceston","Melbourne","Virgin Australia","Nov-22",112,110,2,85,84,25,26,2022,11
"Launceston-Sydney","Launceston","Sydney","Virgin Australia","Nov-22",30,27,3,12,14,15,13,2022,11
"Mackay-Brisbane","Mackay","Brisbane","Virgin Australia","Nov-22",138,132,6,93,99,39,33,2022,11
"Melbourne-Adelaide","Melbourne","Adelaide","Virgin Australia","Nov-22",261,249,12,146,124,103,125,2022,11
"Melbourne-Brisbane","Melbourne","Brisbane","Virgin Australia","Nov-22",374,362,12,209,221,153,141,2022,11
"Melbourne-Cairns","Melbourne","Cairns","Virgin Australia","Nov-22",49,49,0,28,36,21,13,2022,11
"Melbourne-Canberra","Melbourne","Canberra","Virgin Australia","Nov-22",116,116,0,75,73,41,43,2022,11
"Melbourne-Darwin","Melbourne","Darwin","Virgin Australia","Nov-22",30,30,0,18,12,12,18,2022,11
"Melbourne-Gold Coast","Melbourne","Gold Coast","Virgin Australia","Nov-22",275,262,13,157,168,105,94,2022,11
"Melbourne-Hobart","Melbourne","Hobart","Virgin Australia","Nov-22",135,133,2,80,72,53,61,2022,11
"Melbourne-Launceston","Melbourne","Launceston","Virgin Australia","Nov-22",112,108,4,66,57,42,51,2022,11
"Melbourne-Newcastle","Melbourne","Newcastle","Virgin Australia","Nov-22",30,30,0,17,18,13,12,2022,11
"Melbourne-Perth","Melbourne","Perth","Virgin Australia","Nov-22",151,146,5,84,96,62,50,2022,11
"Melbourne-Sunshine Coast","Melbourne","Sunshine Coast","Virgin Australia","Nov-22",84,81,3,52,54,29,27,2022,11
"Melbourne-Sydney","Melbourne","Sydney","Virgin Australia","Nov-22",785,709,76,448,412,261,297,2022,11
"Mount Isa-Brisbane","Mount Isa","Brisbane","Virgin Australia","Nov-22",13,13,0,9,7,4,6,2022,11
"Newcastle-Brisbane","Newcastle","Brisbane","Virgin Australia","Nov-22",82,81,1,57,51,24,30,2022,11
"Newcastle-Melbourne","Newcastle","Melbourne","Virgin Australia","Nov-22",30,30,0,14,13,16,17,2022,11
"Newman-Perth","Newman","Perth","Virgin Australia","Nov-22",19,18,1,15,14,3,4,2022,11
"Perth-Adelaide","Perth","Adelaide","Virgin Australia","Nov-22",27,26,1,21,18,5,8,2022,11
"Perth-Brisbane","Perth","Brisbane","Virgin Australia","Nov-22",112,108,4,56,86,52,22,2022,11
"Perth-Broome","Perth","Broome","Virgin Australia","Nov-22",14,13,1,6,7,7,6,2022,11
"Perth-Darwin","Perth","Darwin","Virgin Australia","Nov-22",3,3,0,1,1,2,2,2022,11
"Perth-Kalgoorlie","Perth","Kalgoorlie","Virgin Australia","Nov-22",31,31,0,28,25,3,6,2022,11
"Perth-Karratha","Perth","Karratha","Virgin Australia","Nov-22",31,31,0,24,23,7,8,2022,11
"Perth-Melbourne","Perth","Melbourne","Virgin Australia","Nov-22",161,156,5,109,117,47,39,2022,11
"Perth-Newman","Perth","Newman","Virgin Australia","Nov-22",19,18,1,18,16,0,2,2022,11
"Perth-Port Hedland","Perth","Port Hedland","Virgin Australia","Nov-22",19,19,0,19,19,0,0,2022,11
"Perth-Sydney","Perth","Sydney","Virgin Australia","Nov-22",136,131,5,87,109,44,22,2022,11
"Port Hedland-Perth","Port Hedland","Perth","Virgin Australia","Nov-22",19,19,0,5,7,14,12,2022,11
"Proserpine-Brisbane","Proserpine","Brisbane","Virgin Australia","Nov-22",38,38,0,22,20,16,18,2022,11
"Rockhampton-Brisbane","Rockhampton","Brisbane","Virgin Australia","Nov-22",138,136,2,91,82,45,54,2022,11
"Sunshine Coast-Melbourne","Sunshine Coast","Melbourne","Virgin Australia","Nov-22",84,80,4,44,39,36,41,2022,11
"Sunshine Coast-Sydney","Sunshine Coast","Sydney","Virgin Australia","Nov-22",79,74,5,56,43,18,31,2022,11
"Sydney-Adelaide","Sydney","Adelaide","Virgin Australia","Nov-22",142,131,11,83,71,48,60,2022,11
"Sydney-Ballina","Sydney","Ballina","Virgin Australia","Nov-22",49,49,0,32,30,17,19,2022,11
"Sydney-Brisbane","Sydney","Brisbane","Virgin Australia","Nov-22",456,415,41,287,286,128,129,2022,11
"Sydney-Cairns","Sydney","Cairns","Virgin Australia","Nov-22",65,64,1,57,56,7,8,2022,11
"Sydney-Canberra","Sydney","Canberra","Virgin Australia","Nov-22",252,231,21,174,180,57,51,2022,11
"Sydney-Darwin","Sydney","Darwin","Virgin Australia","Nov-22",30,29,1,16,14,13,15,2022,11
"Sydney-Gold Coast","Sydney","Gold Coast","Virgin Australia","Nov-22",313,295,18,171,157,124,138,2022,11
"Sydney-Hamilton Island","Sydney","Hamilton Island","Virgin Australia","Nov-22",30,30,0,20,20,10,10,2022,11
"Sydney-Hobart","Sydney","Hobart","Virgin Australia","Nov-22",76,73,3,49,52,24,21,2022,11
"Sydney-Launceston","Sydney","Launceston","Virgin Australia","Nov-22",30,29,1,14,18,15,11,2022,11
"Sydney-Melbourne","Sydney","Melbourne","Virgin Australia","Nov-22",777,701,76,387,406,314,295,2022,11
"Sydney-Perth","Sydney","Perth","Virgin Australia","Nov-22",140,134,6,75,67,59,67,2022,11
"Sydney-Sunshine Coast","Sydney","Sunshine Coast","Virgin Australia","Nov-22",79,74,5,60,55,14,19,2022,11
"Townsville-Brisbane","Townsville","Brisbane","Virgin Australia","Nov-22",136,128,8,75,79,53,49,2022,11
"Adelaide-Perth","Adelaide","Perth","Virgin Australia Regional Airlines","Nov-22",33,29,4,9,10,20,19,2022,11
"Broome-Perth","Broome","Perth","Virgin Australia Regional Airlines","Nov-22",39,34,5,22,23,12,11,2022,11
"Darwin-Perth","Darwin","Perth","Virgin Australia Regional Airlines","Nov-22",18,18,0,13,13,5,5,2022,11
"Kalgoorlie-Perth","Kalgoorlie","Perth","Virgin Australia Regional Airlines","Nov-22",41,41,0,31,33,10,8,2022,11
"Karratha-Perth","Karratha","Perth","Virgin Australia Regional Airlines","Nov-22",21,21,0,12,14,9,7,2022,11
"Newman-Perth","Newman","Perth","Virgin Australia Regional Airlines","Nov-22",39,37,2,22,20,15,17,2022,11
"Perth-Adelaide","Perth","Adelaide","Virgin Australia Regional Airlines","Nov-22",29,27,2,18,17,9,10,2022,11
"Perth-Broome","Perth","Broome","Virgin Australia Regional Airlines","Nov-22",39,34,5,20,20,14,14,2022,11
"Perth-Darwin","Perth","Darwin","Virgin Australia Regional Airlines","Nov-22",18,18,0,15,14,3,4,2022,11
"Perth-Kalgoorlie","Perth","Kalgoorlie","Virgin Australia Regional Airlines","Nov-22",41,41,0,33,32,8,9,2022,11
"Perth-Karratha","Perth","Karratha","Virgin Australia Regional Airlines","Nov-22",21,21,0,15,12,6,9,2022,11
"Perth-Newman","Perth","Newman","Virgin Australia Regional Airlines","Nov-22",39,37,2,27,26,10,11,2022,11
"Perth-Port Hedland","Perth","Port Hedland","Virgin Australia Regional Airlines","Nov-22",34,32,2,26,23,6,9,2022,11
"Port Hedland-Perth","Port Hedland","Perth","Virgin Australia Regional Airlines","Nov-22",34,32,2,16,16,16,16,2022,11
"Adelaide-Alice Springs","Adelaide","Alice Springs","All Airlines","Nov-22",55,55,0,51,44,4,11,2022,11
"Adelaide-Brisbane","Adelaide","Brisbane","All Airlines","Nov-22",292,279,13,167,197,112,82,2022,11
"Adelaide-Canberra","Adelaide","Canberra","All Airlines","Nov-22",101,98,3,70,70,28,28,2022,11
"Adelaide-Gold Coast","Adelaide","Gold Coast","All Airlines","Nov-22",74,70,4,49,50,21,20,2022,11
"Adelaide-Melbourne","Adelaide","Melbourne","All Airlines","Nov-22",654,630,24,362,356,268,274,2022,11
"Adelaide-Perth","Adelaide","Perth","All Airlines","Nov-22",177,171,6,103,117,68,54,2022,11
"Adelaide-Port Lincoln","Adelaide","Port Lincoln","All Airlines","Nov-22",280,261,19,163,164,98,97,2022,11
"Adelaide-Sydney","Adelaide","Sydney","All Airlines","Nov-22",452,436,16,252,270,184,166,2022,11
"Albury-Sydney","Albury","Sydney","All Airlines","Nov-22",223,216,7,165,165,51,51,2022,11
"Alice Springs-Adelaide","Alice Springs","Adelaide","All Airlines","Nov-22",55,55,0,33,36,22,19,2022,11
"Armidale-Sydney","Armidale","Sydney","All Airlines","Nov-22",163,157,6,117,110,40,47,2022,11
"Ballina-Sydney","Ballina","Sydney","All Airlines","Nov-22",210,208,2,135,128,73,80,2022,11
"Brisbane-Adelaide","Brisbane","Adelaide","All Airlines","Nov-22",292,285,7,191,165,94,120,2022,11
"Brisbane-Cairns","Brisbane","Cairns","All Airlines","Nov-22",352,349,3,255,256,94,93,2022,11
"Brisbane-Canberra","Brisbane","Canberra","All Airlines","Nov-22",274,268,6,210,196,58,72,2022,11
"Brisbane-Darwin","Brisbane","Darwin","All Airlines","Nov-22",102,101,1,57,44,44,57,2022,11
"Brisbane-Emerald","Brisbane","Emerald","All Airlines","Nov-22",135,135,0,113,114,22,21,2022,11
"Brisbane-Gladstone","Brisbane","Gladstone","All Airlines","Nov-22",164,161,3,122,118,39,43,2022,11
"Brisbane-Hamilton Island","Brisbane","Hamilton Island","All Airlines","Nov-22",55,54,1,47,44,7,10,2022,11
"Brisbane-Hobart","Brisbane","Hobart","All Airlines","Nov-22",91,91,0,63,62,28,29,2022,11
"Brisbane-Launceston","Brisbane","Launceston","All Airlines","Nov-22",45,44,1,33,33,11,11,2022,11
"Brisbane-Mackay","Brisbane","Mackay","All Airlines","Nov-22",279,273,6,194,189,79,84,2022,11
"Brisbane-Melbourne","Brisbane","Melbourne","All Airlines","Nov-22",862,830,32,503,450,327,380,2022,11
"Brisbane-Mount Isa","Brisbane","Mount Isa","All Airlines","Nov-22",65,65,0,58,54,7,11,2022,11
"Brisbane-Newcastle","Brisbane","Newcastle","All Airlines","Nov-22",276,269,7,214,207,55,62,2022,11
"Brisbane-Perth","Brisbane","Perth","All Airlines","Nov-22",288,283,5,162,133,121,150,2022,11
"Brisbane-Proserpine","Brisbane","Proserpine","All Airlines","Nov-22",88,88,0,63,58,25,30,2022,11
"Brisbane-Rockhampton","Brisbane","Rockhampton","All Airlines","Nov-22",293,290,3,214,192,76,98,2022,11
"Brisbane-Sydney","Brisbane","Sydney","All Airlines","Nov-22",1236,1141,95,759,739,382,402,2022,11
"Brisbane-Townsville","Brisbane","Townsville","All Airlines","Nov-22",313,301,12,202,180,99,121,2022,11
"Broome-Perth","Broome","Perth","All Airlines","Nov-22",126,118,8,74,76,44,42,2022,11
"Cairns-Brisbane","Cairns","Brisbane","All Airlines","Nov-22",351,349,2,251,272,98,77,2022,11
"Cairns-Melbourne","Cairns","Melbourne","All Airlines","Nov-22",160,156,4,93,89,63,67,2022,11
"Cairns-Sydney","Cairns","Sydney","All Airlines","Nov-22",197,192,5,137,140,55,52,2022,11
"Cairns-Townsville","Cairns","Townsville","All Airlines","Nov-22",149,146,3,126,128,20,18,2022,11
"Canberra-Adelaide","Canberra","Adelaide","All Airlines","Nov-22",100,97,3,65,58,32,39,2022,11
"Canberra-Brisbane","Canberra","Brisbane","All Airlines","Nov-22",274,266,8,212,219,54,47,2022,11
"Canberra-Gold Coast","Canberra","Gold Coast","All Airlines","Nov-22",47,47,0,32,33,15,14,2022,11
"Canberra-Melbourne","Canberra","Melbourne","All Airlines","Nov-22",410,399,11,277,282,122,117,2022,11
"Canberra-Sydney","Canberra","Sydney","All Airlines","Nov-22",666,603,63,443,450,160,153,2022,11
"Coffs Harbour-Sydney","Coffs Harbour","Sydney","All Airlines","Nov-22",234,230,4,175,160,55,70,2022,11
"Darwin-Brisbane","Darwin","Brisbane","All Airlines","Nov-22",103,101,2,54,75,47,26,2022,11
"Darwin-Melbourne","Darwin","Melbourne","All Airlines","Nov-22",77,77,0,48,53,29,24,2022,11
"Darwin-Perth","Darwin","Perth","All Airlines","Nov-22",50,50,0,31,30,19,20,2022,11
"Darwin-Sydney","Darwin","Sydney","All Airlines","Nov-22",90,86,4,39,50,47,36,2022,11
"Dubbo-Sydney","Dubbo","Sydney","All Airlines","Nov-22",229,222,7,157,162,65,60,2022,11
"Emerald-Brisbane","Emerald","Brisbane","All Airlines","Nov-22",135,135,0,106,114,29,21,2022,11
"Gladstone-Brisbane","Gladstone","Brisbane","All Airlines","Nov-22",163,160,3,114,102,46,58,2022,11
"Gold Coast-Adelaide","Gold Coast","Adelaide","All Airlines","Nov-22",74,70,4,41,38,29,32,2022,11
"Gold Coast-Canberra","Gold Coast","Canberra","All Airlines","Nov-22",47,47,0,27,28,20,19,2022,11
"Gold Coast-Melbourne","Gold Coast","Melbourne","All Airlines","Nov-22",587,558,29,361,336,197,222,2022,11
"Gold Coast-Sydney","Gold Coast","Sydney","All Airlines","Nov-22",715,660,55,402,375,258,285,2022,11
"Hamilton Island-Brisbane","Hamilton Island","Brisbane","All Airlines","Nov-22",54,53,1,35,40,18,13,2022,11
"Hamilton Island-Sydney","Hamilton Island","Sydney","All Airlines","Nov-22",81,80,1,27,31,53,49,2022,11
"Hobart-Brisbane","Hobart","Brisbane","All Airlines","Nov-22",90,90,0,45,49,45,41,2022,11
"Hobart-Melbourne","Hobart","Melbourne","All Airlines","Nov-22",418,386,32,209,205,177,181,2022,11
"Hobart-Sydney","Hobart","Sydney","All Airlines","Nov-22",243,230,13,124,119,106,111,2022,11
"Kalgoorlie-Perth","Kalgoorlie","Perth","All Airlines","Nov-22",142,138,4,80,88,58,50,2022,11
"Karratha-Perth","Karratha","Perth","All Airlines","Nov-22",194,193,1,117,130,76,63,2022,11
"Launceston-Brisbane","Launceston","Brisbane","All Airlines","Nov-22",45,44,1,27,31,17,13,2022,11
"Launceston-Melbourne","Launceston","Melbourne","All Airlines","Nov-22",308,292,16,191,192,101,100,2022,11
"Launceston-Sydney","Launceston","Sydney","All Airlines","Nov-22",90,86,4,48,51,38,35,2022,11
"Mackay-Brisbane","Mackay","Brisbane","All Airlines","Nov-22",284,277,7,203,216,74,61,2022,11
"Melbourne-Adelaide","Melbourne","Adelaide","All Airlines","Nov-22",655,631,24,379,362,252,269,2022,11
"Melbourne-Brisbane","Melbourne","Brisbane","All Airlines","Nov-22",865,836,29,487,523,349,313,2022,11
"Melbourne-Cairns","Melbourne","Cairns","All Airlines","Nov-22",160,156,4,88,103,68,53,2022,11
"Melbourne-Canberra","Melbourne","Canberra","All Airlines","Nov-22",410,398,12,286,286,112,112,2022,11
"Melbourne-Darwin","Melbourne","Darwin","All Airlines","Nov-22",76,76,0,44,38,32,38,2022,11
"Melbourne-Gold Coast","Melbourne","Gold Coast","All Airlines","Nov-22",588,559,29,334,367,225,192,2022,11
"Melbourne-Hobart","Melbourne","Hobart","All Airlines","Nov-22",419,390,29,235,229,155,161,2022,11
"Melbourne-Launceston","Melbourne","Launceston","All Airlines","Nov-22",308,292,16,190,177,102,115,2022,11
"Melbourne-Mildura","Melbourne","Mildura","All Airlines","Nov-22",207,202,5,108,108,94,94,2022,11
"Melbourne-Newcastle","Melbourne","Newcastle","All Airlines","Nov-22",138,135,3,94,95,41,40,2022,11
"Melbourne-Perth","Melbourne","Perth","All Airlines","Nov-22",387,373,14,198,207,175,166,2022,11
"Melbourne-Sunshine Coast","Melbourne","Sunshine Coast","All Airlines","Nov-22",193,183,10,129,132,54,51,2022,11
"Melbourne-Sydney","Melbourne","Sydney","All Airlines","Nov-22",2090,1842,248,1175,1123,667,719,2022,11
"Mildura-Melbourne","Mildura","Melbourne","All Airlines","Nov-22",206,202,4,113,99,89,103,2022,11
"Mount Isa-Brisbane","Mount Isa","Brisbane","All Airlines","Nov-22",65,64,1,55,55,9,9,2022,11
"Newcastle-Brisbane","Newcastle","Brisbane","All Airlines","Nov-22",277,269,8,227,217,42,52,2022,11
"Newcastle-Melbourne","Newcastle","Melbourne","All Airlines","Nov-22",140,137,3,91,87,46,50,2022,11
"Newman-Perth","Newman","Perth","All Airlines","Nov-22",169,162,7,110,107,52,55,2022,11
"Perth-Adelaide","Perth","Adelaide","All Airlines","Nov-22",172,169,3,118,122,51,47,2022,11
"Perth-Brisbane","Perth","Brisbane","All Airlines","Nov-22",285,280,5,172,223,108,57,2022,11
"Perth-Broome","Perth","Broome","All Airlines","Nov-22",126,119,7,73,82,46,37,2022,11
"Perth-Darwin","Perth","Darwin","All Airlines","Nov-22",50,50,0,35,36,15,14,2022,11
"Perth-Kalgoorlie","Perth","Kalgoorlie","All Airlines","Nov-22",141,140,1,110,105,30,35,2022,11
"Perth-Karratha","Perth","Karratha","All Airlines","Nov-22",194,193,1,141,136,52,57,2022,11
"Perth-Melbourne","Perth","Melbourne","All Airlines","Nov-22",397,384,13,230,260,154,124,2022,11
"Perth-Newman","Perth","Newman","All Airlines","Nov-22",169,163,6,132,125,31,38,2022,11
"Perth-Port Hedland","Perth","Port Hedland","All Airlines","Nov-22",176,172,4,138,132,34,40,2022,11
"Perth-Sydney","Perth","Sydney","All Airlines","Nov-22",371,363,8,198,263,165,100,2022,11
"Port Hedland-Perth","Port Hedland","Perth","All Airlines","Nov-22",176,172,4,82,85,90,87,2022,11
"Port Lincoln-Adelaide","Port Lincoln","Adelaide","All Airlines","Nov-22",281,261,20,169,166,92,95,2022,11
"Port Macquarie-Sydney","Port Macquarie","Sydney","All Airlines","Nov-22",217,205,12,146,139,59,66,2022,11
"Proserpine-Brisbane","Proserpine","Brisbane","All Airlines","Nov-22",89,89,0,55,55,34,34,2022,11
"Rockhampton-Brisbane","Rockhampton","Brisbane","All Airlines","Nov-22",293,287,6,206,204,81,83,2022,11
"Sunshine Coast-Melbourne","Sunshine Coast","Melbourne","All Airlines","Nov-22",193,182,11,112,104,70,78,2022,11
"Sunshine Coast-Sydney","Sunshine Coast","Sydney","All Airlines","Nov-22",252,245,7,169,136,76,109,2022,11
"Sydney-Adelaide","Sydney","Adelaide","All Airlines","Nov-22",451,434,17,269,250,165,184,2022,11
"Sydney-Albury","Sydney","Albury","All Airlines","Nov-22",221,215,6,147,146,68,69,2022,11
"Sydney-Armidale","Sydney","Armidale","All Airlines","Nov-22",164,160,4,121,124,39,36,2022,11
"Sydney-Ballina","Sydney","Ballina","All Airlines","Nov-22",210,208,2,141,141,67,67,2022,11
"Sydney-Brisbane","Sydney","Brisbane","All Airlines","Nov-22",1241,1145,96,729,737,416,408,2022,11
"Sydney-Cairns","Sydney","Cairns","All Airlines","Nov-22",197,192,5,146,142,46,50,2022,11
"Sydney-Canberra","Sydney","Canberra","All Airlines","Nov-22",666,605,61,444,458,161,147,2022,11
"Sydney-Coffs Harbour","Sydney","Coffs Harbour","All Airlines","Nov-22",236,230,6,164,173,66,57,2022,11
"Sydney-Darwin","Sydney","Darwin","All Airlines","Nov-22",90,86,4,49,41,37,45,2022,11
"Sydney-Dubbo","Sydney","Dubbo","All Airlines","Nov-22",237,231,6,126,141,105,90,2022,11
"Sydney-Gold Coast","Sydney","Gold Coast","All Airlines","Nov-22",715,661,54,389,381,272,280,2022,11
"Sydney-Hamilton Island","Sydney","Hamilton Island","All Airlines","Nov-22",81,81,0,50,47,31,34,2022,11
"Sydney-Hobart","Sydney","Hobart","All Airlines","Nov-22",242,232,10,150,154,82,78,2022,11
"Sydney-Launceston","Sydney","Launceston","All Airlines","Nov-22",90,88,2,51,50,37,38,2022,11
"Sydney-Melbourne","Sydney","Melbourne","All Airlines","Nov-22",2082,1840,242,1130,1159,710,681,2022,11
"Sydney-Perth","Sydney","Perth","All Airlines","Nov-22",376,367,9,181,169,186,198,2022,11
"Sydney-Port Macquarie","Sydney","Port Macquarie","All Airlines","Nov-22",213,206,7,134,140,72,66,2022,11
"Sydney-Sunshine Coast","Sydney","Sunshine Coast","All Airlines","Nov-22",253,246,7,183,164,63,82,2022,11
"Sydney-Wagga Wagga","Sydney","Wagga Wagga","All Airlines","Nov-22",225,220,5,134,137,86,83,2022,11
"Townsville-Brisbane","Townsville","Brisbane","All Airlines","Nov-22",314,301,13,204,211,97,90,2022,11
"Townsville-Cairns","Townsville","Cairns","All Airlines","Nov-22",149,147,2,122,129,25,18,2022,11
"Wagga Wagga-Sydney","Wagga Wagga","Sydney","All Airlines","Nov-22",222,217,5,159,160,58,57,2022,11
"Adelaide-Brisbane","Adelaide","Brisbane","Jetstar","Dec-22",32,31,1,23,22,8,9,2022,12
"Adelaide-Gold Coast","Adelaide","Gold Coast","Jetstar","Dec-22",34,33,1,29,28,4,5,2022,12
"Adelaide-Melbourne","Adelaide","Melbourne","Jetstar","Dec-22",111,106,5,58,63,48,43,2022,12
"Adelaide-Perth","Adelaide","Perth","Jetstar","Dec-22",30,28,2,21,21,7,7,2022,12
"Adelaide-Sydney","Adelaide","Sydney","Jetstar","Dec-22",118,105,13,74,78,31,27,2022,12
"Ballina-Sydney","Ballina","Sydney","Jetstar","Dec-22",79,79,0,49,45,30,34,2022,12
"Brisbane-Adelaide","Brisbane","Adelaide","Jetstar","Dec-22",31,31,0,18,16,13,15,2022,12
"Brisbane-Cairns","Brisbane","Cairns","Jetstar","Dec-22",89,87,2,51,54,36,33,2022,12
"Brisbane-Canberra","Brisbane","Canberra","Jetstar","Dec-22",30,30,0,27,28,3,2,2022,12
"Brisbane-Darwin","Brisbane","Darwin","Jetstar","Dec-22",23,22,1,19,14,3,8,2022,12
"Brisbane-Hobart","Brisbane","Hobart","Jetstar","Dec-22",31,31,0,26,26,5,5,2022,12
"Brisbane-Launceston","Brisbane","Launceston","Jetstar","Dec-22",30,29,1,18,19,11,10,2022,12
"Brisbane-Mackay","Brisbane","Mackay","Jetstar","Dec-22",31,30,1,22,22,8,8,2022,12
"Brisbane-Melbourne","Brisbane","Melbourne","Jetstar","Dec-22",143,131,12,73,77,58,54,2022,12
"Brisbane-Newcastle","Brisbane","Newcastle","Jetstar","Dec-22",48,48,0,39,38,9,10,2022,12
"Brisbane-Perth","Brisbane","Perth","Jetstar","Dec-22",24,22,2,10,13,12,9,2022,12
"Brisbane-Proserpine","Brisbane","Proserpine","Jetstar","Dec-22",38,38,0,30,24,8,14,2022,12
"Brisbane-Sydney","Brisbane","Sydney","Jetstar","Dec-22",156,128,28,75,83,53,45,2022,12
"Brisbane-Townsville","Brisbane","Townsville","Jetstar","Dec-22",49,48,1,42,37,6,11,2022,12
"Cairns-Brisbane","Cairns","Brisbane","Jetstar","Dec-22",88,87,1,57,50,30,37,2022,12
"Cairns-Melbourne","Cairns","Melbourne","Jetstar","Dec-22",96,90,6,44,42,46,48,2022,12
"Cairns-Sydney","Cairns","Sydney","Jetstar","Dec-22",91,90,1,64,62,26,28,2022,12
"Canberra-Brisbane","Canberra","Brisbane","Jetstar","Dec-22",30,30,0,28,29,2,1,2022,12
"Canberra-Gold Coast","Canberra","Gold Coast","Jetstar","Dec-22",19,16,3,9,10,7,6,2022,12
"Canberra-Melbourne","Canberra","Melbourne","Jetstar","Dec-22",32,30,2,10,12,20,18,2022,12
"Darwin-Brisbane","Darwin","Brisbane","Jetstar","Dec-22",23,22,1,9,13,13,9,2022,12
"Darwin-Melbourne","Darwin","Melbourne","Jetstar","Dec-22",25,24,1,9,11,15,13,2022,12
"Darwin-Sydney","Darwin","Sydney","Jetstar","Dec-22",24,22,2,10,15,12,7,2022,12
"Gold Coast-Adelaide","Gold Coast","Adelaide","Jetstar","Dec-22",34,33,1,27,27,6,6,2022,12
"Gold Coast-Canberra","Gold Coast","Canberra","Jetstar","Dec-22",18,18,0,10,11,8,7,2022,12
"Gold Coast-Melbourne","Gold Coast","Melbourne","Jetstar","Dec-22",210,190,20,135,118,55,72,2022,12
"Gold Coast-Sydney","Gold Coast","Sydney","Jetstar","Dec-22",275,247,28,170,166,77,81,2022,12
"Hamilton Island-Sydney","Hamilton Island","Sydney","Jetstar","Dec-22",24,24,0,10,10,14,14,2022,12
"Hobart-Brisbane","Hobart","Brisbane","Jetstar","Dec-22",31,31,0,22,23,9,8,2022,12
"Hobart-Melbourne","Hobart","Melbourne","Jetstar","Dec-22",178,161,17,85,94,76,67,2022,12
"Hobart-Sydney","Hobart","Sydney","Jetstar","Dec-22",90,88,2,55,56,33,32,2022,12
"Launceston-Brisbane","Launceston","Brisbane","Jetstar","Dec-22",30,29,1,14,17,15,12,2022,12
"Launceston-Melbourne","Launceston","Melbourne","Jetstar","Dec-22",114,108,6,58,64,50,44,2022,12
"Launceston-Sydney","Launceston","Sydney","Jetstar","Dec-22",55,54,1,28,30,26,24,2022,12
"Mackay-Brisbane","Mackay","Brisbane","Jetstar","Dec-22",31,30,1,19,20,11,10,2022,12
"Melbourne-Adelaide","Melbourne","Adelaide","Jetstar","Dec-22",110,105,5,68,68,37,37,2022,12
"Melbourne-Brisbane","Melbourne","Brisbane","Jetstar","Dec-22",142,131,11,61,69,70,62,2022,12
"Melbourne-Cairns","Melbourne","Cairns","Jetstar","Dec-22",96,91,5,45,52,46,39,2022,12
"Melbourne-Canberra","Melbourne","Canberra","Jetstar","Dec-22",32,30,2,12,12,18,18,2022,12
"Melbourne-Darwin","Melbourne","Darwin","Jetstar","Dec-22",25,24,1,14,16,10,8,2022,12
"Melbourne-Gold Coast","Melbourne","Gold Coast","Jetstar","Dec-22",210,191,19,99,111,92,80,2022,12
"Melbourne-Hobart","Melbourne","Hobart","Jetstar","Dec-22",178,161,17,80,79,81,82,2022,12
"Melbourne-Launceston","Melbourne","Launceston","Jetstar","Dec-22",114,109,5,66,65,43,44,2022,12
"Melbourne-Newcastle","Melbourne","Newcastle","Jetstar","Dec-22",54,54,0,35,35,19,19,2022,12
"Melbourne-Perth","Melbourne","Perth","Jetstar","Dec-22",86,80,6,46,45,34,35,2022,12
"Melbourne-Sunshine Coast","Melbourne","Sunshine Coast","Jetstar","Dec-22",71,69,2,50,51,19,18,2022,12
"Melbourne-Sydney","Melbourne","Sydney","Jetstar","Dec-22",395,328,67,176,186,152,142,2022,12
"Newcastle-Brisbane","Newcastle","Brisbane","Jetstar","Dec-22",48,47,1,36,36,11,11,2022,12
"Newcastle-Melbourne","Newcastle","Melbourne","Jetstar","Dec-22",53,52,1,32,34,20,18,2022,12
"Perth-Adelaide","Perth","Adelaide","Jetstar","Dec-22",29,27,2,15,14,12,13,2022,12
"Perth-Brisbane","Perth","Brisbane","Jetstar","Dec-22",26,23,3,7,12,16,11,2022,12
"Perth-Melbourne","Perth","Melbourne","Jetstar","Dec-22",85,77,8,24,27,53,50,2022,12
"Perth-Sydney","Perth","Sydney","Jetstar","Dec-22",44,41,3,7,18,34,23,2022,12
"Proserpine-Brisbane","Proserpine","Brisbane","Jetstar","Dec-22",38,38,0,23,23,15,15,2022,12
"Sunshine Coast-Melbourne","Sunshine Coast","Melbourne","Jetstar","Dec-22",72,69,3,45,41,24,28,2022,12
"Sunshine Coast-Sydney","Sunshine Coast","Sydney","Jetstar","Dec-22",105,89,16,41,32,48,57,2022,12
"Sydney-Adelaide","Sydney","Adelaide","Jetstar","Dec-22",120,108,12,69,75,39,33,2022,12
"Sydney-Ballina","Sydney","Ballina","Jetstar","Dec-22",79,79,0,51,54,28,25,2022,12
"Sydney-Brisbane","Sydney","Brisbane","Jetstar","Dec-22",155,126,29,75,79,51,47,2022,12
"Sydney-Cairns","Sydney","Cairns","Jetstar","Dec-22",91,90,1,62,65,28,25,2022,12
"Sydney-Darwin","Sydney","Darwin","Jetstar","Dec-22",22,21,1,13,13,8,8,2022,12
"Sydney-Gold Coast","Sydney","Gold Coast","Jetstar","Dec-22",275,247,28,154,164,93,83,2022,12
"Sydney-Hamilton Island","Sydney","Hamilton Island","Jetstar","Dec-22",24,24,0,11,11,13,13,2022,12
"Sydney-Hobart","Sydney","Hobart","Jetstar","Dec-22",90,89,1,54,62,35,27,2022,12
"Sydney-Launceston","Sydney","Launceston","Jetstar","Dec-22",53,53,0,32,35,21,18,2022,12
"Sydney-Melbourne","Sydney","Melbourne","Jetstar","Dec-22",394,325,69,178,196,147,129,2022,12
"Sydney-Perth","Sydney","Perth","Jetstar","Dec-22",44,42,2,16,22,26,20,2022,12
"Sydney-Sunshine Coast","Sydney","Sunshine Coast","Jetstar","Dec-22",104,92,12,54,48,38,44,2022,12
"Townsville-Brisbane","Townsville","Brisbane","Jetstar","Dec-22",49,48,1,39,40,9,8,2022,12
"Adelaide-Brisbane","Adelaide","Brisbane","Qantas","Dec-22",35,35,0,29,30,6,5,2022,12
"Adelaide-Melbourne","Adelaide","Melbourne","Qantas","Dec-22",225,222,3,154,152,68,70,2022,12
"Adelaide-Perth","Adelaide","Perth","Qantas","Dec-22",99,99,0,72,82,27,17,2022,12
"Adelaide-Sydney","Adelaide","Sydney","Qantas","Dec-22",210,207,3,139,153,68,54,2022,12
"Brisbane-Adelaide","Brisbane","Adelaide","Qantas","Dec-22",35,35,0,29,29,6,6,2022,12
"Brisbane-Cairns","Brisbane","Cairns","Qantas","Dec-22",124,124,0,101,104,23,20,2022,12
"Brisbane-Canberra","Brisbane","Canberra","Qantas","Dec-22",19,19,0,19,18,0,1,2022,12
"Brisbane-Darwin","Brisbane","Darwin","Qantas","Dec-22",13,13,0,10,10,3,3,2022,12
"Brisbane-Hamilton Island","Brisbane","Hamilton Island","Qantas","Dec-22",19,19,0,18,17,1,2,2022,12
"Brisbane-Mackay","Brisbane","Mackay","Qantas","Dec-22",109,108,1,80,87,28,21,2022,12
"Brisbane-Melbourne","Brisbane","Melbourne","Qantas","Dec-22",313,307,6,238,228,69,79,2022,12
"Brisbane-Mount Isa","Brisbane","Mount Isa","Qantas","Dec-22",39,39,0,37,37,2,2,2022,12
"Brisbane-Perth","Brisbane","Perth","Qantas","Dec-22",148,148,0,113,105,35,43,2022,12
"Brisbane-Sydney","Brisbane","Sydney","Qantas","Dec-22",460,438,22,342,342,96,96,2022,12
"Brisbane-Townsville","Brisbane","Townsville","Qantas","Dec-22",94,92,2,78,76,14,16,2022,12
"Cairns-Brisbane","Cairns","Brisbane","Qantas","Dec-22",124,124,0,104,111,20,13,2022,12
"Cairns-Melbourne","Cairns","Melbourne","Qantas","Dec-22",38,38,0,28,30,10,8,2022,12
"Cairns-Sydney","Cairns","Sydney","Qantas","Dec-22",68,68,0,48,47,20,21,2022,12
"Canberra-Brisbane","Canberra","Brisbane","Qantas","Dec-22",19,19,0,18,18,1,1,2022,12
"Darwin-Brisbane","Darwin","Brisbane","Qantas","Dec-22",14,14,0,11,12,3,2,2022,12
"Darwin-Melbourne","Darwin","Melbourne","Qantas","Dec-22",29,29,0,24,24,5,5,2022,12
"Darwin-Perth","Darwin","Perth","Qantas","Dec-22",16,16,0,9,11,7,5,2022,12
"Darwin-Sydney","Darwin","Sydney","Qantas","Dec-22",36,34,2,22,27,12,7,2022,12
"Gold Coast-Melbourne","Gold Coast","Melbourne","Qantas","Dec-22",60,58,2,44,38,14,20,2022,12
"Gold Coast-Sydney","Gold Coast","Sydney","Qantas","Dec-22",89,89,0,66,54,23,35,2022,12
"Hamilton Island-Brisbane","Hamilton Island","Brisbane","Qantas","Dec-22",19,19,0,15,16,4,3,2022,12
"Hamilton Island-Sydney","Hamilton Island","Sydney","Qantas","Dec-22",30,29,1,16,17,13,12,2022,12
"Hobart-Melbourne","Hobart","Melbourne","Qantas","Dec-22",70,66,4,46,46,20,20,2022,12
"Hobart-Sydney","Hobart","Sydney","Qantas","Dec-22",45,45,0,25,33,20,12,2022,12
"Kalgoorlie-Perth","Kalgoorlie","Perth","Qantas","Dec-22",16,16,0,8,10,8,6,2022,12
"Karratha-Perth","Karratha","Perth","Qantas","Dec-22",24,24,0,17,18,7,6,2022,12
"Mackay-Brisbane","Mackay","Brisbane","Qantas","Dec-22",110,109,1,80,86,29,23,2022,12
"Melbourne-Adelaide","Melbourne","Adelaide","Qantas","Dec-22",225,221,4,158,156,63,65,2022,12
"Melbourne-Brisbane","Melbourne","Brisbane","Qantas","Dec-22",314,309,5,224,231,85,78,2022,12
"Melbourne-Cairns","Melbourne","Cairns","Qantas","Dec-22",38,38,0,28,30,10,8,2022,12
"Melbourne-Darwin","Melbourne","Darwin","Qantas","Dec-22",29,29,0,13,13,16,16,2022,12
"Melbourne-Gold Coast","Melbourne","Gold Coast","Qantas","Dec-22",59,57,2,50,49,7,8,2022,12
"Melbourne-Hobart","Melbourne","Hobart","Qantas","Dec-22",70,67,3,51,51,16,16,2022,12
"Melbourne-Perth","Melbourne","Perth","Qantas","Dec-22",202,201,1,106,110,95,91,2022,12
"Melbourne-Sunshine Coast","Melbourne","Sunshine Coast","Qantas","Dec-22",18,17,1,15,17,2,0,2022,12
"Melbourne-Sydney","Melbourne","Sydney","Qantas","Dec-22",686,628,58,456,433,172,195,2022,12
"Mount Isa-Brisbane","Mount Isa","Brisbane","Qantas","Dec-22",39,38,1,35,36,3,2,2022,12
"Newman-Perth","Newman","Perth","Qantas","Dec-22",12,11,1,10,9,1,2,2022,12
"Perth-Adelaide","Perth","Adelaide","Qantas","Dec-22",100,100,0,72,76,28,24,2022,12
"Perth-Brisbane","Perth","Brisbane","Qantas","Dec-22",149,147,2,110,129,37,18,2022,12
"Perth-Darwin","Perth","Darwin","Qantas","Dec-22",16,16,0,11,11,5,5,2022,12
"Perth-Kalgoorlie","Perth","Kalgoorlie","Qantas","Dec-22",16,16,0,13,13,3,3,2022,12
"Perth-Karratha","Perth","Karratha","Qantas","Dec-22",24,24,0,22,22,2,2,2022,12
"Perth-Melbourne","Perth","Melbourne","Qantas","Dec-22",202,201,1,122,127,79,74,2022,12
"Perth-Newman","Perth","Newman","Qantas","Dec-22",12,11,1,11,11,0,0,2022,12
"Perth-Port Hedland","Perth","Port Hedland","Qantas","Dec-22",31,31,0,28,28,3,3,2022,12
"Perth-Sydney","Perth","Sydney","Qantas","Dec-22",195,194,1,114,126,80,68,2022,12
"Port Hedland-Perth","Port Hedland","Perth","Qantas","Dec-22",31,31,0,23,23,8,8,2022,12
"Sunshine Coast-Melbourne","Sunshine Coast","Melbourne","Qantas","Dec-22",18,17,1,13,14,4,3,2022,12
"Sunshine Coast-Sydney","Sunshine Coast","Sydney","Qantas","Dec-22",24,24,0,15,16,9,8,2022,12
"Sydney-Adelaide","Sydney","Adelaide","Qantas","Dec-22",212,211,1,146,133,65,78,2022,12
"Sydney-Brisbane","Sydney","Brisbane","Qantas","Dec-22",461,440,21,296,305,144,135,2022,12
"Sydney-Cairns","Sydney","Cairns","Qantas","Dec-22",68,68,0,45,44,23,24,2022,12
"Sydney-Darwin","Sydney","Darwin","Qantas","Dec-22",36,35,1,31,31,4,4,2022,12
"Sydney-Gold Coast","Sydney","Gold Coast","Qantas","Dec-22",89,89,0,67,68,22,21,2022,12
"Sydney-Hamilton Island","Sydney","Hamilton Island","Qantas","Dec-22",30,29,1,19,19,10,10,2022,12
"Sydney-Hobart","Sydney","Hobart","Qantas","Dec-22",45,45,0,31,34,14,11,2022,12
"Sydney-Melbourne","Sydney","Melbourne","Qantas","Dec-22",687,629,58,445,461,184,168,2022,12
"Sydney-Perth","Sydney","Perth","Qantas","Dec-22",194,193,1,112,105,81,88,2022,12
"Sydney-Sunshine Coast","Sydney","Sunshine Coast","Qantas","Dec-22",24,24,0,18,19,6,5,2022,12
"Townsville-Brisbane","Townsville","Brisbane","Qantas","Dec-22",93,91,2,77,80,14,11,2022,12
"Adelaide-Alice Springs","Adelaide","Alice Springs","QantasLink","Dec-22",48,48,0,42,36,6,12,2022,12
"Adelaide-Brisbane","Adelaide","Brisbane","QantasLink","Dec-22",100,99,1,57,58,42,41,2022,12
"Adelaide-Canberra","Adelaide","Canberra","QantasLink","Dec-22",79,79,0,76,75,3,4,2022,12
"Adelaide-Melbourne","Adelaide","Melbourne","QantasLink","Dec-22",14,14,0,12,9,2,5,2022,12
"Adelaide-Port Lincoln","Adelaide","Port Lincoln","QantasLink","Dec-22",117,113,4,99,102,14,11,2022,12
"Albury-Sydney","Albury","Sydney","QantasLink","Dec-22",98,96,2,81,87,15,9,2022,12
"Alice Springs-Adelaide","Alice Springs","Adelaide","QantasLink","Dec-22",48,48,0,24,29,24,19,2022,12
"Armidale-Sydney","Armidale","Sydney","QantasLink","Dec-22",97,96,1,86,83,10,13,2022,12
"Ballina-Sydney","Ballina","Sydney","QantasLink","Dec-22",98,94,4,73,77,21,17,2022,12
"Brisbane-Adelaide","Brisbane","Adelaide","QantasLink","Dec-22",99,98,1,67,52,31,46,2022,12
"Brisbane-Cairns","Brisbane","Cairns","QantasLink","Dec-22",10,10,0,7,7,3,3,2022,12
"Brisbane-Canberra","Brisbane","Canberra","QantasLink","Dec-22",134,133,1,107,104,26,29,2022,12
"Brisbane-Darwin","Brisbane","Darwin","QantasLink","Dec-22",31,31,0,15,12,16,19,2022,12
"Brisbane-Emerald","Brisbane","Emerald","QantasLink","Dec-22",106,106,0,90,90,16,16,2022,12
"Brisbane-Gladstone","Brisbane","Gladstone","QantasLink","Dec-22",122,118,4,93,95,25,23,2022,12
"Brisbane-Hobart","Brisbane","Hobart","QantasLink","Dec-22",24,23,1,14,13,9,10,2022,12
"Brisbane-Mackay","Brisbane","Mackay","QantasLink","Dec-22",10,10,0,7,7,3,3,2022,12
"Brisbane-Mount Isa","Brisbane","Mount Isa","QantasLink","Dec-22",13,13,0,11,11,2,2,2022,12
"Brisbane-Newcastle","Brisbane","Newcastle","QantasLink","Dec-22",125,121,4,98,100,23,21,2022,12
"Brisbane-Proserpine","Brisbane","Proserpine","QantasLink","Dec-22",27,27,0,24,23,3,4,2022,12
"Brisbane-Rockhampton","Brisbane","Rockhampton","QantasLink","Dec-22",166,161,5,127,130,34,31,2022,12
"Brisbane-Townsville","Brisbane","Townsville","QantasLink","Dec-22",32,32,0,19,18,13,14,2022,12
"Broome-Perth","Broome","Perth","QantasLink","Dec-22",76,74,2,57,56,17,18,2022,12
"Cairns-Brisbane","Cairns","Brisbane","QantasLink","Dec-22",10,10,0,7,7,3,3,2022,12
"Cairns-Townsville","Cairns","Townsville","QantasLink","Dec-22",153,148,5,131,130,17,18,2022,12
"Canberra-Adelaide","Canberra","Adelaide","QantasLink","Dec-22",80,80,0,69,60,11,20,2022,12
"Canberra-Brisbane","Canberra","Brisbane","QantasLink","Dec-22",134,132,2,100,98,32,34,2022,12
"Canberra-Melbourne","Canberra","Melbourne","QantasLink","Dec-22",182,176,6,146,138,30,38,2022,12
"Canberra-Sydney","Canberra","Sydney","QantasLink","Dec-22",392,360,32,267,262,93,98,2022,12
"Coffs Harbour-Sydney","Coffs Harbour","Sydney","QantasLink","Dec-22",112,111,1,87,86,24,25,2022,12
"Darwin-Brisbane","Darwin","Brisbane","QantasLink","Dec-22",31,31,0,24,26,7,5,2022,12
"Darwin-Perth","Darwin","Perth","QantasLink","Dec-22",15,15,0,5,6,10,9,2022,12
"Dubbo-Sydney","Dubbo","Sydney","QantasLink","Dec-22",106,103,3,84,86,19,17,2022,12
"Emerald-Brisbane","Emerald","Brisbane","QantasLink","Dec-22",106,106,0,83,85,23,21,2022,12
"Gladstone-Brisbane","Gladstone","Brisbane","QantasLink","Dec-22",124,119,5,102,103,17,16,2022,12
"Gold Coast-Melbourne","Gold Coast","Melbourne","QantasLink","Dec-22",4,4,0,3,3,1,1,2022,12
"Gold Coast-Sydney","Gold Coast","Sydney","QantasLink","Dec-22",20,20,0,14,13,6,7,2022,12
"Hobart-Brisbane","Hobart","Brisbane","QantasLink","Dec-22",24,22,2,11,12,11,10,2022,12
"Hobart-Melbourne","Hobart","Melbourne","QantasLink","Dec-22",85,81,4,55,56,26,25,2022,12
"Hobart-Sydney","Hobart","Sydney","QantasLink","Dec-22",41,40,1,33,30,7,10,2022,12
"Kalgoorlie-Perth","Kalgoorlie","Perth","QantasLink","Dec-22",47,47,0,36,37,11,10,2022,12
"Karratha-Perth","Karratha","Perth","QantasLink","Dec-22",104,102,2,66,73,36,29,2022,12
"Launceston-Melbourne","Launceston","Melbourne","QantasLink","Dec-22",108,98,10,69,72,29,26,2022,12
"Launceston-Sydney","Launceston","Sydney","QantasLink","Dec-22",31,31,0,18,22,13,9,2022,12
"Mackay-Brisbane","Mackay","Brisbane","QantasLink","Dec-22",14,14,0,9,11,5,3,2022,12
"Melbourne-Adelaide","Melbourne","Adelaide","QantasLink","Dec-22",14,12,2,6,6,6,6,2022,12
"Melbourne-Canberra","Melbourne","Canberra","QantasLink","Dec-22",184,179,5,149,148,30,31,2022,12
"Melbourne-Gold Coast","Melbourne","Gold Coast","QantasLink","Dec-22",4,4,0,4,4,0,0,2022,12
"Melbourne-Hobart","Melbourne","Hobart","QantasLink","Dec-22",84,80,4,56,58,24,22,2022,12
"Melbourne-Launceston","Melbourne","Launceston","QantasLink","Dec-22",108,102,6,80,75,22,27,2022,12
"Melbourne-Mildura","Melbourne","Mildura","QantasLink","Dec-22",93,91,2,52,58,39,33,2022,12
"Melbourne-Newcastle","Melbourne","Newcastle","QantasLink","Dec-22",53,52,1,38,38,14,14,2022,12
"Melbourne-Sunshine Coast","Melbourne","Sunshine Coast","QantasLink","Dec-22",33,33,0,22,24,11,9,2022,12
"Mildura-Melbourne","Mildura","Melbourne","QantasLink","Dec-22",93,91,2,44,39,47,52,2022,12
"Mount Isa-Brisbane","Mount Isa","Brisbane","QantasLink","Dec-22",13,13,0,11,11,2,2,2022,12
"Newcastle-Brisbane","Newcastle","Brisbane","QantasLink","Dec-22",128,124,4,104,109,20,15,2022,12
"Newcastle-Melbourne","Newcastle","Melbourne","QantasLink","Dec-22",52,51,1,38,33,13,18,2022,12
"Newman-Perth","Newman","Perth","QantasLink","Dec-22",91,87,4,59,60,28,27,2022,12
"Perth-Broome","Perth","Broome","QantasLink","Dec-22",75,73,2,60,64,13,9,2022,12
"Perth-Darwin","Perth","Darwin","QantasLink","Dec-22",15,15,0,10,10,5,5,2022,12
"Perth-Kalgoorlie","Perth","Kalgoorlie","QantasLink","Dec-22",47,47,0,39,38,8,9,2022,12
"Perth-Karratha","Perth","Karratha","QantasLink","Dec-22",104,102,2,82,80,20,22,2022,12
"Perth-Newman","Perth","Newman","QantasLink","Dec-22",91,88,3,66,68,22,20,2022,12
"Perth-Port Hedland","Perth","Port Hedland","QantasLink","Dec-22",88,87,1,73,69,14,18,2022,12
"Port Hedland-Perth","Port Hedland","Perth","QantasLink","Dec-22",87,86,1,54,55,32,31,2022,12
"Port Lincoln-Adelaide","Port Lincoln","Adelaide","QantasLink","Dec-22",117,112,5,102,100,10,12,2022,12
"Port Macquarie-Sydney","Port Macquarie","Sydney","QantasLink","Dec-22",110,109,1,93,93,16,16,2022,12
"Proserpine-Brisbane","Proserpine","Brisbane","QantasLink","Dec-22",27,27,0,23,23,4,4,2022,12
"Rockhampton-Brisbane","Rockhampton","Brisbane","QantasLink","Dec-22",167,159,8,123,125,36,34,2022,12
"Sunshine Coast-Melbourne","Sunshine Coast","Melbourne","QantasLink","Dec-22",32,32,0,16,16,16,16,2022,12
"Sunshine Coast-Sydney","Sunshine Coast","Sydney","QantasLink","Dec-22",74,71,3,60,54,11,17,2022,12
"Sydney-Albury","Sydney","Albury","QantasLink","Dec-22",96,96,0,71,79,25,17,2022,12
"Sydney-Armidale","Sydney","Armidale","QantasLink","Dec-22",96,95,1,76,84,19,11,2022,12
"Sydney-Ballina","Sydney","Ballina","QantasLink","Dec-22",99,95,4,71,75,24,20,2022,12
"Sydney-Canberra","Sydney","Canberra","QantasLink","Dec-22",392,358,34,273,291,85,67,2022,12
"Sydney-Coffs Harbour","Sydney","Coffs Harbour","QantasLink","Dec-22",112,111,1,79,87,32,24,2022,12
"Sydney-Dubbo","Sydney","Dubbo","QantasLink","Dec-22",105,102,3,69,79,33,23,2022,12
"Sydney-Gold Coast","Sydney","Gold Coast","QantasLink","Dec-22",20,20,0,16,17,4,3,2022,12
"Sydney-Hobart","Sydney","Hobart","QantasLink","Dec-22",40,39,1,32,32,7,7,2022,12
"Sydney-Launceston","Sydney","Launceston","QantasLink","Dec-22",31,31,0,22,19,9,12,2022,12
"Sydney-Port Macquarie","Sydney","Port Macquarie","QantasLink","Dec-22",109,108,1,86,93,22,15,2022,12
"Sydney-Sunshine Coast","Sydney","Sunshine Coast","QantasLink","Dec-22",73,71,2,54,50,17,21,2022,12
"Sydney-Wagga Wagga","Sydney","Wagga Wagga","QantasLink","Dec-22",105,102,3,74,79,28,23,2022,12
"Townsville-Brisbane","Townsville","Brisbane","QantasLink","Dec-22",33,33,0,14,12,19,21,2022,12
"Townsville-Cairns","Townsville","Cairns","QantasLink","Dec-22",153,146,7,128,132,18,14,2022,12
"Wagga Wagga-Sydney","Wagga Wagga","Sydney","QantasLink","Dec-22",105,102,3,84,85,18,17,2022,12
"Adelaide-Melbourne","Adelaide","Melbourne","Rex Airlines","Dec-22",58,58,0,46,44,12,14,2022,12
"Adelaide-Port Lincoln","Adelaide","Port Lincoln","Rex Airlines","Dec-22",137,135,2,98,95,37,40,2022,12
"Albury-Sydney","Albury","Sydney","Rex Airlines","Dec-22",99,98,1,76,76,22,22,2022,12
"Armidale-Sydney","Armidale","Sydney","Rex Airlines","Dec-22",57,56,1,44,38,12,18,2022,12
"Brisbane-Melbourne","Brisbane","Melbourne","Rex Airlines","Dec-22",64,60,4,36,39,24,21,2022,12
"Brisbane-Sydney","Brisbane","Sydney","Rex Airlines","Dec-22",144,144,0,116,114,28,30,2022,12
"Cairns-Townsville","Cairns","Townsville","Rex Airlines","Dec-22",13,13,0,9,9,4,4,2022,12
"Canberra-Melbourne","Canberra","Melbourne","Rex Airlines","Dec-22",32,32,0,18,16,14,16,2022,12
"Coffs Harbour-Sydney","Coffs Harbour","Sydney","Rex Airlines","Dec-22",120,119,1,100,94,19,25,2022,12
"Dubbo-Sydney","Dubbo","Sydney","Rex Airlines","Dec-22",113,113,0,86,79,27,34,2022,12
"Gold Coast-Melbourne","Gold Coast","Melbourne","Rex Airlines","Dec-22",33,33,0,24,22,9,11,2022,12
"Gold Coast-Sydney","Gold Coast","Sydney","Rex Airlines","Dec-22",32,32,0,21,26,11,6,2022,12
"Melbourne-Adelaide","Melbourne","Adelaide","Rex Airlines","Dec-22",57,57,0,38,39,19,18,2022,12
"Melbourne-Brisbane","Melbourne","Brisbane","Rex Airlines","Dec-22",62,59,3,40,36,19,23,2022,12
"Melbourne-Canberra","Melbourne","Canberra","Rex Airlines","Dec-22",31,31,0,20,19,11,12,2022,12
"Melbourne-Gold Coast","Melbourne","Gold Coast","Rex Airlines","Dec-22",33,33,0,27,25,6,8,2022,12
"Melbourne-Mildura","Melbourne","Mildura","Rex Airlines","Dec-22",93,93,0,50,47,43,46,2022,12
"Melbourne-Sydney","Melbourne","Sydney","Rex Airlines","Dec-22",205,197,8,159,152,38,45,2022,12
"Mildura-Melbourne","Mildura","Melbourne","Rex Airlines","Dec-22",94,94,0,59,57,35,37,2022,12
"Port Lincoln-Adelaide","Port Lincoln","Adelaide","Rex Airlines","Dec-22",138,136,2,94,90,42,46,2022,12
"Port Macquarie-Sydney","Port Macquarie","Sydney","Rex Airlines","Dec-22",89,89,0,70,62,19,27,2022,12
"Sydney-Albury","Sydney","Albury","Rex Airlines","Dec-22",98,98,0,78,76,20,22,2022,12
"Sydney-Armidale","Sydney","Armidale","Rex Airlines","Dec-22",58,58,0,48,49,10,9,2022,12
"Sydney-Brisbane","Sydney","Brisbane","Rex Airlines","Dec-22",145,145,0,119,119,26,26,2022,12
"Sydney-Coffs Harbour","Sydney","Coffs Harbour","Rex Airlines","Dec-22",119,119,0,101,106,18,13,2022,12
"Sydney-Dubbo","Sydney","Dubbo","Rex Airlines","Dec-22",116,116,0,86,95,30,21,2022,12
"Sydney-Gold Coast","Sydney","Gold Coast","Rex Airlines","Dec-22",32,32,0,26,24,6,8,2022,12
"Sydney-Melbourne","Sydney","Melbourne","Rex Airlines","Dec-22",203,195,8,155,147,40,48,2022,12
"Sydney-Port Macquarie","Sydney","Port Macquarie","Rex Airlines","Dec-22",87,87,0,66,71,21,16,2022,12
"Sydney-Wagga Wagga","Sydney","Wagga Wagga","Rex Airlines","Dec-22",101,101,0,86,83,15,18,2022,12
"Townsville-Cairns","Townsville","Cairns","Rex Airlines","Dec-22",13,13,0,10,10,3,3,2022,12
"Wagga Wagga-Sydney","Wagga Wagga","Sydney","Rex Airlines","Dec-22",95,95,0,79,74,16,21,2022,12
"Adelaide-Alice Springs","Adelaide","Alice Springs","Virgin Australia","Dec-22",11,11,0,9,8,2,3,2022,12
"Adelaide-Brisbane","Adelaide","Brisbane","Virgin Australia","Dec-22",143,140,3,95,110,45,30,2022,12
"Adelaide-Canberra","Adelaide","Canberra","Virgin Australia","Dec-22",23,23,0,15,17,8,6,2022,12
"Adelaide-Gold Coast","Adelaide","Gold Coast","Virgin Australia","Dec-22",43,42,1,32,29,10,13,2022,12
"Adelaide-Melbourne","Adelaide","Melbourne","Virgin Australia","Dec-22",263,253,10,169,177,84,76,2022,12
"Adelaide-Perth","Adelaide","Perth","Virgin Australia","Dec-22",18,17,1,7,7,10,10,2022,12
"Adelaide-Sydney","Adelaide","Sydney","Virgin Australia","Dec-22",145,138,7,89,95,49,43,2022,12
"Alice Springs-Adelaide","Alice Springs","Adelaide","Virgin Australia","Dec-22",11,11,0,8,8,3,3,2022,12
"Ballina-Sydney","Ballina","Sydney","Virgin Australia","Dec-22",51,50,1,32,33,18,17,2022,12
"Brisbane-Adelaide","Brisbane","Adelaide","Virgin Australia","Dec-22",143,140,3,104,102,36,38,2022,12
"Brisbane-Cairns","Brisbane","Cairns","Virgin Australia","Dec-22",138,136,2,84,72,52,64,2022,12
"Brisbane-Canberra","Brisbane","Canberra","Virgin Australia","Dec-22",104,102,2,70,76,32,26,2022,12
"Brisbane-Darwin","Brisbane","Darwin","Virgin Australia","Dec-22",40,40,0,31,23,9,17,2022,12
"Brisbane-Emerald","Brisbane","Emerald","Virgin Australia","Dec-22",27,27,0,24,22,3,5,2022,12
"Brisbane-Gladstone","Brisbane","Gladstone","Virgin Australia","Dec-22",49,47,2,41,35,6,12,2022,12
"Brisbane-Hamilton Island","Brisbane","Hamilton Island","Virgin Australia","Dec-22",46,46,0,36,31,10,15,2022,12
"Brisbane-Hobart","Brisbane","Hobart","Virgin Australia","Dec-22",68,65,3,47,47,18,18,2022,12
"Brisbane-Launceston","Brisbane","Launceston","Virgin Australia","Dec-22",31,31,0,25,23,6,8,2022,12
"Brisbane-Mackay","Brisbane","Mackay","Virgin Australia","Dec-22",138,137,1,72,55,65,82,2022,12
"Brisbane-Melbourne","Brisbane","Melbourne","Virgin Australia","Dec-22",386,370,16,207,191,163,179,2022,12
"Brisbane-Mount Isa","Brisbane","Mount Isa","Virgin Australia","Dec-22",12,12,0,7,4,5,8,2022,12
"Brisbane-Newcastle","Brisbane","Newcastle","Virgin Australia","Dec-22",79,78,1,56,48,22,30,2022,12
"Brisbane-Perth","Brisbane","Perth","Virgin Australia","Dec-22",129,123,6,73,68,50,55,2022,12
"Brisbane-Proserpine","Brisbane","Proserpine","Virgin Australia","Dec-22",43,43,0,35,31,8,12,2022,12
"Brisbane-Rockhampton","Brisbane","Rockhampton","Virgin Australia","Dec-22",134,133,1,91,71,42,62,2022,12
"Brisbane-Sydney","Brisbane","Sydney","Virgin Australia","Dec-22",442,418,24,277,276,141,142,2022,12
"Brisbane-Townsville","Brisbane","Townsville","Virgin Australia","Dec-22",135,129,6,78,67,51,62,2022,12
"Broome-Perth","Broome","Perth","Virgin Australia","Dec-22",9,9,0,4,4,5,5,2022,12
"Cairns-Brisbane","Cairns","Brisbane","Virgin Australia","Dec-22",137,135,2,82,89,53,46,2022,12
"Cairns-Melbourne","Cairns","Melbourne","Virgin Australia","Dec-22",61,57,4,41,42,16,15,2022,12
"Cairns-Sydney","Cairns","Sydney","Virgin Australia","Dec-22",99,95,4,72,73,23,22,2022,12
"Canberra-Adelaide","Canberra","Adelaide","Virgin Australia","Dec-22",23,23,0,18,14,5,9,2022,12
"Canberra-Brisbane","Canberra","Brisbane","Virgin Australia","Dec-22",104,102,2,72,80,30,22,2022,12
"Canberra-Gold Coast","Canberra","Gold Coast","Virgin Australia","Dec-22",35,35,0,24,26,11,9,2022,12
"Canberra-Melbourne","Canberra","Melbourne","Virgin Australia","Dec-22",114,113,1,71,75,42,38,2022,12
"Canberra-Sydney","Canberra","Sydney","Virgin Australia","Dec-22",242,231,11,191,196,40,35,2022,12
"Darwin-Brisbane","Darwin","Brisbane","Virgin Australia","Dec-22",40,40,0,16,29,24,11,2022,12
"Darwin-Melbourne","Darwin","Melbourne","Virgin Australia","Dec-22",29,28,1,14,17,14,11,2022,12
"Darwin-Perth","Darwin","Perth","Virgin Australia","Dec-22",3,3,0,1,1,2,2,2022,12
"Darwin-Sydney","Darwin","Sydney","Virgin Australia","Dec-22",31,31,0,14,27,17,4,2022,12
"Emerald-Brisbane","Emerald","Brisbane","Virgin Australia","Dec-22",27,27,0,23,23,4,4,2022,12
"Gladstone-Brisbane","Gladstone","Brisbane","Virgin Australia","Dec-22",49,46,3,37,24,9,22,2022,12
"Gold Coast-Adelaide","Gold Coast","Adelaide","Virgin Australia","Dec-22",43,42,1,28,29,14,13,2022,12
"Gold Coast-Canberra","Gold Coast","Canberra","Virgin Australia","Dec-22",35,35,0,23,23,12,12,2022,12
"Gold Coast-Melbourne","Gold Coast","Melbourne","Virgin Australia","Dec-22",325,317,8,207,220,110,97,2022,12
"Gold Coast-Sydney","Gold Coast","Sydney","Virgin Australia","Dec-22",321,316,5,230,229,86,87,2022,12
"Hamilton Island-Brisbane","Hamilton Island","Brisbane","Virgin Australia","Dec-22",46,46,0,29,33,17,13,2022,12
"Hamilton Island-Sydney","Hamilton Island","Sydney","Virgin Australia","Dec-22",30,30,0,17,15,13,15,2022,12
"Hobart-Brisbane","Hobart","Brisbane","Virgin Australia","Dec-22",68,65,3,48,49,17,16,2022,12
"Hobart-Melbourne","Hobart","Melbourne","Virgin Australia","Dec-22",146,144,2,87,85,57,59,2022,12
"Hobart-Sydney","Hobart","Sydney","Virgin Australia","Dec-22",84,83,1,65,63,18,20,2022,12
"Kalgoorlie-Perth","Kalgoorlie","Perth","Virgin Australia","Dec-22",29,29,0,18,19,11,10,2022,12
"Karratha-Perth","Karratha","Perth","Virgin Australia","Dec-22",22,22,0,18,18,4,4,2022,12
"Launceston-Brisbane","Launceston","Brisbane","Virgin Australia","Dec-22",31,31,0,22,24,9,7,2022,12
"Launceston-Melbourne","Launceston","Melbourne","Virgin Australia","Dec-22",114,113,1,88,91,25,22,2022,12
"Launceston-Sydney","Launceston","Sydney","Virgin Australia","Dec-22",31,30,1,18,15,12,15,2022,12
"Mackay-Brisbane","Mackay","Brisbane","Virgin Australia","Dec-22",138,137,1,66,67,71,70,2022,12
"Melbourne-Adelaide","Melbourne","Adelaide","Virgin Australia","Dec-22",264,255,9,171,149,84,106,2022,12
"Melbourne-Brisbane","Melbourne","Brisbane","Virgin Australia","Dec-22",384,362,22,240,246,122,116,2022,12
"Melbourne-Cairns","Melbourne","Cairns","Virgin Australia","Dec-22",61,57,4,44,47,13,10,2022,12
"Melbourne-Canberra","Melbourne","Canberra","Virgin Australia","Dec-22",114,113,1,70,70,43,43,2022,12
"Melbourne-Darwin","Melbourne","Darwin","Virgin Australia","Dec-22",30,28,2,16,16,12,12,2022,12
"Melbourne-Gold Coast","Melbourne","Gold Coast","Virgin Australia","Dec-22",325,318,7,207,219,111,99,2022,12
"Melbourne-Hobart","Melbourne","Hobart","Virgin Australia","Dec-22",146,144,2,102,91,42,53,2022,12
"Melbourne-Launceston","Melbourne","Launceston","Virgin Australia","Dec-22",114,113,1,80,74,33,39,2022,12
"Melbourne-Newcastle","Melbourne","Newcastle","Virgin Australia","Dec-22",31,31,0,24,20,7,11,2022,12
"Melbourne-Perth","Melbourne","Perth","Virgin Australia","Dec-22",193,189,4,114,127,75,62,2022,12
"Melbourne-Sunshine Coast","Melbourne","Sunshine Coast","Virgin Australia","Dec-22",107,105,2,71,74,34,31,2022,12
"Melbourne-Sydney","Melbourne","Sydney","Virgin Australia","Dec-22",754,702,52,507,447,195,255,2022,12
"Mount Isa-Brisbane","Mount Isa","Brisbane","Virgin Australia","Dec-22",12,12,0,8,5,4,7,2022,12
"Newcastle-Brisbane","Newcastle","Brisbane","Virgin Australia","Dec-22",80,79,1,63,56,16,23,2022,12
"Newcastle-Melbourne","Newcastle","Melbourne","Virgin Australia","Dec-22",31,31,0,21,20,10,11,2022,12
"Newman-Perth","Newman","Perth","Virgin Australia","Dec-22",14,14,0,9,8,5,6,2022,12
"Perth-Adelaide","Perth","Adelaide","Virgin Australia","Dec-22",18,17,1,13,11,4,6,2022,12
"Perth-Brisbane","Perth","Brisbane","Virgin Australia","Dec-22",126,122,4,64,91,58,31,2022,12
"Perth-Broome","Perth","Broome","Virgin Australia","Dec-22",9,9,0,6,7,3,2,2022,12
"Perth-Darwin","Perth","Darwin","Virgin Australia","Dec-22",3,3,0,1,1,2,2,2022,12
"Perth-Kalgoorlie","Perth","Kalgoorlie","Virgin Australia","Dec-22",29,29,0,22,22,7,7,2022,12
"Perth-Karratha","Perth","Karratha","Virgin Australia","Dec-22",22,22,0,20,21,2,1,2022,12
"Perth-Melbourne","Perth","Melbourne","Virgin Australia","Dec-22",206,201,5,133,140,68,61,2022,12
"Perth-Newman","Perth","Newman","Virgin Australia","Dec-22",14,14,0,13,13,1,1,2022,12
"Perth-Port Hedland","Perth","Port Hedland","Virgin Australia","Dec-22",13,13,0,9,10,4,3,2022,12
"Perth-Sydney","Perth","Sydney","Virgin Australia","Dec-22",146,141,5,89,101,52,40,2022,12
"Port Hedland-Perth","Port Hedland","Perth","Virgin Australia","Dec-22",13,13,0,1,3,12,10,2022,12
"Proserpine-Brisbane","Proserpine","Brisbane","Virgin Australia","Dec-22",43,43,0,26,29,17,14,2022,12
"Rockhampton-Brisbane","Rockhampton","Brisbane","Virgin Australia","Dec-22",135,134,1,92,89,42,45,2022,12
"Sunshine Coast-Melbourne","Sunshine Coast","Melbourne","Virgin Australia","Dec-22",107,104,3,69,59,35,45,2022,12
"Sunshine Coast-Sydney","Sunshine Coast","Sydney","Virgin Australia","Dec-22",92,87,5,70,62,17,25,2022,12
"Sydney-Adelaide","Sydney","Adelaide","Virgin Australia","Dec-22",145,138,7,91,90,47,48,2022,12
"Sydney-Ballina","Sydney","Ballina","Virgin Australia","Dec-22",51,50,1,35,34,15,16,2022,12
"Sydney-Brisbane","Sydney","Brisbane","Virgin Australia","Dec-22",444,421,23,301,303,120,118,2022,12
"Sydney-Cairns","Sydney","Cairns","Virgin Australia","Dec-22",99,96,3,73,72,23,24,2022,12
"Sydney-Canberra","Sydney","Canberra","Virgin Australia","Dec-22",242,231,11,194,203,37,28,2022,12
"Sydney-Darwin","Sydney","Darwin","Virgin Australia","Dec-22",30,30,0,20,16,10,14,2022,12
"Sydney-Gold Coast","Sydney","Gold Coast","Virgin Australia","Dec-22",320,315,5,233,223,82,92,2022,12
"Sydney-Hamilton Island","Sydney","Hamilton Island","Virgin Australia","Dec-22",30,30,0,20,21,10,9,2022,12
"Sydney-Hobart","Sydney","Hobart","Virgin Australia","Dec-22",84,83,1,75,72,8,11,2022,12
"Sydney-Launceston","Sydney","Launceston","Virgin Australia","Dec-22",31,30,1,20,23,10,7,2022,12
"Sydney-Melbourne","Sydney","Melbourne","Virgin Australia","Dec-22",743,689,54,424,445,265,244,2022,12
"Sydney-Perth","Sydney","Perth","Virgin Australia","Dec-22",156,152,4,79,90,73,62,2022,12
"Sydney-Sunshine Coast","Sydney","Sunshine Coast","Virgin Australia","Dec-22",92,87,5,73,70,14,17,2022,12
"Townsville-Brisbane","Townsville","Brisbane","Virgin Australia","Dec-22",136,130,6,62,75,68,55,2022,12
"Adelaide-Perth","Adelaide","Perth","Virgin Australia Regional Airlines","Dec-22",52,43,9,17,25,26,18,2022,12
"Broome-Perth","Broome","Perth","Virgin Australia Regional Airlines","Dec-22",40,38,2,23,25,15,13,2022,12
"Darwin-Perth","Darwin","Perth","Virgin Australia Regional Airlines","Dec-22",18,18,0,9,8,9,10,2022,12
"Kalgoorlie-Perth","Kalgoorlie","Perth","Virgin Australia Regional Airlines","Dec-22",42,42,0,32,31,10,11,2022,12
"Karratha-Perth","Karratha","Perth","Virgin Australia Regional Airlines","Dec-22",32,32,0,25,25,7,7,2022,12
"Newman-Perth","Newman","Perth","Virgin Australia Regional Airlines","Dec-22",38,37,1,27,27,10,10,2022,12
"Perth-Adelaide","Perth","Adelaide","Virgin Australia Regional Airlines","Dec-22",50,42,8,27,23,15,19,2022,12
"Perth-Broome","Perth","Broome","Virgin Australia Regional Airlines","Dec-22",40,38,2,24,27,14,11,2022,12
"Perth-Darwin","Perth","Darwin","Virgin Australia Regional Airlines","Dec-22",18,18,0,11,11,7,7,2022,12
"Perth-Kalgoorlie","Perth","Kalgoorlie","Virgin Australia Regional Airlines","Dec-22",42,42,0,32,32,10,10,2022,12
"Perth-Karratha","Perth","Karratha","Virgin Australia Regional Airlines","Dec-22",32,32,0,26,26,6,6,2022,12
"Perth-Newman","Perth","Newman","Virgin Australia Regional Airlines","Dec-22",38,37,1,32,32,5,5,2022,12
"Perth-Port Hedland","Perth","Port Hedland","Virgin Australia Regional Airlines","Dec-22",35,33,2,26,26,7,7,2022,12
"Port Hedland-Perth","Port Hedland","Perth","Virgin Australia Regional Airlines","Dec-22",36,33,3,18,17,15,16,2022,12
"Adelaide-Alice Springs","Adelaide","Alice Springs","All Airlines","Dec-22",59,59,0,51,44,8,15,2022,12
"Adelaide-Brisbane","Adelaide","Brisbane","All Airlines","Dec-22",310,305,5,204,220,101,85,2022,12
"Adelaide-Canberra","Adelaide","Canberra","All Airlines","Dec-22",102,102,0,91,92,11,10,2022,12
"Adelaide-Gold Coast","Adelaide","Gold Coast","All Airlines","Dec-22",77,75,2,61,57,14,18,2022,12
"Adelaide-Melbourne","Adelaide","Melbourne","All Airlines","Dec-22",671,653,18,439,445,214,208,2022,12
"Adelaide-Perth","Adelaide","Perth","All Airlines","Dec-22",199,187,12,117,135,70,52,2022,12
"Adelaide-Port Lincoln","Adelaide","Port Lincoln","All Airlines","Dec-22",254,248,6,197,197,51,51,2022,12
"Adelaide-Sydney","Adelaide","Sydney","All Airlines","Dec-22",473,450,23,302,326,148,124,2022,12
"Albury-Sydney","Albury","Sydney","All Airlines","Dec-22",197,194,3,157,163,37,31,2022,12
"Alice Springs-Adelaide","Alice Springs","Adelaide","All Airlines","Dec-22",59,59,0,32,37,27,22,2022,12
"Armidale-Sydney","Armidale","Sydney","All Airlines","Dec-22",154,152,2,130,121,22,31,2022,12
"Ballina-Sydney","Ballina","Sydney","All Airlines","Dec-22",228,223,5,154,155,69,68,2022,12
"Brisbane-Adelaide","Brisbane","Adelaide","All Airlines","Dec-22",308,304,4,218,199,86,105,2022,12
"Brisbane-Cairns","Brisbane","Cairns","All Airlines","Dec-22",361,357,4,243,237,114,120,2022,12
"Brisbane-Canberra","Brisbane","Canberra","All Airlines","Dec-22",287,284,3,223,226,61,58,2022,12
"Brisbane-Darwin","Brisbane","Darwin","All Airlines","Dec-22",107,106,1,75,59,31,47,2022,12
"Brisbane-Emerald","Brisbane","Emerald","All Airlines","Dec-22",133,133,0,114,112,19,21,2022,12
"Brisbane-Gladstone","Brisbane","Gladstone","All Airlines","Dec-22",171,165,6,134,130,31,35,2022,12
"Brisbane-Hamilton Island","Brisbane","Hamilton Island","All Airlines","Dec-22",65,65,0,54,48,11,17,2022,12
"Brisbane-Hobart","Brisbane","Hobart","All Airlines","Dec-22",123,119,4,87,86,32,33,2022,12
"Brisbane-Launceston","Brisbane","Launceston","All Airlines","Dec-22",61,60,1,43,42,17,18,2022,12
"Brisbane-Mackay","Brisbane","Mackay","All Airlines","Dec-22",288,285,3,181,171,104,114,2022,12
"Brisbane-Melbourne","Brisbane","Melbourne","All Airlines","Dec-22",906,868,38,554,535,314,333,2022,12
"Brisbane-Mount Isa","Brisbane","Mount Isa","All Airlines","Dec-22",64,64,0,55,52,9,12,2022,12
"Brisbane-Newcastle","Brisbane","Newcastle","All Airlines","Dec-22",252,247,5,193,186,54,61,2022,12
"Brisbane-Perth","Brisbane","Perth","All Airlines","Dec-22",301,293,8,196,186,97,107,2022,12
"Brisbane-Proserpine","Brisbane","Proserpine","All Airlines","Dec-22",108,108,0,89,78,19,30,2022,12
"Brisbane-Rockhampton","Brisbane","Rockhampton","All Airlines","Dec-22",300,294,6,218,201,76,93,2022,12
"Brisbane-Sydney","Brisbane","Sydney","All Airlines","Dec-22",1202,1128,74,810,815,318,313,2022,12
"Brisbane-Townsville","Brisbane","Townsville","All Airlines","Dec-22",310,301,9,217,198,84,103,2022,12
"Broome-Perth","Broome","Perth","All Airlines","Dec-22",125,121,4,84,85,37,36,2022,12
"Cairns-Brisbane","Cairns","Brisbane","All Airlines","Dec-22",359,356,3,250,257,106,99,2022,12
"Cairns-Melbourne","Cairns","Melbourne","All Airlines","Dec-22",195,185,10,113,114,72,71,2022,12
"Cairns-Sydney","Cairns","Sydney","All Airlines","Dec-22",258,253,5,184,182,69,71,2022,12
"Cairns-Townsville","Cairns","Townsville","All Airlines","Dec-22",166,161,5,140,139,21,22,2022,12
"Canberra-Adelaide","Canberra","Adelaide","All Airlines","Dec-22",103,103,0,87,74,16,29,2022,12
"Canberra-Brisbane","Canberra","Brisbane","All Airlines","Dec-22",287,283,4,218,225,65,58,2022,12
"Canberra-Gold Coast","Canberra","Gold Coast","All Airlines","Dec-22",54,51,3,33,36,18,15,2022,12
"Canberra-Melbourne","Canberra","Melbourne","All Airlines","Dec-22",360,351,9,245,241,106,110,2022,12
"Canberra-Sydney","Canberra","Sydney","All Airlines","Dec-22",634,591,43,458,458,133,133,2022,12
"Coffs Harbour-Sydney","Coffs Harbour","Sydney","All Airlines","Dec-22",232,230,2,187,180,43,50,2022,12
"Darwin-Brisbane","Darwin","Brisbane","All Airlines","Dec-22",108,107,1,60,80,47,27,2022,12
"Darwin-Melbourne","Darwin","Melbourne","All Airlines","Dec-22",83,81,2,47,52,34,29,2022,12
"Darwin-Perth","Darwin","Perth","All Airlines","Dec-22",52,52,0,24,26,28,26,2022,12
"Darwin-Sydney","Darwin","Sydney","All Airlines","Dec-22",91,87,4,46,69,41,18,2022,12
"Dubbo-Sydney","Dubbo","Sydney","All Airlines","Dec-22",219,216,3,170,165,46,51,2022,12
"Emerald-Brisbane","Emerald","Brisbane","All Airlines","Dec-22",133,133,0,106,108,27,25,2022,12
"Gladstone-Brisbane","Gladstone","Brisbane","All Airlines","Dec-22",173,165,8,139,127,26,38,2022,12
"Gold Coast-Adelaide","Gold Coast","Adelaide","All Airlines","Dec-22",77,75,2,55,56,20,19,2022,12
"Gold Coast-Canberra","Gold Coast","Canberra","All Airlines","Dec-22",53,53,0,33,34,20,19,2022,12
"Gold Coast-Melbourne","Gold Coast","Melbourne","All Airlines","Dec-22",632,602,30,413,401,189,201,2022,12
"Gold Coast-Sydney","Gold Coast","Sydney","All Airlines","Dec-22",737,704,33,501,488,203,216,2022,12
"Hamilton Island-Brisbane","Hamilton Island","Brisbane","All Airlines","Dec-22",65,65,0,44,49,21,16,2022,12
"Hamilton Island-Sydney","Hamilton Island","Sydney","All Airlines","Dec-22",84,83,1,43,42,40,41,2022,12
"Hobart-Brisbane","Hobart","Brisbane","All Airlines","Dec-22",123,118,5,81,84,37,34,2022,12
"Hobart-Melbourne","Hobart","Melbourne","All Airlines","Dec-22",479,452,27,273,281,179,171,2022,12
"Hobart-Sydney","Hobart","Sydney","All Airlines","Dec-22",260,256,4,178,182,78,74,2022,12
"Kalgoorlie-Perth","Kalgoorlie","Perth","All Airlines","Dec-22",134,134,0,94,97,40,37,2022,12
"Karratha-Perth","Karratha","Perth","All Airlines","Dec-22",182,180,2,126,134,54,46,2022,12
"Launceston-Brisbane","Launceston","Brisbane","All Airlines","Dec-22",61,60,1,36,41,24,19,2022,12
"Launceston-Melbourne","Launceston","Melbourne","All Airlines","Dec-22",336,319,17,215,227,104,92,2022,12
"Launceston-Sydney","Launceston","Sydney","All Airlines","Dec-22",117,115,2,64,67,51,48,2022,12
"Mackay-Brisbane","Mackay","Brisbane","All Airlines","Dec-22",293,290,3,174,184,116,106,2022,12
"Melbourne-Adelaide","Melbourne","Adelaide","All Airlines","Dec-22",670,650,20,441,418,209,232,2022,12
"Melbourne-Brisbane","Melbourne","Brisbane","All Airlines","Dec-22",902,861,41,565,582,296,279,2022,12
"Melbourne-Cairns","Melbourne","Cairns","All Airlines","Dec-22",195,186,9,117,129,69,57,2022,12
"Melbourne-Canberra","Melbourne","Canberra","All Airlines","Dec-22",361,353,8,251,249,102,104,2022,12
"Melbourne-Darwin","Melbourne","Darwin","All Airlines","Dec-22",84,81,3,43,45,38,36,2022,12
"Melbourne-Gold Coast","Melbourne","Gold Coast","All Airlines","Dec-22",631,603,28,387,408,216,195,2022,12
"Melbourne-Hobart","Melbourne","Hobart","All Airlines","Dec-22",478,452,26,289,279,163,173,2022,12
"Melbourne-Launceston","Melbourne","Launceston","All Airlines","Dec-22",336,324,12,226,214,98,110,2022,12
"Melbourne-Mildura","Melbourne","Mildura","All Airlines","Dec-22",186,184,2,102,105,82,79,2022,12
"Melbourne-Newcastle","Melbourne","Newcastle","All Airlines","Dec-22",138,137,1,97,93,40,44,2022,12
"Melbourne-Perth","Melbourne","Perth","All Airlines","Dec-22",481,470,11,266,282,204,188,2022,12
"Melbourne-Sunshine Coast","Melbourne","Sunshine Coast","All Airlines","Dec-22",229,224,5,158,166,66,58,2022,12
"Melbourne-Sydney","Melbourne","Sydney","All Airlines","Dec-22",2040,1855,185,1298,1218,557,637,2022,12
"Mildura-Melbourne","Mildura","Melbourne","All Airlines","Dec-22",187,185,2,103,96,82,89,2022,12
"Mount Isa-Brisbane","Mount Isa","Brisbane","All Airlines","Dec-22",64,63,1,54,52,9,11,2022,12
"Newcastle-Brisbane","Newcastle","Brisbane","All Airlines","Dec-22",256,250,6,203,201,47,49,2022,12
"Newcastle-Melbourne","Newcastle","Melbourne","All Airlines","Dec-22",136,134,2,91,87,43,47,2022,12
"Newman-Perth","Newman","Perth","All Airlines","Dec-22",155,149,6,105,104,44,45,2022,12
"Perth-Adelaide","Perth","Adelaide","All Airlines","Dec-22",197,186,11,127,124,59,62,2022,12
"Perth-Brisbane","Perth","Brisbane","All Airlines","Dec-22",301,292,9,181,232,111,60,2022,12
"Perth-Broome","Perth","Broome","All Airlines","Dec-22",124,120,4,90,98,30,22,2022,12
"Perth-Darwin","Perth","Darwin","All Airlines","Dec-22",52,52,0,33,33,19,19,2022,12
"Perth-Kalgoorlie","Perth","Kalgoorlie","All Airlines","Dec-22",134,134,0,106,105,28,29,2022,12
"Perth-Karratha","Perth","Karratha","All Airlines","Dec-22",182,180,2,150,149,30,31,2022,12
"Perth-Melbourne","Perth","Melbourne","All Airlines","Dec-22",493,479,14,279,294,200,185,2022,12
"Perth-Newman","Perth","Newman","All Airlines","Dec-22",155,150,5,122,124,28,26,2022,12
"Perth-Port Hedland","Perth","Port Hedland","All Airlines","Dec-22",167,164,3,136,133,28,31,2022,12
"Perth-Sydney","Perth","Sydney","All Airlines","Dec-22",385,376,9,210,245,166,131,2022,12
"Port Hedland-Perth","Port Hedland","Perth","All Airlines","Dec-22",167,163,4,96,98,67,65,2022,12
"Port Lincoln-Adelaide","Port Lincoln","Adelaide","All Airlines","Dec-22",255,248,7,196,190,52,58,2022,12
"Port Macquarie-Sydney","Port Macquarie","Sydney","All Airlines","Dec-22",199,198,1,163,155,35,43,2022,12
"Proserpine-Brisbane","Proserpine","Brisbane","All Airlines","Dec-22",108,108,0,72,75,36,33,2022,12
"Rockhampton-Brisbane","Rockhampton","Brisbane","All Airlines","Dec-22",302,293,9,215,214,78,79,2022,12
"Sunshine Coast-Melbourne","Sunshine Coast","Melbourne","All Airlines","Dec-22",229,222,7,143,130,79,92,2022,12
"Sunshine Coast-Sydney","Sunshine Coast","Sydney","All Airlines","Dec-22",295,271,24,186,164,85,107,2022,12
"Sydney-Adelaide","Sydney","Adelaide","All Airlines","Dec-22",477,457,20,306,298,151,159,2022,12
"Sydney-Albury","Sydney","Albury","All Airlines","Dec-22",194,194,0,149,155,45,39,2022,12
"Sydney-Armidale","Sydney","Armidale","All Airlines","Dec-22",154,153,1,124,133,29,20,2022,12
"Sydney-Ballina","Sydney","Ballina","All Airlines","Dec-22",229,224,5,157,163,67,61,2022,12
"Sydney-Brisbane","Sydney","Brisbane","All Airlines","Dec-22",1205,1132,73,791,806,341,326,2022,12
"Sydney-Cairns","Sydney","Cairns","All Airlines","Dec-22",258,254,4,180,181,74,73,2022,12
"Sydney-Canberra","Sydney","Canberra","All Airlines","Dec-22",634,589,45,467,494,122,95,2022,12
"Sydney-Coffs Harbour","Sydney","Coffs Harbour","All Airlines","Dec-22",231,230,1,180,193,50,37,2022,12
"Sydney-Darwin","Sydney","Darwin","All Airlines","Dec-22",88,86,2,64,60,22,26,2022,12
"Sydney-Dubbo","Sydney","Dubbo","All Airlines","Dec-22",221,218,3,155,174,63,44,2022,12
"Sydney-Gold Coast","Sydney","Gold Coast","All Airlines","Dec-22",736,703,33,496,496,207,207,2022,12
"Sydney-Hamilton Island","Sydney","Hamilton Island","All Airlines","Dec-22",84,83,1,50,51,33,32,2022,12
"Sydney-Hobart","Sydney","Hobart","All Airlines","Dec-22",259,256,3,192,200,64,56,2022,12
"Sydney-Launceston","Sydney","Launceston","All Airlines","Dec-22",115,114,1,74,77,40,37,2022,12
"Sydney-Melbourne","Sydney","Melbourne","All Airlines","Dec-22",2027,1838,189,1202,1249,636,589,2022,12
"Sydney-Perth","Sydney","Perth","All Airlines","Dec-22",394,387,7,207,217,180,170,2022,12
"Sydney-Port Macquarie","Sydney","Port Macquarie","All Airlines","Dec-22",196,195,1,152,164,43,31,2022,12
"Sydney-Sunshine Coast","Sydney","Sunshine Coast","All Airlines","Dec-22",293,274,19,199,187,75,87,2022,12
"Sydney-Wagga Wagga","Sydney","Wagga Wagga","All Airlines","Dec-22",206,203,3,160,162,43,41,2022,12
"Townsville-Brisbane","Townsville","Brisbane","All Airlines","Dec-22",311,302,9,192,207,110,95,2022,12
"Townsville-Cairns","Townsville","Cairns","All Airlines","Dec-22",166,159,7,138,142,21,17,2022,12
"Wagga Wagga-Sydney","Wagga Wagga","Sydney","All Airlines","Dec-22",200,197,3,163,159,34,38,2022,12
"Adelaide-Brisbane","Adelaide","Brisbane","Jetstar","Jan-23",32,30,2,20,21,10,9,2023,1
"Adelaide-Gold Coast","Adelaide","Gold Coast","Jetstar","Jan-23",31,31,0,25,25,6,6,2023,1
"Adelaide-Melbourne","Adelaide","Melbourne","Jetstar","Jan-23",111,103,8,54,64,49,39,2023,1
"Adelaide-Perth","Adelaide","Perth","Jetstar","Jan-23",31,29,2,26,28,3,1,2023,1
"Adelaide-Sydney","Adelaide","Sydney","Jetstar","Jan-23",122,108,14,91,87,17,21,2023,1
"Ballina-Sydney","Ballina","Sydney","Jetstar","Jan-23",91,90,1,71,62,19,28,2023,1
"Brisbane-Adelaide","Brisbane","Adelaide","Jetstar","Jan-23",32,30,2,18,17,12,13,2023,1
"Brisbane-Cairns","Brisbane","Cairns","Jetstar","Jan-23",89,85,4,60,63,25,22,2023,1
"Brisbane-Canberra","Brisbane","Canberra","Jetstar","Jan-23",30,30,0,27,27,3,3,2023,1
"Brisbane-Darwin","Brisbane","Darwin","Jetstar","Jan-23",24,24,0,15,19,9,5,2023,1
"Brisbane-Hobart","Brisbane","Hobart","Jetstar","Jan-23",31,31,0,22,24,9,7,2023,1
"Brisbane-Launceston","Brisbane","Launceston","Jetstar","Jan-23",31,31,0,16,15,15,16,2023,1
"Brisbane-Mackay","Brisbane","Mackay","Jetstar","Jan-23",30,30,0,23,25,7,5,2023,1
"Brisbane-Melbourne","Brisbane","Melbourne","Jetstar","Jan-23",164,142,22,91,98,51,44,2023,1
"Brisbane-Newcastle","Brisbane","Newcastle","Jetstar","Jan-23",60,60,0,47,48,13,12,2023,1
"Brisbane-Perth","Brisbane","Perth","Jetstar","Jan-23",25,24,1,12,20,12,4,2023,1
"Brisbane-Proserpine","Brisbane","Proserpine","Jetstar","Jan-23",37,33,4,25,26,8,7,2023,1
"Brisbane-Sydney","Brisbane","Sydney","Jetstar","Jan-23",170,145,25,95,99,50,46,2023,1
"Brisbane-Townsville","Brisbane","Townsville","Jetstar","Jan-23",50,49,1,40,40,9,9,2023,1
"Cairns-Brisbane","Cairns","Brisbane","Jetstar","Jan-23",89,86,3,60,54,26,32,2023,1
"Cairns-Melbourne","Cairns","Melbourne","Jetstar","Jan-23",95,91,4,47,52,44,39,2023,1
"Cairns-Sydney","Cairns","Sydney","Jetstar","Jan-23",95,88,7,59,71,29,17,2023,1
"Canberra-Brisbane","Canberra","Brisbane","Jetstar","Jan-23",31,31,0,24,24,7,7,2023,1
"Canberra-Gold Coast","Canberra","Gold Coast","Jetstar","Jan-23",17,17,0,9,10,8,7,2023,1
"Canberra-Melbourne","Canberra","Melbourne","Jetstar","Jan-23",31,29,2,9,12,20,17,2023,1
"Darwin-Brisbane","Darwin","Brisbane","Jetstar","Jan-23",23,23,0,13,11,10,12,2023,1
"Darwin-Melbourne","Darwin","Melbourne","Jetstar","Jan-23",24,24,0,9,7,15,17,2023,1
"Darwin-Sydney","Darwin","Sydney","Jetstar","Jan-23",24,24,0,11,15,13,9,2023,1
"Gold Coast-Adelaide","Gold Coast","Adelaide","Jetstar","Jan-23",31,31,0,22,23,9,8,2023,1
"Gold Coast-Canberra","Gold Coast","Canberra","Jetstar","Jan-23",17,17,0,8,10,9,7,2023,1
"Gold Coast-Melbourne","Gold Coast","Melbourne","Jetstar","Jan-23",227,202,25,118,120,84,82,2023,1
"Gold Coast-Sydney","Gold Coast","Sydney","Jetstar","Jan-23",294,266,28,196,187,70,79,2023,1
"Hamilton Island-Sydney","Hamilton Island","Sydney","Jetstar","Jan-23",26,26,0,7,7,19,19,2023,1
"Hobart-Brisbane","Hobart","Brisbane","Jetstar","Jan-23",31,31,0,21,21,10,10,2023,1
"Hobart-Melbourne","Hobart","Melbourne","Jetstar","Jan-23",211,188,23,94,104,94,84,2023,1
"Hobart-Sydney","Hobart","Sydney","Jetstar","Jan-23",94,92,2,69,71,23,21,2023,1
"Launceston-Brisbane","Launceston","Brisbane","Jetstar","Jan-23",31,31,0,10,14,21,17,2023,1
"Launceston-Melbourne","Launceston","Melbourne","Jetstar","Jan-23",151,138,13,67,78,71,60,2023,1
"Launceston-Sydney","Launceston","Sydney","Jetstar","Jan-23",72,70,2,53,52,17,18,2023,1
"Mackay-Brisbane","Mackay","Brisbane","Jetstar","Jan-23",31,31,0,22,21,9,10,2023,1
"Melbourne-Adelaide","Melbourne","Adelaide","Jetstar","Jan-23",111,103,8,54,54,49,49,2023,1
"Melbourne-Brisbane","Melbourne","Brisbane","Jetstar","Jan-23",163,141,22,67,72,74,69,2023,1
"Melbourne-Cairns","Melbourne","Cairns","Jetstar","Jan-23",95,91,4,52,58,39,33,2023,1
"Melbourne-Canberra","Melbourne","Canberra","Jetstar","Jan-23",31,29,2,10,10,19,19,2023,1
"Melbourne-Darwin","Melbourne","Darwin","Jetstar","Jan-23",25,25,0,10,11,15,14,2023,1
"Melbourne-Gold Coast","Melbourne","Gold Coast","Jetstar","Jan-23",227,202,25,97,99,105,103,2023,1
"Melbourne-Hobart","Melbourne","Hobart","Jetstar","Jan-23",211,190,21,97,96,93,94,2023,1
"Melbourne-Launceston","Melbourne","Launceston","Jetstar","Jan-23",148,135,13,79,77,56,58,2023,1
"Melbourne-Newcastle","Melbourne","Newcastle","Jetstar","Jan-23",60,59,1,39,36,20,23,2023,1
"Melbourne-Perth","Melbourne","Perth","Jetstar","Jan-23",75,68,7,35,35,33,33,2023,1
"Melbourne-Sunshine Coast","Melbourne","Sunshine Coast","Jetstar","Jan-23",73,68,5,50,47,18,21,2023,1
"Melbourne-Sydney","Melbourne","Sydney","Jetstar","Jan-23",401,344,57,214,216,130,128,2023,1
"Newcastle-Brisbane","Newcastle","Brisbane","Jetstar","Jan-23",60,60,0,46,45,14,15,2023,1
"Newcastle-Melbourne","Newcastle","Melbourne","Jetstar","Jan-23",61,60,1,39,41,21,19,2023,1
"Perth-Adelaide","Perth","Adelaide","Jetstar","Jan-23",32,30,2,25,22,5,8,2023,1
"Perth-Brisbane","Perth","Brisbane","Jetstar","Jan-23",25,23,2,13,12,10,11,2023,1
"Perth-Melbourne","Perth","Melbourne","Jetstar","Jan-23",76,67,9,11,21,56,46,2023,1
"Perth-Sydney","Perth","Sydney","Jetstar","Jan-23",44,42,2,14,27,28,15,2023,1
"Proserpine-Brisbane","Proserpine","Brisbane","Jetstar","Jan-23",36,32,4,22,22,10,10,2023,1
"Sunshine Coast-Melbourne","Sunshine Coast","Melbourne","Jetstar","Jan-23",73,68,5,44,45,24,23,2023,1
"Sunshine Coast-Sydney","Sunshine Coast","Sydney","Jetstar","Jan-23",100,89,11,63,54,26,35,2023,1
"Sydney-Adelaide","Sydney","Adelaide","Jetstar","Jan-23",121,109,12,83,87,26,22,2023,1
"Sydney-Ballina","Sydney","Ballina","Jetstar","Jan-23",91,90,1,75,78,15,12,2023,1
"Sydney-Brisbane","Sydney","Brisbane","Jetstar","Jan-23",171,145,26,91,96,54,49,2023,1
"Sydney-Cairns","Sydney","Cairns","Jetstar","Jan-23",93,88,5,64,65,24,23,2023,1
"Sydney-Darwin","Sydney","Darwin","Jetstar","Jan-23",24,24,0,11,14,13,10,2023,1
"Sydney-Gold Coast","Sydney","Gold Coast","Jetstar","Jan-23",293,267,26,191,191,76,76,2023,1
"Sydney-Hamilton Island","Sydney","Hamilton Island","Jetstar","Jan-23",26,26,0,13,15,13,11,2023,1
"Sydney-Hobart","Sydney","Hobart","Jetstar","Jan-23",94,92,2,69,78,23,14,2023,1
"Sydney-Launceston","Sydney","Launceston","Jetstar","Jan-23",73,73,0,54,54,19,19,2023,1
"Sydney-Melbourne","Sydney","Melbourne","Jetstar","Jan-23",397,343,54,204,224,139,119,2023,1
"Sydney-Perth","Sydney","Perth","Jetstar","Jan-23",45,44,1,25,31,19,13,2023,1
"Sydney-Sunshine Coast","Sydney","Sunshine Coast","Jetstar","Jan-23",100,90,10,71,68,19,22,2023,1
"Townsville-Brisbane","Townsville","Brisbane","Jetstar","Jan-23",50,49,1,41,39,8,10,2023,1
"Adelaide-Brisbane","Adelaide","Brisbane","Qantas","Jan-23",9,9,0,8,8,1,1,2023,1
"Adelaide-Melbourne","Adelaide","Melbourne","Qantas","Jan-23",227,222,5,177,172,45,50,2023,1
"Adelaide-Perth","Adelaide","Perth","Qantas","Jan-23",108,108,0,93,96,15,12,2023,1
"Adelaide-Sydney","Adelaide","Sydney","Qantas","Jan-23",195,194,1,141,159,53,35,2023,1
"Brisbane-Adelaide","Brisbane","Adelaide","Qantas","Jan-23",9,9,0,7,7,2,2,2023,1
"Brisbane-Cairns","Brisbane","Cairns","Qantas","Jan-23",119,119,0,114,116,5,3,2023,1
"Brisbane-Canberra","Brisbane","Canberra","Qantas","Jan-23",26,26,0,25,26,1,0,2023,1
"Brisbane-Darwin","Brisbane","Darwin","Qantas","Jan-23",6,6,0,5,5,1,1,2023,1
"Brisbane-Hamilton Island","Brisbane","Hamilton Island","Qantas","Jan-23",22,22,0,21,21,1,1,2023,1
"Brisbane-Mackay","Brisbane","Mackay","Qantas","Jan-23",110,109,1,98,97,11,12,2023,1
"Brisbane-Melbourne","Brisbane","Melbourne","Qantas","Jan-23",337,332,5,287,271,45,61,2023,1
"Brisbane-Mount Isa","Brisbane","Mount Isa","Qantas","Jan-23",25,25,0,25,25,0,0,2023,1
"Brisbane-Perth","Brisbane","Perth","Qantas","Jan-23",168,167,1,137,140,30,27,2023,1
"Brisbane-Sydney","Brisbane","Sydney","Qantas","Jan-23",443,429,14,367,357,62,72,2023,1
"Brisbane-Townsville","Brisbane","Townsville","Qantas","Jan-23",102,102,0,92,95,10,7,2023,1
"Cairns-Brisbane","Cairns","Brisbane","Qantas","Jan-23",118,118,0,112,111,6,7,2023,1
"Cairns-Melbourne","Cairns","Melbourne","Qantas","Jan-23",42,42,0,36,36,6,6,2023,1
"Cairns-Sydney","Cairns","Sydney","Qantas","Jan-23",62,62,0,48,45,14,17,2023,1
"Canberra-Brisbane","Canberra","Brisbane","Qantas","Jan-23",26,26,0,26,26,0,0,2023,1
"Darwin-Brisbane","Darwin","Brisbane","Qantas","Jan-23",6,5,1,4,4,1,1,2023,1
"Darwin-Melbourne","Darwin","Melbourne","Qantas","Jan-23",26,26,0,25,24,1,2,2023,1
"Darwin-Perth","Darwin","Perth","Qantas","Jan-23",21,21,0,15,16,6,5,2023,1
"Darwin-Sydney","Darwin","Sydney","Qantas","Jan-23",31,31,0,25,23,6,8,2023,1
"Gold Coast-Melbourne","Gold Coast","Melbourne","Qantas","Jan-23",76,76,0,57,58,19,18,2023,1
"Gold Coast-Sydney","Gold Coast","Sydney","Qantas","Jan-23",99,99,0,79,67,20,32,2023,1
"Hamilton Island-Brisbane","Hamilton Island","Brisbane","Qantas","Jan-23",22,22,0,16,18,6,4,2023,1
"Hamilton Island-Sydney","Hamilton Island","Sydney","Qantas","Jan-23",31,31,0,21,22,10,9,2023,1
"Hobart-Melbourne","Hobart","Melbourne","Qantas","Jan-23",28,27,1,20,20,7,7,2023,1
"Hobart-Sydney","Hobart","Sydney","Qantas","Jan-23",36,36,0,26,29,10,7,2023,1
"Kalgoorlie-Perth","Kalgoorlie","Perth","Qantas","Jan-23",27,27,0,26,26,1,1,2023,1
"Karratha-Perth","Karratha","Perth","Qantas","Jan-23",27,26,1,22,21,4,5,2023,1
"Mackay-Brisbane","Mackay","Brisbane","Qantas","Jan-23",110,109,1,94,96,15,13,2023,1
"Melbourne-Adelaide","Melbourne","Adelaide","Qantas","Jan-23",228,226,2,186,186,40,40,2023,1
"Melbourne-Brisbane","Melbourne","Brisbane","Qantas","Jan-23",336,330,6,265,274,65,56,2023,1
"Melbourne-Cairns","Melbourne","Cairns","Qantas","Jan-23",42,42,0,35,36,7,6,2023,1
"Melbourne-Darwin","Melbourne","Darwin","Qantas","Jan-23",25,25,0,14,17,11,8,2023,1
"Melbourne-Gold Coast","Melbourne","Gold Coast","Qantas","Jan-23",75,75,0,60,62,15,13,2023,1
"Melbourne-Hobart","Melbourne","Hobart","Qantas","Jan-23",28,27,1,22,22,5,5,2023,1
"Melbourne-Perth","Melbourne","Perth","Qantas","Jan-23",238,237,1,171,162,66,75,2023,1
"Melbourne-Sunshine Coast","Melbourne","Sunshine Coast","Qantas","Jan-23",32,30,2,25,25,5,5,2023,1
"Melbourne-Sydney","Melbourne","Sydney","Qantas","Jan-23",651,605,46,500,467,105,138,2023,1
"Mount Isa-Brisbane","Mount Isa","Brisbane","Qantas","Jan-23",25,25,0,24,24,1,1,2023,1
"Newman-Perth","Newman","Perth","Qantas","Jan-23",14,13,1,10,10,3,3,2023,1
"Perth-Adelaide","Perth","Adelaide","Qantas","Jan-23",108,108,0,81,87,27,21,2023,1
"Perth-Brisbane","Perth","Brisbane","Qantas","Jan-23",166,165,1,139,149,26,16,2023,1
"Perth-Darwin","Perth","Darwin","Qantas","Jan-23",21,21,0,15,14,6,7,2023,1
"Perth-Kalgoorlie","Perth","Kalgoorlie","Qantas","Jan-23",27,27,0,26,26,1,1,2023,1
"Perth-Karratha","Perth","Karratha","Qantas","Jan-23",27,26,1,26,24,0,2,2023,1
"Perth-Melbourne","Perth","Melbourne","Qantas","Jan-23",237,234,3,143,171,91,63,2023,1
"Perth-Newman","Perth","Newman","Qantas","Jan-23",14,13,1,12,11,1,2,2023,1
"Perth-Port Hedland","Perth","Port Hedland","Qantas","Jan-23",35,35,0,22,21,13,14,2023,1
"Perth-Sydney","Perth","Sydney","Qantas","Jan-23",196,195,1,129,144,66,51,2023,1
"Port Hedland-Perth","Port Hedland","Perth","Qantas","Jan-23",35,33,2,22,22,11,11,2023,1
"Sunshine Coast-Melbourne","Sunshine Coast","Melbourne","Qantas","Jan-23",32,30,2,22,22,8,8,2023,1
"Sunshine Coast-Sydney","Sunshine Coast","Sydney","Qantas","Jan-23",48,46,2,38,39,8,7,2023,1
"Sydney-Adelaide","Sydney","Adelaide","Qantas","Jan-23",195,194,1,142,148,52,46,2023,1
"Sydney-Brisbane","Sydney","Brisbane","Qantas","Jan-23",448,433,15,311,319,122,114,2023,1
"Sydney-Cairns","Sydney","Cairns","Qantas","Jan-23",62,62,0,43,45,19,17,2023,1
"Sydney-Darwin","Sydney","Darwin","Qantas","Jan-23",31,31,0,22,24,9,7,2023,1
"Sydney-Gold Coast","Sydney","Gold Coast","Qantas","Jan-23",99,99,0,81,82,18,17,2023,1
"Sydney-Hamilton Island","Sydney","Hamilton Island","Qantas","Jan-23",31,31,0,27,27,4,4,2023,1
"Sydney-Hobart","Sydney","Hobart","Qantas","Jan-23",36,36,0,32,33,4,3,2023,1
"Sydney-Melbourne","Sydney","Melbourne","Qantas","Jan-23",652,607,45,457,474,150,133,2023,1
"Sydney-Perth","Sydney","Perth","Qantas","Jan-23",199,197,2,112,105,85,92,2023,1
"Sydney-Sunshine Coast","Sydney","Sunshine Coast","Qantas","Jan-23",48,46,2,35,39,11,7,2023,1
"Townsville-Brisbane","Townsville","Brisbane","Qantas","Jan-23",101,100,1,93,93,7,7,2023,1
"Adelaide-Alice Springs","Adelaide","Alice Springs","QantasLink","Jan-23",38,38,0,32,29,6,9,2023,1
"Adelaide-Brisbane","Adelaide","Brisbane","QantasLink","Jan-23",152,152,0,105,119,47,33,2023,1
"Adelaide-Canberra","Adelaide","Canberra","QantasLink","Jan-23",57,57,0,55,54,2,3,2023,1
"Adelaide-Melbourne","Adelaide","Melbourne","QantasLink","Jan-23",13,12,1,12,10,0,2,2023,1
"Adelaide-Port Lincoln","Adelaide","Port Lincoln","QantasLink","Jan-23",138,134,4,126,128,8,6,2023,1
"Albury-Sydney","Albury","Sydney","QantasLink","Jan-23",93,89,4,78,78,11,11,2023,1
"Alice Springs-Adelaide","Alice Springs","Adelaide","QantasLink","Jan-23",39,38,1,25,26,13,12,2023,1
"Armidale-Sydney","Armidale","Sydney","QantasLink","Jan-23",97,90,7,77,73,13,17,2023,1
"Ballina-Sydney","Ballina","Sydney","QantasLink","Jan-23",97,92,5,78,78,14,14,2023,1
"Brisbane-Adelaide","Brisbane","Adelaide","QantasLink","Jan-23",153,153,0,116,100,37,53,2023,1
"Brisbane-Cairns","Brisbane","Cairns","QantasLink","Jan-23",4,4,0,3,4,1,0,2023,1
"Brisbane-Canberra","Brisbane","Canberra","QantasLink","Jan-23",115,114,1,97,86,17,28,2023,1
"Brisbane-Darwin","Brisbane","Darwin","QantasLink","Jan-23",42,42,0,15,24,27,18,2023,1
"Brisbane-Emerald","Brisbane","Emerald","QantasLink","Jan-23",117,114,3,100,98,14,16,2023,1
"Brisbane-Gladstone","Brisbane","Gladstone","QantasLink","Jan-23",137,129,8,99,103,30,26,2023,1
"Brisbane-Hobart","Brisbane","Hobart","QantasLink","Jan-23",30,30,0,28,29,2,1,2023,1
"Brisbane-Mackay","Brisbane","Mackay","QantasLink","Jan-23",8,8,0,7,6,1,2,2023,1
"Brisbane-Mount Isa","Brisbane","Mount Isa","QantasLink","Jan-23",29,27,2,21,22,6,5,2023,1
"Brisbane-Newcastle","Brisbane","Newcastle","QantasLink","Jan-23",113,103,10,83,84,20,19,2023,1
"Brisbane-Proserpine","Brisbane","Proserpine","QantasLink","Jan-23",24,22,2,19,19,3,3,2023,1
"Brisbane-Rockhampton","Brisbane","Rockhampton","QantasLink","Jan-23",173,168,5,155,145,13,23,2023,1
"Brisbane-Townsville","Brisbane","Townsville","QantasLink","Jan-23",18,18,0,14,14,4,4,2023,1
"Broome-Perth","Broome","Perth","QantasLink","Jan-23",80,73,7,50,50,23,23,2023,1
"Cairns-Brisbane","Cairns","Brisbane","QantasLink","Jan-23",5,5,0,5,4,0,1,2023,1
"Cairns-Townsville","Cairns","Townsville","QantasLink","Jan-23",153,148,5,137,136,11,12,2023,1
"Canberra-Adelaide","Canberra","Adelaide","QantasLink","Jan-23",56,56,0,49,46,7,10,2023,1
"Canberra-Brisbane","Canberra","Brisbane","QantasLink","Jan-23",115,114,1,103,103,11,11,2023,1
"Canberra-Melbourne","Canberra","Melbourne","QantasLink","Jan-23",194,187,7,149,146,38,41,2023,1
"Canberra-Sydney","Canberra","Sydney","QantasLink","Jan-23",303,269,34,220,213,49,56,2023,1
"Coffs Harbour-Sydney","Coffs Harbour","Sydney","QantasLink","Jan-23",114,114,0,99,93,15,21,2023,1
"Darwin-Brisbane","Darwin","Brisbane","QantasLink","Jan-23",42,42,0,41,37,1,5,2023,1
"Darwin-Perth","Darwin","Perth","QantasLink","Jan-23",10,10,0,2,3,8,7,2023,1
"Dubbo-Sydney","Dubbo","Sydney","QantasLink","Jan-23",105,101,4,93,94,8,7,2023,1
"Emerald-Brisbane","Emerald","Brisbane","QantasLink","Jan-23",117,114,3,95,95,19,19,2023,1
"Gladstone-Brisbane","Gladstone","Brisbane","QantasLink","Jan-23",137,129,8,107,108,22,21,2023,1
"Gold Coast-Melbourne","Gold Coast","Melbourne","QantasLink","Jan-23",9,9,0,7,7,2,2,2023,1
"Gold Coast-Sydney","Gold Coast","Sydney","QantasLink","Jan-23",35,34,1,27,24,7,10,2023,1
"Hobart-Brisbane","Hobart","Brisbane","QantasLink","Jan-23",30,30,0,23,22,7,8,2023,1
"Hobart-Melbourne","Hobart","Melbourne","QantasLink","Jan-23",95,93,2,72,71,21,22,2023,1
"Hobart-Sydney","Hobart","Sydney","QantasLink","Jan-23",47,47,0,32,30,15,17,2023,1
"Kalgoorlie-Perth","Kalgoorlie","Perth","QantasLink","Jan-23",46,45,1,35,36,10,9,2023,1
"Karratha-Perth","Karratha","Perth","QantasLink","Jan-23",109,109,0,87,87,22,22,2023,1
"Launceston-Melbourne","Launceston","Melbourne","QantasLink","Jan-23",117,110,7,89,91,21,19,2023,1
"Launceston-Sydney","Launceston","Sydney","QantasLink","Jan-23",31,30,1,26,27,4,3,2023,1
"Mackay-Brisbane","Mackay","Brisbane","QantasLink","Jan-23",12,12,0,9,9,3,3,2023,1
"Melbourne-Adelaide","Melbourne","Adelaide","QantasLink","Jan-23",13,12,1,10,5,2,7,2023,1
"Melbourne-Canberra","Melbourne","Canberra","QantasLink","Jan-23",193,188,5,161,155,27,33,2023,1
"Melbourne-Gold Coast","Melbourne","Gold Coast","QantasLink","Jan-23",9,9,0,8,7,1,2,2023,1
"Melbourne-Hobart","Melbourne","Hobart","QantasLink","Jan-23",95,93,2,74,75,19,18,2023,1
"Melbourne-Launceston","Melbourne","Launceston","QantasLink","Jan-23",117,111,6,96,93,15,18,2023,1
"Melbourne-Mildura","Melbourne","Mildura","QantasLink","Jan-23",96,92,4,70,68,22,24,2023,1
"Melbourne-Newcastle","Melbourne","Newcastle","QantasLink","Jan-23",53,53,0,45,41,8,12,2023,1
"Melbourne-Sunshine Coast","Melbourne","Sunshine Coast","QantasLink","Jan-23",32,32,0,26,23,6,9,2023,1
"Mildura-Melbourne","Mildura","Melbourne","QantasLink","Jan-23",96,92,4,63,51,29,41,2023,1
"Mount Isa-Brisbane","Mount Isa","Brisbane","QantasLink","Jan-23",29,26,3,22,20,4,6,2023,1
"Newcastle-Brisbane","Newcastle","Brisbane","QantasLink","Jan-23",111,101,10,88,91,13,10,2023,1
"Newcastle-Melbourne","Newcastle","Melbourne","QantasLink","Jan-23",53,52,1,40,34,12,18,2023,1
"Newman-Perth","Newman","Perth","QantasLink","Jan-23",96,93,3,67,61,26,32,2023,1
"Perth-Broome","Perth","Broome","QantasLink","Jan-23",79,73,6,54,57,19,16,2023,1
"Perth-Darwin","Perth","Darwin","QantasLink","Jan-23",10,10,0,6,3,4,7,2023,1
"Perth-Kalgoorlie","Perth","Kalgoorlie","QantasLink","Jan-23",46,45,1,35,34,10,11,2023,1
"Perth-Karratha","Perth","Karratha","QantasLink","Jan-23",115,115,0,84,85,31,30,2023,1
"Perth-Newman","Perth","Newman","QantasLink","Jan-23",95,93,2,69,70,24,23,2023,1
"Perth-Port Hedland","Perth","Port Hedland","QantasLink","Jan-23",88,88,0,75,75,13,13,2023,1
"Port Hedland-Perth","Port Hedland","Perth","QantasLink","Jan-23",90,88,2,63,64,25,24,2023,1
"Port Lincoln-Adelaide","Port Lincoln","Adelaide","QantasLink","Jan-23",137,133,4,126,126,7,7,2023,1
"Port Macquarie-Sydney","Port Macquarie","Sydney","QantasLink","Jan-23",109,108,1,92,93,16,15,2023,1
"Proserpine-Brisbane","Proserpine","Brisbane","QantasLink","Jan-23",24,22,2,17,16,5,6,2023,1
"Rockhampton-Brisbane","Rockhampton","Brisbane","QantasLink","Jan-23",172,166,6,148,147,18,19,2023,1
"Sunshine Coast-Melbourne","Sunshine Coast","Melbourne","QantasLink","Jan-23",32,31,1,21,22,10,9,2023,1
"Sunshine Coast-Sydney","Sunshine Coast","Sydney","QantasLink","Jan-23",66,64,2,54,54,10,10,2023,1
"Sydney-Albury","Sydney","Albury","QantasLink","Jan-23",94,91,3,76,82,15,9,2023,1
"Sydney-Armidale","Sydney","Armidale","QantasLink","Jan-23",98,92,6,72,79,20,13,2023,1
"Sydney-Ballina","Sydney","Ballina","QantasLink","Jan-23",98,92,6,69,79,23,13,2023,1
"Sydney-Canberra","Sydney","Canberra","QantasLink","Jan-23",302,274,28,219,220,55,54,2023,1
"Sydney-Coffs Harbour","Sydney","Coffs Harbour","QantasLink","Jan-23",115,115,0,96,99,19,16,2023,1
"Sydney-Dubbo","Sydney","Dubbo","QantasLink","Jan-23",106,103,3,81,91,22,12,2023,1
"Sydney-Gold Coast","Sydney","Gold Coast","QantasLink","Jan-23",35,34,1,30,29,4,5,2023,1
"Sydney-Hobart","Sydney","Hobart","QantasLink","Jan-23",48,48,0,29,36,19,12,2023,1
"Sydney-Launceston","Sydney","Launceston","QantasLink","Jan-23",31,31,0,28,29,3,2,2023,1
"Sydney-Port Macquarie","Sydney","Port Macquarie","QantasLink","Jan-23",110,109,1,91,95,18,14,2023,1
"Sydney-Sunshine Coast","Sydney","Sunshine Coast","QantasLink","Jan-23",67,66,1,53,51,13,15,2023,1
"Sydney-Wagga Wagga","Sydney","Wagga Wagga","QantasLink","Jan-23",99,95,4,81,80,14,15,2023,1
"Townsville-Brisbane","Townsville","Brisbane","QantasLink","Jan-23",18,18,0,12,10,6,8,2023,1
"Townsville-Cairns","Townsville","Cairns","QantasLink","Jan-23",153,147,6,128,133,19,14,2023,1
"Wagga Wagga-Sydney","Wagga Wagga","Sydney","QantasLink","Jan-23",98,92,6,82,83,10,9,2023,1
"Adelaide-Melbourne","Adelaide","Melbourne","Rex Airlines","Jan-23",57,57,0,49,49,8,8,2023,1
"Adelaide-Port Lincoln","Adelaide","Port Lincoln","Rex Airlines","Jan-23",151,146,5,139,133,7,13,2023,1
"Albury-Sydney","Albury","Sydney","Rex Airlines","Jan-23",82,80,2,68,67,12,13,2023,1
"Armidale-Sydney","Armidale","Sydney","Rex Airlines","Jan-23",38,38,0,31,30,7,8,2023,1
"Brisbane-Melbourne","Brisbane","Melbourne","Rex Airlines","Jan-23",64,64,0,49,46,15,18,2023,1
"Brisbane-Sydney","Brisbane","Sydney","Rex Airlines","Jan-23",144,143,1,112,111,31,32,2023,1
"Cairns-Townsville","Cairns","Townsville","Rex Airlines","Jan-23",13,12,1,10,11,2,1,2023,1
"Canberra-Melbourne","Canberra","Melbourne","Rex Airlines","Jan-23",31,31,0,25,25,6,6,2023,1
"Coffs Harbour-Sydney","Coffs Harbour","Sydney","Rex Airlines","Jan-23",90,89,1,77,69,12,20,2023,1
"Dubbo-Sydney","Dubbo","Sydney","Rex Airlines","Jan-23",76,76,0,70,65,6,11,2023,1
"Gold Coast-Melbourne","Gold Coast","Melbourne","Rex Airlines","Jan-23",32,32,0,25,28,7,4,2023,1
"Gold Coast-Sydney","Gold Coast","Sydney","Rex Airlines","Jan-23",31,31,0,27,28,4,3,2023,1
"Melbourne-Adelaide","Melbourne","Adelaide","Rex Airlines","Jan-23",58,58,0,48,47,10,11,2023,1
"Melbourne-Brisbane","Melbourne","Brisbane","Rex Airlines","Jan-23",64,64,0,53,48,11,16,2023,1
"Melbourne-Canberra","Melbourne","Canberra","Rex Airlines","Jan-23",31,31,0,25,26,6,5,2023,1
"Melbourne-Gold Coast","Melbourne","Gold Coast","Rex Airlines","Jan-23",32,32,0,31,30,1,2,2023,1
"Melbourne-Mildura","Melbourne","Mildura","Rex Airlines","Jan-23",59,59,0,52,46,7,13,2023,1
"Melbourne-Sydney","Melbourne","Sydney","Rex Airlines","Jan-23",195,191,4,170,163,21,28,2023,1
"Mildura-Melbourne","Mildura","Melbourne","Rex Airlines","Jan-23",58,58,0,52,44,6,14,2023,1
"Port Lincoln-Adelaide","Port Lincoln","Adelaide","Rex Airlines","Jan-23",151,146,5,133,133,13,13,2023,1
"Port Macquarie-Sydney","Port Macquarie","Sydney","Rex Airlines","Jan-23",73,72,1,63,61,9,11,2023,1
"Sydney-Albury","Sydney","Albury","Rex Airlines","Jan-23",81,80,1,63,66,17,14,2023,1
"Sydney-Armidale","Sydney","Armidale","Rex Airlines","Jan-23",38,38,0,32,32,6,6,2023,1
"Sydney-Brisbane","Sydney","Brisbane","Rex Airlines","Jan-23",143,142,1,114,104,28,38,2023,1
"Sydney-Coffs Harbour","Sydney","Coffs Harbour","Rex Airlines","Jan-23",91,91,0,79,80,12,11,2023,1
"Sydney-Dubbo","Sydney","Dubbo","Rex Airlines","Jan-23",87,87,0,74,80,13,7,2023,1
"Sydney-Gold Coast","Sydney","Gold Coast","Rex Airlines","Jan-23",32,32,0,29,28,3,4,2023,1
"Sydney-Melbourne","Sydney","Melbourne","Rex Airlines","Jan-23",195,191,4,170,173,21,18,2023,1
"Sydney-Port Macquarie","Sydney","Port Macquarie","Rex Airlines","Jan-23",75,74,1,66,68,8,6,2023,1
"Sydney-Wagga Wagga","Sydney","Wagga Wagga","Rex Airlines","Jan-23",81,79,2,62,64,17,15,2023,1
"Townsville-Cairns","Townsville","Cairns","Rex Airlines","Jan-23",13,12,1,10,10,2,2,2023,1
"Wagga Wagga-Sydney","Wagga Wagga","Sydney","Rex Airlines","Jan-23",80,78,2,70,62,8,16,2023,1
"Adelaide-Alice Springs","Adelaide","Alice Springs","Virgin Australia","Jan-23",9,9,0,8,7,1,2,2023,1
"Adelaide-Brisbane","Adelaide","Brisbane","Virgin Australia","Jan-23",140,136,4,102,105,34,31,2023,1
"Adelaide-Canberra","Adelaide","Canberra","Virgin Australia","Jan-23",19,19,0,13,14,6,5,2023,1
"Adelaide-Gold Coast","Adelaide","Gold Coast","Virgin Australia","Jan-23",43,42,1,36,38,6,4,2023,1
"Adelaide-Melbourne","Adelaide","Melbourne","Virgin Australia","Jan-23",273,269,4,202,224,67,45,2023,1
"Adelaide-Perth","Adelaide","Perth","Virgin Australia","Jan-23",21,21,0,12,11,9,10,2023,1
"Adelaide-Sydney","Adelaide","Sydney","Virgin Australia","Jan-23",141,138,3,104,104,34,34,2023,1
"Alice Springs-Adelaide","Alice Springs","Adelaide","Virgin Australia","Jan-23",9,9,0,6,7,3,2,2023,1
"Ballina-Sydney","Ballina","Sydney","Virgin Australia","Jan-23",52,52,0,32,35,20,17,2023,1
"Brisbane-Adelaide","Brisbane","Adelaide","Virgin Australia","Jan-23",140,136,4,100,100,36,36,2023,1
"Brisbane-Cairns","Brisbane","Cairns","Virgin Australia","Jan-23",136,135,1,100,98,35,37,2023,1
"Brisbane-Canberra","Brisbane","Canberra","Virgin Australia","Jan-23",94,93,1,70,75,23,18,2023,1
"Brisbane-Darwin","Brisbane","Darwin","Virgin Australia","Jan-23",40,40,0,31,30,9,10,2023,1
"Brisbane-Emerald","Brisbane","Emerald","Virgin Australia","Jan-23",27,27,0,18,19,9,8,2023,1
"Brisbane-Gladstone","Brisbane","Gladstone","Virgin Australia","Jan-23",48,46,2,30,28,16,18,2023,1
"Brisbane-Hamilton Island","Brisbane","Hamilton Island","Virgin Australia","Jan-23",40,40,0,37,33,3,7,2023,1
"Brisbane-Hobart","Brisbane","Hobart","Virgin Australia","Jan-23",58,57,1,45,44,12,13,2023,1
"Brisbane-Launceston","Brisbane","Launceston","Virgin Australia","Jan-23",25,24,1,17,17,7,7,2023,1
"Brisbane-Mackay","Brisbane","Mackay","Virgin Australia","Jan-23",134,131,3,77,65,54,66,2023,1
"Brisbane-Melbourne","Brisbane","Melbourne","Virgin Australia","Jan-23",403,393,10,269,259,124,134,2023,1
"Brisbane-Mount Isa","Brisbane","Mount Isa","Virgin Australia","Jan-23",12,12,0,7,6,5,6,2023,1
"Brisbane-Newcastle","Brisbane","Newcastle","Virgin Australia","Jan-23",84,82,2,51,49,31,33,2023,1
"Brisbane-Perth","Brisbane","Perth","Virgin Australia","Jan-23",136,133,3,93,90,40,43,2023,1
"Brisbane-Proserpine","Brisbane","Proserpine","Virgin Australia","Jan-23",49,44,5,37,36,7,8,2023,1
"Brisbane-Rockhampton","Brisbane","Rockhampton","Virgin Australia","Jan-23",136,135,1,77,61,58,74,2023,1
"Brisbane-Sydney","Brisbane","Sydney","Virgin Australia","Jan-23",418,405,13,270,266,135,139,2023,1
"Brisbane-Townsville","Brisbane","Townsville","Virgin Australia","Jan-23",138,126,12,82,85,44,41,2023,1
"Broome-Perth","Broome","Perth","Virgin Australia","Jan-23",11,10,1,2,3,8,7,2023,1
"Cairns-Brisbane","Cairns","Brisbane","Virgin Australia","Jan-23",136,135,1,97,105,38,30,2023,1
"Cairns-Melbourne","Cairns","Melbourne","Virgin Australia","Jan-23",49,49,0,33,35,16,14,2023,1
"Cairns-Sydney","Cairns","Sydney","Virgin Australia","Jan-23",81,81,0,64,63,17,18,2023,1
"Canberra-Adelaide","Canberra","Adelaide","Virgin Australia","Jan-23",19,19,0,15,13,4,6,2023,1
"Canberra-Brisbane","Canberra","Brisbane","Virgin Australia","Jan-23",94,92,2,70,70,22,22,2023,1
"Canberra-Gold Coast","Canberra","Gold Coast","Virgin Australia","Jan-23",45,45,0,38,37,7,8,2023,1
"Canberra-Melbourne","Canberra","Melbourne","Virgin Australia","Jan-23",105,105,0,80,79,25,26,2023,1
"Canberra-Sydney","Canberra","Sydney","Virgin Australia","Jan-23",212,209,3,173,179,36,30,2023,1
"Darwin-Brisbane","Darwin","Brisbane","Virgin Australia","Jan-23",39,39,0,28,30,11,9,2023,1
"Darwin-Melbourne","Darwin","Melbourne","Virgin Australia","Jan-23",20,19,1,8,11,11,8,2023,1
"Darwin-Perth","Darwin","Perth","Virgin Australia","Jan-23",2,2,0,2,2,0,0,2023,1
"Darwin-Sydney","Darwin","Sydney","Virgin Australia","Jan-23",7,7,0,5,6,2,1,2023,1
"Emerald-Brisbane","Emerald","Brisbane","Virgin Australia","Jan-23",27,27,0,19,18,8,9,2023,1
"Gladstone-Brisbane","Gladstone","Brisbane","Virgin Australia","Jan-23",48,46,2,31,21,15,25,2023,1
"Gold Coast-Adelaide","Gold Coast","Adelaide","Virgin Australia","Jan-23",43,42,1,34,34,8,8,2023,1
"Gold Coast-Canberra","Gold Coast","Canberra","Virgin Australia","Jan-23",45,45,0,35,37,10,8,2023,1
"Gold Coast-Melbourne","Gold Coast","Melbourne","Virgin Australia","Jan-23",328,328,0,271,270,57,58,2023,1
"Gold Coast-Sydney","Gold Coast","Sydney","Virgin Australia","Jan-23",320,314,6,239,233,75,81,2023,1
"Hamilton Island-Brisbane","Hamilton Island","Brisbane","Virgin Australia","Jan-23",40,40,0,28,30,12,10,2023,1
"Hamilton Island-Sydney","Hamilton Island","Sydney","Virgin Australia","Jan-23",31,31,0,23,23,8,8,2023,1
"Hobart-Brisbane","Hobart","Brisbane","Virgin Australia","Jan-23",58,57,1,38,37,19,20,2023,1
"Hobart-Melbourne","Hobart","Melbourne","Virgin Australia","Jan-23",141,140,1,95,86,45,54,2023,1
"Hobart-Sydney","Hobart","Sydney","Virgin Australia","Jan-23",79,77,2,52,45,25,32,2023,1
"Kalgoorlie-Perth","Kalgoorlie","Perth","Virgin Australia","Jan-23",27,26,1,19,16,7,10,2023,1
"Karratha-Perth","Karratha","Perth","Virgin Australia","Jan-23",23,23,0,21,20,2,3,2023,1
"Launceston-Brisbane","Launceston","Brisbane","Virgin Australia","Jan-23",25,24,1,18,17,6,7,2023,1
"Launceston-Melbourne","Launceston","Melbourne","Virgin Australia","Jan-23",97,97,0,81,79,16,18,2023,1
"Launceston-Sydney","Launceston","Sydney","Virgin Australia","Jan-23",31,31,0,27,20,4,11,2023,1
"Mackay-Brisbane","Mackay","Brisbane","Virgin Australia","Jan-23",135,131,4,76,74,55,57,2023,1
"Melbourne-Adelaide","Melbourne","Adelaide","Virgin Australia","Jan-23",274,270,4,214,195,56,75,2023,1
"Melbourne-Brisbane","Melbourne","Brisbane","Virgin Australia","Jan-23",403,393,10,302,283,91,110,2023,1
"Melbourne-Cairns","Melbourne","Cairns","Virgin Australia","Jan-23",49,49,0,42,40,7,9,2023,1
"Melbourne-Canberra","Melbourne","Canberra","Virgin Australia","Jan-23",105,105,0,82,75,23,30,2023,1
"Melbourne-Darwin","Melbourne","Darwin","Virgin Australia","Jan-23",20,20,0,13,10,7,10,2023,1
"Melbourne-Gold Coast","Melbourne","Gold Coast","Virgin Australia","Jan-23",328,328,0,268,273,60,55,2023,1
"Melbourne-Hobart","Melbourne","Hobart","Virgin Australia","Jan-23",141,140,1,108,104,32,36,2023,1
"Melbourne-Launceston","Melbourne","Launceston","Virgin Australia","Jan-23",97,97,0,72,71,25,26,2023,1
"Melbourne-Newcastle","Melbourne","Newcastle","Virgin Australia","Jan-23",31,31,0,24,21,7,10,2023,1
"Melbourne-Perth","Melbourne","Perth","Virgin Australia","Jan-23",192,190,2,144,153,46,37,2023,1
"Melbourne-Sunshine Coast","Melbourne","Sunshine Coast","Virgin Australia","Jan-23",111,111,0,87,86,24,25,2023,1
"Melbourne-Sydney","Melbourne","Sydney","Virgin Australia","Jan-23",736,701,35,594,546,107,155,2023,1
"Mount Isa-Brisbane","Mount Isa","Brisbane","Virgin Australia","Jan-23",12,12,0,8,3,4,9,2023,1
"Newcastle-Brisbane","Newcastle","Brisbane","Virgin Australia","Jan-23",83,81,2,56,54,25,27,2023,1
"Newcastle-Melbourne","Newcastle","Melbourne","Virgin Australia","Jan-23",31,31,0,18,16,13,15,2023,1
"Newman-Perth","Newman","Perth","Virgin Australia","Jan-23",18,17,1,9,9,8,8,2023,1
"Perth-Adelaide","Perth","Adelaide","Virgin Australia","Jan-23",21,21,0,16,17,5,4,2023,1
"Perth-Brisbane","Perth","Brisbane","Virgin Australia","Jan-23",138,135,3,89,116,46,19,2023,1
"Perth-Broome","Perth","Broome","Virgin Australia","Jan-23",11,10,1,4,4,6,6,2023,1
"Perth-Darwin","Perth","Darwin","Virgin Australia","Jan-23",2,2,0,0,0,2,2,2023,1
"Perth-Kalgoorlie","Perth","Kalgoorlie","Virgin Australia","Jan-23",27,26,1,19,20,7,6,2023,1
"Perth-Karratha","Perth","Karratha","Virgin Australia","Jan-23",23,23,0,22,22,1,1,2023,1
"Perth-Melbourne","Perth","Melbourne","Virgin Australia","Jan-23",198,196,2,141,143,55,53,2023,1
"Perth-Newman","Perth","Newman","Virgin Australia","Jan-23",18,18,0,15,14,3,4,2023,1
"Perth-Port Hedland","Perth","Port Hedland","Virgin Australia","Jan-23",11,11,0,10,11,1,0,2023,1
"Perth-Sydney","Perth","Sydney","Virgin Australia","Jan-23",151,151,0,110,126,41,25,2023,1
"Port Hedland-Perth","Port Hedland","Perth","Virgin Australia","Jan-23",11,11,0,8,8,3,3,2023,1
"Proserpine-Brisbane","Proserpine","Brisbane","Virgin Australia","Jan-23",49,44,5,33,33,11,11,2023,1
"Rockhampton-Brisbane","Rockhampton","Brisbane","Virgin Australia","Jan-23",135,134,1,83,74,51,60,2023,1
"Sunshine Coast-Melbourne","Sunshine Coast","Melbourne","Virgin Australia","Jan-23",111,111,0,86,77,25,34,2023,1
"Sunshine Coast-Sydney","Sunshine Coast","Sydney","Virgin Australia","Jan-23",83,83,0,71,64,12,19,2023,1
"Sydney-Adelaide","Sydney","Adelaide","Virgin Australia","Jan-23",141,138,3,99,109,39,29,2023,1
"Sydney-Ballina","Sydney","Ballina","Virgin Australia","Jan-23",52,52,0,37,35,15,17,2023,1
"Sydney-Brisbane","Sydney","Brisbane","Virgin Australia","Jan-23",417,406,11,304,303,102,103,2023,1
"Sydney-Cairns","Sydney","Cairns","Virgin Australia","Jan-23",80,80,0,62,66,18,14,2023,1
"Sydney-Canberra","Sydney","Canberra","Virgin Australia","Jan-23",212,209,3,164,177,45,32,2023,1
"Sydney-Darwin","Sydney","Darwin","Virgin Australia","Jan-23",7,7,0,2,2,5,5,2023,1
"Sydney-Gold Coast","Sydney","Gold Coast","Virgin Australia","Jan-23",319,314,5,240,234,74,80,2023,1
"Sydney-Hamilton Island","Sydney","Hamilton Island","Virgin Australia","Jan-23",31,31,0,25,25,6,6,2023,1
"Sydney-Hobart","Sydney","Hobart","Virgin Australia","Jan-23",79,78,1,67,69,11,9,2023,1
"Sydney-Launceston","Sydney","Launceston","Virgin Australia","Jan-23",31,31,0,25,27,6,4,2023,1
"Sydney-Melbourne","Sydney","Melbourne","Virgin Australia","Jan-23",727,688,39,507,529,181,159,2023,1
"Sydney-Perth","Sydney","Perth","Virgin Australia","Jan-23",162,162,0,119,128,43,34,2023,1
"Sydney-Sunshine Coast","Sydney","Sunshine Coast","Virgin Australia","Jan-23",83,83,0,70,70,13,13,2023,1
"Townsville-Brisbane","Townsville","Brisbane","Virgin Australia","Jan-23",137,123,14,87,85,36,38,2023,1
"Adelaide-Perth","Adelaide","Perth","Virgin Australia Regional Airlines","Jan-23",45,42,3,19,25,23,17,2023,1
"Broome-Perth","Broome","Perth","Virgin Australia Regional Airlines","Jan-23",33,31,2,17,21,14,10,2023,1
"Darwin-Perth","Darwin","Perth","Virgin Australia Regional Airlines","Jan-23",20,20,0,11,14,9,6,2023,1
"Kalgoorlie-Perth","Kalgoorlie","Perth","Virgin Australia Regional Airlines","Jan-23",43,43,0,36,32,7,11,2023,1
"Karratha-Perth","Karratha","Perth","Virgin Australia Regional Airlines","Jan-23",30,30,0,22,21,8,9,2023,1
"Newman-Perth","Newman","Perth","Virgin Australia Regional Airlines","Jan-23",36,36,0,24,24,12,12,2023,1
"Perth-Adelaide","Perth","Adelaide","Virgin Australia Regional Airlines","Jan-23",45,42,3,28,25,14,17,2023,1
"Perth-Broome","Perth","Broome","Virgin Australia Regional Airlines","Jan-23",33,31,2,22,24,9,7,2023,1
"Perth-Darwin","Perth","Darwin","Virgin Australia Regional Airlines","Jan-23",20,20,0,11,11,9,9,2023,1
"Perth-Kalgoorlie","Perth","Kalgoorlie","Virgin Australia Regional Airlines","Jan-23",43,43,0,39,34,4,9,2023,1
"Perth-Karratha","Perth","Karratha","Virgin Australia Regional Airlines","Jan-23",30,30,0,27,25,3,5,2023,1
"Perth-Newman","Perth","Newman","Virgin Australia Regional Airlines","Jan-23",36,36,0,28,26,8,10,2023,1
"Perth-Port Hedland","Perth","Port Hedland","Virgin Australia Regional Airlines","Jan-23",39,37,2,29,29,8,8,2023,1
"Port Hedland-Perth","Port Hedland","Perth","Virgin Australia Regional Airlines","Jan-23",39,37,2,25,23,12,14,2023,1
"Adelaide-Alice Springs","Adelaide","Alice Springs","All Airlines","Jan-23",47,47,0,40,36,7,11,2023,1
"Adelaide-Brisbane","Adelaide","Brisbane","All Airlines","Jan-23",333,327,6,235,253,92,74,2023,1
"Adelaide-Canberra","Adelaide","Canberra","All Airlines","Jan-23",76,76,0,68,68,8,8,2023,1
"Adelaide-Gold Coast","Adelaide","Gold Coast","All Airlines","Jan-23",74,73,1,61,63,12,10,2023,1
"Adelaide-Melbourne","Adelaide","Melbourne","All Airlines","Jan-23",681,663,18,494,519,169,144,2023,1
"Adelaide-Perth","Adelaide","Perth","All Airlines","Jan-23",205,200,5,150,160,50,40,2023,1
"Adelaide-Port Lincoln","Adelaide","Port Lincoln","All Airlines","Jan-23",289,280,9,265,261,15,19,2023,1
"Adelaide-Sydney","Adelaide","Sydney","All Airlines","Jan-23",458,440,18,336,350,104,90,2023,1
"Albury-Sydney","Albury","Sydney","All Airlines","Jan-23",175,169,6,146,145,23,24,2023,1
"Alice Springs-Adelaide","Alice Springs","Adelaide","All Airlines","Jan-23",48,47,1,31,33,16,14,2023,1
"Armidale-Sydney","Armidale","Sydney","All Airlines","Jan-23",135,128,7,108,103,20,25,2023,1
"Ballina-Sydney","Ballina","Sydney","All Airlines","Jan-23",240,234,6,181,175,53,59,2023,1
"Brisbane-Adelaide","Brisbane","Adelaide","All Airlines","Jan-23",334,328,6,241,224,87,104,2023,1
"Brisbane-Cairns","Brisbane","Cairns","All Airlines","Jan-23",348,343,5,277,281,66,62,2023,1
"Brisbane-Canberra","Brisbane","Canberra","All Airlines","Jan-23",265,263,2,219,214,44,49,2023,1
"Brisbane-Darwin","Brisbane","Darwin","All Airlines","Jan-23",112,112,0,66,78,46,34,2023,1
"Brisbane-Emerald","Brisbane","Emerald","All Airlines","Jan-23",144,141,3,118,117,23,24,2023,1
"Brisbane-Gladstone","Brisbane","Gladstone","All Airlines","Jan-23",185,175,10,129,131,46,44,2023,1
"Brisbane-Hamilton Island","Brisbane","Hamilton Island","All Airlines","Jan-23",62,62,0,58,54,4,8,2023,1
"Brisbane-Hobart","Brisbane","Hobart","All Airlines","Jan-23",119,118,1,95,97,23,21,2023,1
"Brisbane-Launceston","Brisbane","Launceston","All Airlines","Jan-23",56,55,1,33,32,22,23,2023,1
"Brisbane-Mackay","Brisbane","Mackay","All Airlines","Jan-23",282,278,4,205,193,73,85,2023,1
"Brisbane-Melbourne","Brisbane","Melbourne","All Airlines","Jan-23",968,931,37,696,674,235,257,2023,1
"Brisbane-Mount Isa","Brisbane","Mount Isa","All Airlines","Jan-23",66,64,2,53,53,11,11,2023,1
"Brisbane-Newcastle","Brisbane","Newcastle","All Airlines","Jan-23",257,245,12,181,181,64,64,2023,1
"Brisbane-Perth","Brisbane","Perth","All Airlines","Jan-23",329,324,5,242,250,82,74,2023,1
"Brisbane-Proserpine","Brisbane","Proserpine","All Airlines","Jan-23",110,99,11,81,81,18,18,2023,1
"Brisbane-Rockhampton","Brisbane","Rockhampton","All Airlines","Jan-23",309,303,6,232,206,71,97,2023,1
"Brisbane-Sydney","Brisbane","Sydney","All Airlines","Jan-23",1175,1122,53,844,833,278,289,2023,1
"Brisbane-Townsville","Brisbane","Townsville","All Airlines","Jan-23",308,295,13,228,234,67,61,2023,1
"Broome-Perth","Broome","Perth","All Airlines","Jan-23",124,114,10,69,74,45,40,2023,1
"Cairns-Brisbane","Cairns","Brisbane","All Airlines","Jan-23",348,344,4,274,274,70,70,2023,1
"Cairns-Melbourne","Cairns","Melbourne","All Airlines","Jan-23",186,182,4,116,123,66,59,2023,1
"Cairns-Sydney","Cairns","Sydney","All Airlines","Jan-23",238,231,7,171,179,60,52,2023,1
"Cairns-Townsville","Cairns","Townsville","All Airlines","Jan-23",166,160,6,147,147,13,13,2023,1
"Canberra-Adelaide","Canberra","Adelaide","All Airlines","Jan-23",75,75,0,64,59,11,16,2023,1
"Canberra-Brisbane","Canberra","Brisbane","All Airlines","Jan-23",266,263,3,223,223,40,40,2023,1
"Canberra-Gold Coast","Canberra","Gold Coast","All Airlines","Jan-23",62,62,0,47,47,15,15,2023,1
"Canberra-Melbourne","Canberra","Melbourne","All Airlines","Jan-23",361,352,9,263,262,89,90,2023,1
"Canberra-Sydney","Canberra","Sydney","All Airlines","Jan-23",515,478,37,393,392,85,86,2023,1
"Coffs Harbour-Sydney","Coffs Harbour","Sydney","All Airlines","Jan-23",204,203,1,176,162,27,41,2023,1
"Darwin-Brisbane","Darwin","Brisbane","All Airlines","Jan-23",110,109,1,86,82,23,27,2023,1
"Darwin-Melbourne","Darwin","Melbourne","All Airlines","Jan-23",70,69,1,42,42,27,27,2023,1
"Darwin-Perth","Darwin","Perth","All Airlines","Jan-23",53,53,0,30,35,23,18,2023,1
"Darwin-Sydney","Darwin","Sydney","All Airlines","Jan-23",62,62,0,41,44,21,18,2023,1
"Dubbo-Sydney","Dubbo","Sydney","All Airlines","Jan-23",181,177,4,163,159,14,18,2023,1
"Emerald-Brisbane","Emerald","Brisbane","All Airlines","Jan-23",144,141,3,114,113,27,28,2023,1
"Gladstone-Brisbane","Gladstone","Brisbane","All Airlines","Jan-23",185,175,10,138,129,37,46,2023,1
"Gold Coast-Adelaide","Gold Coast","Adelaide","All Airlines","Jan-23",74,73,1,56,57,17,16,2023,1
"Gold Coast-Canberra","Gold Coast","Canberra","All Airlines","Jan-23",62,62,0,43,47,19,15,2023,1
"Gold Coast-Melbourne","Gold Coast","Melbourne","All Airlines","Jan-23",672,647,25,478,483,169,164,2023,1
"Gold Coast-Sydney","Gold Coast","Sydney","All Airlines","Jan-23",779,744,35,568,539,176,205,2023,1
"Hamilton Island-Brisbane","Hamilton Island","Brisbane","All Airlines","Jan-23",62,62,0,44,48,18,14,2023,1
"Hamilton Island-Sydney","Hamilton Island","Sydney","All Airlines","Jan-23",88,88,0,51,52,37,36,2023,1
"Hobart-Brisbane","Hobart","Brisbane","All Airlines","Jan-23",119,118,1,82,80,36,38,2023,1
"Hobart-Melbourne","Hobart","Melbourne","All Airlines","Jan-23",475,448,27,281,281,167,167,2023,1
"Hobart-Sydney","Hobart","Sydney","All Airlines","Jan-23",256,252,4,179,175,73,77,2023,1
"Kalgoorlie-Perth","Kalgoorlie","Perth","All Airlines","Jan-23",143,141,2,116,110,25,31,2023,1
"Karratha-Perth","Karratha","Perth","All Airlines","Jan-23",189,188,1,152,149,36,39,2023,1
"Launceston-Brisbane","Launceston","Brisbane","All Airlines","Jan-23",56,55,1,28,31,27,24,2023,1
"Launceston-Melbourne","Launceston","Melbourne","All Airlines","Jan-23",365,345,20,237,248,108,97,2023,1
"Launceston-Sydney","Launceston","Sydney","All Airlines","Jan-23",134,131,3,106,99,25,32,2023,1
"Mackay-Brisbane","Mackay","Brisbane","All Airlines","Jan-23",288,283,5,201,200,82,83,2023,1
"Melbourne-Adelaide","Melbourne","Adelaide","All Airlines","Jan-23",684,669,15,512,487,157,182,2023,1
"Melbourne-Brisbane","Melbourne","Brisbane","All Airlines","Jan-23",966,928,38,687,677,241,251,2023,1
"Melbourne-Cairns","Melbourne","Cairns","All Airlines","Jan-23",186,182,4,129,134,53,48,2023,1
"Melbourne-Canberra","Melbourne","Canberra","All Airlines","Jan-23",360,353,7,278,266,75,87,2023,1
"Melbourne-Darwin","Melbourne","Darwin","All Airlines","Jan-23",70,70,0,37,38,33,32,2023,1
"Melbourne-Gold Coast","Melbourne","Gold Coast","All Airlines","Jan-23",671,646,25,464,471,182,175,2023,1
"Melbourne-Hobart","Melbourne","Hobart","All Airlines","Jan-23",475,450,25,301,297,149,153,2023,1
"Melbourne-Launceston","Melbourne","Launceston","All Airlines","Jan-23",362,343,19,247,241,96,102,2023,1
"Melbourne-Mildura","Melbourne","Mildura","All Airlines","Jan-23",155,151,4,122,114,29,37,2023,1
"Melbourne-Newcastle","Melbourne","Newcastle","All Airlines","Jan-23",144,143,1,108,98,35,45,2023,1
"Melbourne-Perth","Melbourne","Perth","All Airlines","Jan-23",505,495,10,350,350,145,145,2023,1
"Melbourne-Sunshine Coast","Melbourne","Sunshine Coast","All Airlines","Jan-23",248,241,7,188,181,53,60,2023,1
"Melbourne-Sydney","Melbourne","Sydney","All Airlines","Jan-23",1983,1841,142,1478,1392,363,449,2023,1
"Mildura-Melbourne","Mildura","Melbourne","All Airlines","Jan-23",154,150,4,115,95,35,55,2023,1
"Mount Isa-Brisbane","Mount Isa","Brisbane","All Airlines","Jan-23",66,63,3,54,47,9,16,2023,1
"Newcastle-Brisbane","Newcastle","Brisbane","All Airlines","Jan-23",254,242,12,190,190,52,52,2023,1
"Newcastle-Melbourne","Newcastle","Melbourne","All Airlines","Jan-23",145,143,2,97,91,46,52,2023,1
"Newman-Perth","Newman","Perth","All Airlines","Jan-23",164,159,5,110,104,49,55,2023,1
"Perth-Adelaide","Perth","Adelaide","All Airlines","Jan-23",206,201,5,150,151,51,50,2023,1
"Perth-Brisbane","Perth","Brisbane","All Airlines","Jan-23",329,323,6,241,277,82,46,2023,1
"Perth-Broome","Perth","Broome","All Airlines","Jan-23",123,114,9,80,85,34,29,2023,1
"Perth-Darwin","Perth","Darwin","All Airlines","Jan-23",53,53,0,32,28,21,25,2023,1
"Perth-Kalgoorlie","Perth","Kalgoorlie","All Airlines","Jan-23",143,141,2,119,114,22,27,2023,1
"Perth-Karratha","Perth","Karratha","All Airlines","Jan-23",195,194,1,159,156,35,38,2023,1
"Perth-Melbourne","Perth","Melbourne","All Airlines","Jan-23",511,497,14,295,335,202,162,2023,1
"Perth-Newman","Perth","Newman","All Airlines","Jan-23",163,160,3,124,121,36,39,2023,1
"Perth-Port Hedland","Perth","Port Hedland","All Airlines","Jan-23",173,171,2,136,136,35,35,2023,1
"Perth-Sydney","Perth","Sydney","All Airlines","Jan-23",391,388,3,253,297,135,91,2023,1
"Port Hedland-Perth","Port Hedland","Perth","All Airlines","Jan-23",175,169,6,118,117,51,52,2023,1
"Port Lincoln-Adelaide","Port Lincoln","Adelaide","All Airlines","Jan-23",288,279,9,259,259,20,20,2023,1
"Port Macquarie-Sydney","Port Macquarie","Sydney","All Airlines","Jan-23",182,180,2,155,154,25,26,2023,1
"Proserpine-Brisbane","Proserpine","Brisbane","All Airlines","Jan-23",109,98,11,72,71,26,27,2023,1
"Rockhampton-Brisbane","Rockhampton","Brisbane","All Airlines","Jan-23",307,300,7,231,221,69,79,2023,1
"Sunshine Coast-Melbourne","Sunshine Coast","Melbourne","All Airlines","Jan-23",248,240,8,173,166,67,74,2023,1
"Sunshine Coast-Sydney","Sunshine Coast","Sydney","All Airlines","Jan-23",297,282,15,226,211,56,71,2023,1
"Sydney-Adelaide","Sydney","Adelaide","All Airlines","Jan-23",457,441,16,324,344,117,97,2023,1
"Sydney-Albury","Sydney","Albury","All Airlines","Jan-23",175,171,4,139,148,32,23,2023,1
"Sydney-Armidale","Sydney","Armidale","All Airlines","Jan-23",136,130,6,104,111,26,19,2023,1
"Sydney-Ballina","Sydney","Ballina","All Airlines","Jan-23",241,234,7,181,192,53,42,2023,1
"Sydney-Brisbane","Sydney","Brisbane","All Airlines","Jan-23",1179,1126,53,820,822,306,304,2023,1
"Sydney-Cairns","Sydney","Cairns","All Airlines","Jan-23",235,230,5,169,176,61,54,2023,1
"Sydney-Canberra","Sydney","Canberra","All Airlines","Jan-23",514,483,31,383,397,100,86,2023,1
"Sydney-Coffs Harbour","Sydney","Coffs Harbour","All Airlines","Jan-23",206,206,0,175,179,31,27,2023,1
"Sydney-Darwin","Sydney","Darwin","All Airlines","Jan-23",62,62,0,35,40,27,22,2023,1
"Sydney-Dubbo","Sydney","Dubbo","All Airlines","Jan-23",193,190,3,155,171,35,19,2023,1
"Sydney-Gold Coast","Sydney","Gold Coast","All Airlines","Jan-23",778,746,32,571,564,175,182,2023,1
"Sydney-Hamilton Island","Sydney","Hamilton Island","All Airlines","Jan-23",88,88,0,65,67,23,21,2023,1
"Sydney-Hobart","Sydney","Hobart","All Airlines","Jan-23",257,254,3,197,216,57,38,2023,1
"Sydney-Launceston","Sydney","Launceston","All Airlines","Jan-23",135,135,0,107,110,28,25,2023,1
"Sydney-Melbourne","Sydney","Melbourne","All Airlines","Jan-23",1971,1829,142,1338,1400,491,429,2023,1
"Sydney-Perth","Sydney","Perth","All Airlines","Jan-23",406,403,3,256,264,147,139,2023,1
"Sydney-Port Macquarie","Sydney","Port Macquarie","All Airlines","Jan-23",185,183,2,157,163,26,20,2023,1
"Sydney-Sunshine Coast","Sydney","Sunshine Coast","All Airlines","Jan-23",298,285,13,229,228,56,57,2023,1
"Sydney-Wagga Wagga","Sydney","Wagga Wagga","All Airlines","Jan-23",180,174,6,143,144,31,30,2023,1
"Townsville-Brisbane","Townsville","Brisbane","All Airlines","Jan-23",306,290,16,233,227,57,63,2023,1
"Townsville-Cairns","Townsville","Cairns","All Airlines","Jan-23",166,159,7,138,143,21,16,2023,1
"Wagga Wagga-Sydney","Wagga Wagga","Sydney","All Airlines","Jan-23",178,170,8,152,145,18,25,2023,1
"Adelaide-Brisbane","Adelaide","Brisbane","Jetstar","Feb-23",28,25,3,21,17,4,8,2023,2
"Adelaide-Gold Coast","Adelaide","Gold Coast","Jetstar","Feb-23",24,23,1,22,21,1,2,2023,2
"Adelaide-Melbourne","Adelaide","Melbourne","Jetstar","Feb-23",103,99,4,63,66,36,33,2023,2
"Adelaide-Perth","Adelaide","Perth","Jetstar","Feb-23",24,22,2,17,20,5,2,2023,2
"Adelaide-Sydney","Adelaide","Sydney","Jetstar","Feb-23",100,89,11,58,55,31,34,2023,2
"Ballina-Sydney","Ballina","Sydney","Jetstar","Feb-23",69,68,1,36,34,32,34,2023,2
"Brisbane-Adelaide","Brisbane","Adelaide","Jetstar","Feb-23",29,25,4,14,14,11,11,2023,2
"Brisbane-Cairns","Brisbane","Cairns","Jetstar","Feb-23",72,69,3,41,44,28,25,2023,2
"Brisbane-Canberra","Brisbane","Canberra","Jetstar","Feb-23",29,29,0,28,28,1,1,2023,2
"Brisbane-Darwin","Brisbane","Darwin","Jetstar","Feb-23",16,15,1,12,11,3,4,2023,2
"Brisbane-Hobart","Brisbane","Hobart","Jetstar","Feb-23",28,28,0,23,24,5,4,2023,2
"Brisbane-Launceston","Brisbane","Launceston","Jetstar","Feb-23",28,28,0,19,18,9,10,2023,2
"Brisbane-Mackay","Brisbane","Mackay","Jetstar","Feb-23",28,28,0,16,18,12,10,2023,2
"Brisbane-Melbourne","Brisbane","Melbourne","Jetstar","Feb-23",139,124,15,86,92,38,32,2023,2
"Brisbane-Newcastle","Brisbane","Newcastle","Jetstar","Feb-23",49,48,1,41,42,7,6,2023,2
"Brisbane-Perth","Brisbane","Perth","Jetstar","Feb-23",20,20,0,8,14,12,6,2023,2
"Brisbane-Proserpine","Brisbane","Proserpine","Jetstar","Feb-23",28,28,0,18,18,10,10,2023,2
"Brisbane-Sydney","Brisbane","Sydney","Jetstar","Feb-23",172,143,29,99,101,44,42,2023,2
"Brisbane-Townsville","Brisbane","Townsville","Jetstar","Feb-23",44,42,2,41,37,1,5,2023,2
"Cairns-Brisbane","Cairns","Brisbane","Jetstar","Feb-23",72,70,2,48,43,22,27,2023,2
"Cairns-Melbourne","Cairns","Melbourne","Jetstar","Feb-23",62,59,3,37,39,22,20,2023,2
"Cairns-Sydney","Cairns","Sydney","Jetstar","Feb-23",59,53,6,36,34,17,19,2023,2
"Canberra-Brisbane","Canberra","Brisbane","Jetstar","Feb-23",28,28,0,26,26,2,2,2023,2
"Canberra-Gold Coast","Canberra","Gold Coast","Jetstar","Feb-23",16,16,0,6,8,10,8,2023,2
"Canberra-Melbourne","Canberra","Melbourne","Jetstar","Feb-23",28,28,0,11,14,17,14,2023,2
"Darwin-Brisbane","Darwin","Brisbane","Jetstar","Feb-23",16,15,1,12,10,3,5,2023,2
"Darwin-Melbourne","Darwin","Melbourne","Jetstar","Feb-23",20,20,0,9,11,11,9,2023,2
"Gold Coast-Adelaide","Gold Coast","Adelaide","Jetstar","Feb-23",24,23,1,18,20,5,3,2023,2
"Gold Coast-Canberra","Gold Coast","Canberra","Jetstar","Feb-23",16,16,0,5,5,11,11,2023,2
"Gold Coast-Melbourne","Gold Coast","Melbourne","Jetstar","Feb-23",171,159,12,103,100,56,59,2023,2
"Gold Coast-Sydney","Gold Coast","Sydney","Jetstar","Feb-23",213,198,15,116,112,82,86,2023,2
"Hamilton Island-Sydney","Hamilton Island","Sydney","Jetstar","Feb-23",20,20,0,13,12,7,8,2023,2
"Hobart-Brisbane","Hobart","Brisbane","Jetstar","Feb-23",28,28,0,22,25,6,3,2023,2
"Hobart-Melbourne","Hobart","Melbourne","Jetstar","Feb-23",160,155,5,74,78,81,77,2023,2
"Hobart-Sydney","Hobart","Sydney","Jetstar","Feb-23",82,78,4,51,50,27,28,2023,2
"Launceston-Brisbane","Launceston","Brisbane","Jetstar","Feb-23",29,28,1,11,15,17,13,2023,2
"Launceston-Melbourne","Launceston","Melbourne","Jetstar","Feb-23",85,84,1,35,41,49,43,2023,2
"Launceston-Sydney","Launceston","Sydney","Jetstar","Feb-23",41,39,2,17,19,22,20,2023,2
"Mackay-Brisbane","Mackay","Brisbane","Jetstar","Feb-23",28,28,0,14,19,14,9,2023,2
"Melbourne-Adelaide","Melbourne","Adelaide","Jetstar","Feb-23",103,99,4,70,69,29,30,2023,2
"Melbourne-Brisbane","Melbourne","Brisbane","Jetstar","Feb-23",141,126,15,79,76,47,50,2023,2
"Melbourne-Cairns","Melbourne","Cairns","Jetstar","Feb-23",62,59,3,35,33,24,26,2023,2
"Melbourne-Canberra","Melbourne","Canberra","Jetstar","Feb-23",28,28,0,15,14,13,14,2023,2
"Melbourne-Darwin","Melbourne","Darwin","Jetstar","Feb-23",20,20,0,11,13,9,7,2023,2
"Melbourne-Gold Coast","Melbourne","Gold Coast","Jetstar","Feb-23",172,161,11,93,98,68,63,2023,2
"Melbourne-Hobart","Melbourne","Hobart","Jetstar","Feb-23",160,155,5,76,77,79,78,2023,2
"Melbourne-Launceston","Melbourne","Launceston","Jetstar","Feb-23",85,84,1,45,49,39,35,2023,2
"Melbourne-Newcastle","Melbourne","Newcastle","Jetstar","Feb-23",46,45,1,25,25,20,20,2023,2
"Melbourne-Perth","Melbourne","Perth","Jetstar","Feb-23",62,59,3,33,37,26,22,2023,2
"Melbourne-Sunshine Coast","Melbourne","Sunshine Coast","Jetstar","Feb-23",62,61,1,35,34,26,27,2023,2
"Melbourne-Sydney","Melbourne","Sydney","Jetstar","Feb-23",358,297,61,141,148,156,149,2023,2
"Newcastle-Brisbane","Newcastle","Brisbane","Jetstar","Feb-23",49,48,1,42,42,6,6,2023,2
"Newcastle-Melbourne","Newcastle","Melbourne","Jetstar","Feb-23",46,45,1,23,27,22,18,2023,2
"Perth-Adelaide","Perth","Adelaide","Jetstar","Feb-23",24,22,2,12,13,10,9,2023,2
"Perth-Brisbane","Perth","Brisbane","Jetstar","Feb-23",21,19,2,10,9,9,10,2023,2
"Perth-Melbourne","Perth","Melbourne","Jetstar","Feb-23",61,57,4,14,24,43,33,2023,2
"Perth-Sydney","Perth","Sydney","Jetstar","Feb-23",38,36,2,12,19,24,17,2023,2
"Proserpine-Brisbane","Proserpine","Brisbane","Jetstar","Feb-23",28,28,0,17,18,11,10,2023,2
"Sunshine Coast-Melbourne","Sunshine Coast","Melbourne","Jetstar","Feb-23",62,60,2,36,30,24,30,2023,2
"Sunshine Coast-Sydney","Sunshine Coast","Sydney","Jetstar","Feb-23",77,74,3,42,29,32,45,2023,2
"Sydney-Adelaide","Sydney","Adelaide","Jetstar","Feb-23",100,89,11,54,55,35,34,2023,2
"Sydney-Ballina","Sydney","Ballina","Jetstar","Feb-23",69,68,1,51,52,17,16,2023,2
"Sydney-Brisbane","Sydney","Brisbane","Jetstar","Feb-23",172,144,28,98,91,46,53,2023,2
"Sydney-Cairns","Sydney","Cairns","Jetstar","Feb-23",59,53,6,36,38,17,15,2023,2
"Sydney-Gold Coast","Sydney","Gold Coast","Jetstar","Feb-23",212,196,16,121,122,75,74,2023,2
"Sydney-Hamilton Island","Sydney","Hamilton Island","Jetstar","Feb-23",20,20,0,14,17,6,3,2023,2
"Sydney-Hobart","Sydney","Hobart","Jetstar","Feb-23",82,78,4,49,50,29,28,2023,2
"Sydney-Launceston","Sydney","Launceston","Jetstar","Feb-23",40,39,1,21,19,18,20,2023,2
"Sydney-Melbourne","Sydney","Melbourne","Jetstar","Feb-23",357,299,58,165,171,134,128,2023,2
"Sydney-Perth","Sydney","Perth","Jetstar","Feb-23",37,36,1,20,23,16,13,2023,2
"Sydney-Sunshine Coast","Sydney","Sunshine Coast","Jetstar","Feb-23",76,75,1,54,49,21,26,2023,2
"Townsville-Brisbane","Townsville","Brisbane","Jetstar","Feb-23",44,42,2,35,36,7,6,2023,2
"Adelaide-Brisbane","Adelaide","Brisbane","Qantas","Feb-23",8,8,0,7,7,1,1,2023,2
"Adelaide-Melbourne","Adelaide","Melbourne","Qantas","Feb-23",203,196,7,140,136,56,60,2023,2
"Adelaide-Perth","Adelaide","Perth","Qantas","Feb-23",84,84,0,69,75,15,9,2023,2
"Adelaide-Sydney","Adelaide","Sydney","Qantas","Feb-23",195,189,6,144,140,45,49,2023,2
"Brisbane-Adelaide","Brisbane","Adelaide","Qantas","Feb-23",10,10,0,8,8,2,2,2023,2
"Brisbane-Cairns","Brisbane","Cairns","Qantas","Feb-23",76,76,0,62,64,14,12,2023,2
"Brisbane-Canberra","Brisbane","Canberra","Qantas","Feb-23",24,23,1,19,19,4,4,2023,2
"Brisbane-Hamilton Island","Brisbane","Hamilton Island","Qantas","Feb-23",16,16,0,12,12,4,4,2023,2
"Brisbane-Mackay","Brisbane","Mackay","Qantas","Feb-23",100,100,0,84,85,16,15,2023,2
"Brisbane-Melbourne","Brisbane","Melbourne","Qantas","Feb-23",313,303,10,240,243,63,60,2023,2
"Brisbane-Mount Isa","Brisbane","Mount Isa","Qantas","Feb-23",44,44,0,39,40,5,4,2023,2
"Brisbane-Perth","Brisbane","Perth","Qantas","Feb-23",135,134,1,96,119,38,15,2023,2
"Brisbane-Sydney","Brisbane","Sydney","Qantas","Feb-23",471,442,29,367,360,75,82,2023,2
"Brisbane-Townsville","Brisbane","Townsville","Qantas","Feb-23",67,67,0,51,55,16,12,2023,2
"Cairns-Brisbane","Cairns","Brisbane","Qantas","Feb-23",75,75,0,69,70,6,5,2023,2
"Cairns-Melbourne","Cairns","Melbourne","Qantas","Feb-23",24,24,0,17,19,7,5,2023,2
"Cairns-Sydney","Cairns","Sydney","Qantas","Feb-23",28,28,0,11,9,17,19,2023,2
"Canberra-Brisbane","Canberra","Brisbane","Qantas","Feb-23",23,22,1,20,18,2,4,2023,2
"Darwin-Melbourne","Darwin","Melbourne","Qantas","Feb-23",24,24,0,24,23,0,1,2023,2
"Darwin-Perth","Darwin","Perth","Qantas","Feb-23",20,20,0,17,19,3,1,2023,2
"Gold Coast-Melbourne","Gold Coast","Melbourne","Qantas","Feb-23",20,20,0,13,15,7,5,2023,2
"Gold Coast-Sydney","Gold Coast","Sydney","Qantas","Feb-23",96,96,0,72,59,24,37,2023,2
"Hamilton Island-Brisbane","Hamilton Island","Brisbane","Qantas","Feb-23",16,16,0,12,12,4,4,2023,2
"Hamilton Island-Sydney","Hamilton Island","Sydney","Qantas","Feb-23",28,28,0,16,18,12,10,2023,2
"Hobart-Melbourne","Hobart","Melbourne","Qantas","Feb-23",13,13,0,10,11,3,2,2023,2
"Hobart-Sydney","Hobart","Sydney","Qantas","Feb-23",16,16,0,12,13,4,3,2023,2
"Kalgoorlie-Perth","Kalgoorlie","Perth","Qantas","Feb-23",25,24,1,12,16,12,8,2023,2
"Karratha-Perth","Karratha","Perth","Qantas","Feb-23",21,19,2,17,17,2,2,2023,2
"Mackay-Brisbane","Mackay","Brisbane","Qantas","Feb-23",100,99,1,83,85,16,14,2023,2
"Melbourne-Adelaide","Melbourne","Adelaide","Qantas","Feb-23",202,195,7,140,141,55,54,2023,2
"Melbourne-Brisbane","Melbourne","Brisbane","Qantas","Feb-23",312,302,10,246,237,56,65,2023,2
"Melbourne-Cairns","Melbourne","Cairns","Qantas","Feb-23",24,24,0,18,19,6,5,2023,2
"Melbourne-Darwin","Melbourne","Darwin","Qantas","Feb-23",24,24,0,21,21,3,3,2023,2
"Melbourne-Gold Coast","Melbourne","Gold Coast","Qantas","Feb-23",20,20,0,18,18,2,2,2023,2
"Melbourne-Hobart","Melbourne","Hobart","Qantas","Feb-23",13,13,0,11,11,2,2,2023,2
"Melbourne-Perth","Melbourne","Perth","Qantas","Feb-23",188,187,1,133,128,54,59,2023,2
"Melbourne-Sunshine Coast","Melbourne","Sunshine Coast","Qantas","Feb-23",12,12,0,10,11,2,1,2023,2
"Melbourne-Sydney","Melbourne","Sydney","Qantas","Feb-23",807,715,92,544,482,171,233,2023,2
"Mount Isa-Brisbane","Mount Isa","Brisbane","Qantas","Feb-23",44,44,0,38,38,6,6,2023,2
"Newman-Perth","Newman","Perth","Qantas","Feb-23",12,12,0,8,9,4,3,2023,2
"Perth-Adelaide","Perth","Adelaide","Qantas","Feb-23",85,85,0,73,68,12,17,2023,2
"Perth-Brisbane","Perth","Brisbane","Qantas","Feb-23",135,133,2,104,97,29,36,2023,2
"Perth-Darwin","Perth","Darwin","Qantas","Feb-23",20,20,0,15,17,5,3,2023,2
"Perth-Kalgoorlie","Perth","Kalgoorlie","Qantas","Feb-23",25,24,1,19,19,5,5,2023,2
"Perth-Karratha","Perth","Karratha","Qantas","Feb-23",21,19,2,18,19,1,0,2023,2
"Perth-Melbourne","Perth","Melbourne","Qantas","Feb-23",190,188,2,135,138,53,50,2023,2
"Perth-Newman","Perth","Newman","Qantas","Feb-23",12,12,0,8,8,4,4,2023,2
"Perth-Port Hedland","Perth","Port Hedland","Qantas","Feb-23",36,36,0,31,30,5,6,2023,2
"Perth-Sydney","Perth","Sydney","Qantas","Feb-23",185,183,2,128,120,55,63,2023,2
"Port Hedland-Perth","Port Hedland","Perth","Qantas","Feb-23",36,36,0,23,22,13,14,2023,2
"Sunshine Coast-Melbourne","Sunshine Coast","Melbourne","Qantas","Feb-23",12,12,0,9,11,3,1,2023,2
"Sunshine Coast-Sydney","Sunshine Coast","Sydney","Qantas","Feb-23",12,12,0,10,9,2,3,2023,2
"Sydney-Adelaide","Sydney","Adelaide","Qantas","Feb-23",196,192,4,134,139,58,53,2023,2
"Sydney-Brisbane","Sydney","Brisbane","Qantas","Feb-23",477,450,27,291,288,159,162,2023,2
"Sydney-Cairns","Sydney","Cairns","Qantas","Feb-23",28,28,0,9,11,19,17,2023,2
"Sydney-Gold Coast","Sydney","Gold Coast","Qantas","Feb-23",96,96,0,69,72,27,24,2023,2
"Sydney-Hamilton Island","Sydney","Hamilton Island","Qantas","Feb-23",28,28,0,17,17,11,11,2023,2
"Sydney-Hobart","Sydney","Hobart","Qantas","Feb-23",16,16,0,12,13,4,3,2023,2
"Sydney-Melbourne","Sydney","Melbourne","Qantas","Feb-23",807,716,91,491,483,225,233,2023,2
"Sydney-Perth","Sydney","Perth","Qantas","Feb-23",188,186,2,109,120,77,66,2023,2
"Sydney-Sunshine Coast","Sydney","Sunshine Coast","Qantas","Feb-23",11,11,0,10,10,1,1,2023,2
"Townsville-Brisbane","Townsville","Brisbane","Qantas","Feb-23",68,68,0,56,58,12,10,2023,2
"Adelaide-Alice Springs","Adelaide","Alice Springs","QantasLink","Feb-23",40,40,0,35,34,5,6,2023,2
"Adelaide-Brisbane","Adelaide","Brisbane","QantasLink","Feb-23",135,135,0,113,104,22,31,2023,2
"Adelaide-Canberra","Adelaide","Canberra","QantasLink","Feb-23",92,92,0,88,89,4,3,2023,2
"Adelaide-Melbourne","Adelaide","Melbourne","QantasLink","Feb-23",12,12,0,11,11,1,1,2023,2
"Adelaide-Port Lincoln","Adelaide","Port Lincoln","QantasLink","Feb-23",120,120,0,106,109,14,11,2023,2
"Albury-Sydney","Albury","Sydney","QantasLink","Feb-23",89,85,4,74,77,11,8,2023,2
"Alice Springs-Adelaide","Alice Springs","Adelaide","QantasLink","Feb-23",40,40,0,25,23,15,17,2023,2
"Armidale-Sydney","Armidale","Sydney","QantasLink","Feb-23",94,86,8,66,66,20,20,2023,2
"Ballina-Sydney","Ballina","Sydney","QantasLink","Feb-23",84,79,5,57,55,22,24,2023,2
"Brisbane-Adelaide","Brisbane","Adelaide","QantasLink","Feb-23",135,135,0,107,100,28,35,2023,2
"Brisbane-Cairns","Brisbane","Cairns","QantasLink","Feb-23",28,26,2,18,18,8,8,2023,2
"Brisbane-Canberra","Brisbane","Canberra","QantasLink","Feb-23",118,113,5,94,90,19,23,2023,2
"Brisbane-Darwin","Brisbane","Darwin","QantasLink","Feb-23",40,40,0,18,27,22,13,2023,2
"Brisbane-Emerald","Brisbane","Emerald","QantasLink","Feb-23",108,106,2,94,95,12,11,2023,2
"Brisbane-Gladstone","Brisbane","Gladstone","QantasLink","Feb-23",131,123,8,103,105,20,18,2023,2
"Brisbane-Hobart","Brisbane","Hobart","QantasLink","Feb-23",20,20,0,19,18,1,2,2023,2
"Brisbane-Mackay","Brisbane","Mackay","QantasLink","Feb-23",8,8,0,7,6,1,2,2023,2
"Brisbane-Mount Isa","Brisbane","Mount Isa","QantasLink","Feb-23",4,4,0,3,3,1,1,2023,2
"Brisbane-Newcastle","Brisbane","Newcastle","QantasLink","Feb-23",128,122,6,104,111,18,11,2023,2
"Brisbane-Proserpine","Brisbane","Proserpine","QantasLink","Feb-23",20,20,0,18,17,2,3,2023,2
"Brisbane-Rockhampton","Brisbane","Rockhampton","QantasLink","Feb-23",156,153,3,127,131,26,22,2023,2
"Brisbane-Townsville","Brisbane","Townsville","QantasLink","Feb-23",36,36,0,31,32,5,4,2023,2
"Broome-Perth","Broome","Perth","QantasLink","Feb-23",68,66,2,53,52,13,14,2023,2
"Cairns-Brisbane","Cairns","Brisbane","QantasLink","Feb-23",28,26,2,21,21,5,5,2023,2
"Cairns-Townsville","Cairns","Townsville","QantasLink","Feb-23",128,124,4,113,113,11,11,2023,2
"Canberra-Adelaide","Canberra","Adelaide","QantasLink","Feb-23",92,92,0,84,83,8,9,2023,2
"Canberra-Brisbane","Canberra","Brisbane","QantasLink","Feb-23",118,111,7,96,97,15,14,2023,2
"Canberra-Melbourne","Canberra","Melbourne","QantasLink","Feb-23",216,209,7,181,176,28,33,2023,2
"Canberra-Sydney","Canberra","Sydney","QantasLink","Feb-23",436,381,55,278,265,103,116,2023,2
"Coffs Harbour-Sydney","Coffs Harbour","Sydney","QantasLink","Feb-23",104,102,2,78,76,24,26,2023,2
"Darwin-Brisbane","Darwin","Brisbane","QantasLink","Feb-23",40,40,0,37,35,3,5,2023,2
"Darwin-Perth","Darwin","Perth","QantasLink","Feb-23",8,8,0,4,5,4,3,2023,2
"Dubbo-Sydney","Dubbo","Sydney","QantasLink","Feb-23",96,92,4,75,81,17,11,2023,2
"Emerald-Brisbane","Emerald","Brisbane","QantasLink","Feb-23",108,106,2,92,95,14,11,2023,2
"Gladstone-Brisbane","Gladstone","Brisbane","QantasLink","Feb-23",130,122,8,109,108,13,14,2023,2
"Gold Coast-Melbourne","Gold Coast","Melbourne","QantasLink","Feb-23",8,8,0,5,4,3,4,2023,2
"Gold Coast-Sydney","Gold Coast","Sydney","QantasLink","Feb-23",16,10,6,7,6,3,4,2023,2
"Hobart-Brisbane","Hobart","Brisbane","QantasLink","Feb-23",20,20,0,16,16,4,4,2023,2
"Hobart-Melbourne","Hobart","Melbourne","QantasLink","Feb-23",71,69,2,52,53,17,16,2023,2
"Hobart-Sydney","Hobart","Sydney","QantasLink","Feb-23",63,57,6,37,41,20,16,2023,2
"Kalgoorlie-Perth","Kalgoorlie","Perth","QantasLink","Feb-23",43,42,1,31,31,11,11,2023,2
"Karratha-Perth","Karratha","Perth","QantasLink","Feb-23",107,107,0,89,85,18,22,2023,2
"Launceston-Melbourne","Launceston","Melbourne","QantasLink","Feb-23",93,87,6,57,59,30,28,2023,2
"Launceston-Sydney","Launceston","Sydney","QantasLink","Feb-23",28,25,3,19,20,6,5,2023,2
"Mackay-Brisbane","Mackay","Brisbane","QantasLink","Feb-23",12,12,0,10,12,2,0,2023,2
"Melbourne-Adelaide","Melbourne","Adelaide","QantasLink","Feb-23",12,12,0,10,6,2,6,2023,2
"Melbourne-Canberra","Melbourne","Canberra","QantasLink","Feb-23",216,209,7,186,185,23,24,2023,2
"Melbourne-Gold Coast","Melbourne","Gold Coast","QantasLink","Feb-23",8,8,0,6,5,2,3,2023,2
"Melbourne-Hobart","Melbourne","Hobart","QantasLink","Feb-23",71,70,1,53,54,17,16,2023,2
"Melbourne-Launceston","Melbourne","Launceston","QantasLink","Feb-23",94,89,5,69,62,20,27,2023,2
"Melbourne-Mildura","Melbourne","Mildura","QantasLink","Feb-23",88,85,3,63,63,22,22,2023,2
"Melbourne-Newcastle","Melbourne","Newcastle","QantasLink","Feb-23",48,44,4,31,30,13,14,2023,2
"Melbourne-Sunshine Coast","Melbourne","Sunshine Coast","QantasLink","Feb-23",16,16,0,15,14,1,2,2023,2
"Mildura-Melbourne","Mildura","Melbourne","QantasLink","Feb-23",89,86,3,59,46,27,40,2023,2
"Mount Isa-Brisbane","Mount Isa","Brisbane","QantasLink","Feb-23",4,4,0,3,3,1,1,2023,2
"Newcastle-Brisbane","Newcastle","Brisbane","QantasLink","Feb-23",128,119,9,110,109,9,10,2023,2
"Newcastle-Melbourne","Newcastle","Melbourne","QantasLink","Feb-23",47,45,2,36,33,9,12,2023,2
"Newman-Perth","Newman","Perth","QantasLink","Feb-23",88,85,3,67,67,18,18,2023,2
"Perth-Broome","Perth","Broome","QantasLink","Feb-23",67,66,1,58,60,8,6,2023,2
"Perth-Darwin","Perth","Darwin","QantasLink","Feb-23",8,8,0,7,6,1,2,2023,2
"Perth-Kalgoorlie","Perth","Kalgoorlie","QantasLink","Feb-23",43,42,1,32,30,10,12,2023,2
"Perth-Karratha","Perth","Karratha","QantasLink","Feb-23",109,109,0,90,89,19,20,2023,2
"Perth-Newman","Perth","Newman","QantasLink","Feb-23",89,86,3,76,72,10,14,2023,2
"Perth-Port Hedland","Perth","Port Hedland","QantasLink","Feb-23",81,81,0,67,67,14,14,2023,2
"Port Hedland-Perth","Port Hedland","Perth","QantasLink","Feb-23",80,80,0,54,55,26,25,2023,2
"Port Lincoln-Adelaide","Port Lincoln","Adelaide","QantasLink","Feb-23",120,120,0,113,113,7,7,2023,2
"Port Macquarie-Sydney","Port Macquarie","Sydney","QantasLink","Feb-23",100,96,4,76,71,20,25,2023,2
"Proserpine-Brisbane","Proserpine","Brisbane","QantasLink","Feb-23",20,20,0,16,16,4,4,2023,2
"Rockhampton-Brisbane","Rockhampton","Brisbane","QantasLink","Feb-23",156,149,7,120,120,29,29,2023,2
"Sunshine Coast-Melbourne","Sunshine Coast","Melbourne","QantasLink","Feb-23",16,16,0,13,12,3,4,2023,2
"Sunshine Coast-Sydney","Sunshine Coast","Sydney","QantasLink","Feb-23",67,65,2,52,46,13,19,2023,2
"Sydney-Albury","Sydney","Albury","QantasLink","Feb-23",89,86,3,67,70,19,16,2023,2
"Sydney-Armidale","Sydney","Armidale","QantasLink","Feb-23",94,87,7,64,65,23,22,2023,2
"Sydney-Ballina","Sydney","Ballina","QantasLink","Feb-23",84,80,4,52,58,28,22,2023,2
"Sydney-Canberra","Sydney","Canberra","QantasLink","Feb-23",436,383,53,266,270,117,113,2023,2
"Sydney-Coffs Harbour","Sydney","Coffs Harbour","QantasLink","Feb-23",104,102,2,76,72,26,30,2023,2
"Sydney-Dubbo","Sydney","Dubbo","QantasLink","Feb-23",96,93,3,64,72,29,21,2023,2
"Sydney-Gold Coast","Sydney","Gold Coast","QantasLink","Feb-23",16,10,6,8,6,2,4,2023,2
"Sydney-Hobart","Sydney","Hobart","QantasLink","Feb-23",65,59,6,38,39,21,20,2023,2
"Sydney-Launceston","Sydney","Launceston","QantasLink","Feb-23",28,26,2,20,20,6,6,2023,2
"Sydney-Port Macquarie","Sydney","Port Macquarie","QantasLink","Feb-23",101,97,4,64,70,33,27,2023,2
"Sydney-Sunshine Coast","Sydney","Sunshine Coast","QantasLink","Feb-23",68,66,2,40,40,26,26,2023,2
"Sydney-Wagga Wagga","Sydney","Wagga Wagga","QantasLink","Feb-23",96,90,6,72,74,18,16,2023,2
"Townsville-Brisbane","Townsville","Brisbane","QantasLink","Feb-23",36,36,0,28,28,8,8,2023,2
"Townsville-Cairns","Townsville","Cairns","QantasLink","Feb-23",128,123,5,111,112,12,11,2023,2
"Wagga Wagga-Sydney","Wagga Wagga","Sydney","QantasLink","Feb-23",96,90,6,80,82,10,8,2023,2
"Adelaide-Melbourne","Adelaide","Melbourne","Rex Airlines","Feb-23",52,52,0,43,41,9,11,2023,2
"Adelaide-Port Lincoln","Adelaide","Port Lincoln","Rex Airlines","Feb-23",138,137,1,108,105,29,32,2023,2
"Albury-Sydney","Albury","Sydney","Rex Airlines","Feb-23",120,114,6,90,86,24,28,2023,2
"Armidale-Sydney","Armidale","Sydney","Rex Airlines","Feb-23",73,72,1,45,37,27,35,2023,2
"Brisbane-Melbourne","Brisbane","Melbourne","Rex Airlines","Feb-23",58,56,2,43,44,13,12,2023,2
"Brisbane-Sydney","Brisbane","Sydney","Rex Airlines","Feb-23",129,124,5,103,97,21,27,2023,2
"Cairns-Townsville","Cairns","Townsville","Rex Airlines","Feb-23",12,11,1,10,10,1,1,2023,2
"Canberra-Melbourne","Canberra","Melbourne","Rex Airlines","Feb-23",28,28,0,22,23,6,5,2023,2
"Coffs Harbour-Sydney","Coffs Harbour","Sydney","Rex Airlines","Feb-23",120,117,3,80,71,37,46,2023,2
"Dubbo-Sydney","Dubbo","Sydney","Rex Airlines","Feb-23",122,121,1,87,76,34,45,2023,2
"Gold Coast-Melbourne","Gold Coast","Melbourne","Rex Airlines","Feb-23",28,28,0,19,20,9,8,2023,2
"Gold Coast-Sydney","Gold Coast","Sydney","Rex Airlines","Feb-23",28,28,0,23,23,5,5,2023,2
"Melbourne-Adelaide","Melbourne","Adelaide","Rex Airlines","Feb-23",52,52,0,45,43,7,9,2023,2
"Melbourne-Brisbane","Melbourne","Brisbane","Rex Airlines","Feb-23",58,56,2,46,46,10,10,2023,2
"Melbourne-Canberra","Melbourne","Canberra","Rex Airlines","Feb-23",28,28,0,25,23,3,5,2023,2
"Melbourne-Gold Coast","Melbourne","Gold Coast","Rex Airlines","Feb-23",28,28,0,24,21,4,7,2023,2
"Melbourne-Mildura","Melbourne","Mildura","Rex Airlines","Feb-23",93,92,1,52,48,40,44,2023,2
"Melbourne-Sydney","Melbourne","Sydney","Rex Airlines","Feb-23",169,164,5,148,144,16,20,2023,2
"Mildura-Melbourne","Mildura","Melbourne","Rex Airlines","Feb-23",92,90,2,59,50,31,40,2023,2
"Port Lincoln-Adelaide","Port Lincoln","Adelaide","Rex Airlines","Feb-23",137,136,1,105,104,31,32,2023,2
"Port Macquarie-Sydney","Port Macquarie","Sydney","Rex Airlines","Feb-23",93,92,1,66,54,26,38,2023,2
"Sydney-Albury","Sydney","Albury","Rex Airlines","Feb-23",117,111,6,77,76,34,35,2023,2
"Sydney-Armidale","Sydney","Armidale","Rex Airlines","Feb-23",73,72,1,43,46,29,26,2023,2
"Sydney-Brisbane","Sydney","Brisbane","Rex Airlines","Feb-23",129,124,5,101,95,23,29,2023,2
"Sydney-Coffs Harbour","Sydney","Coffs Harbour","Rex Airlines","Feb-23",120,117,3,75,88,42,29,2023,2
"Sydney-Dubbo","Sydney","Dubbo","Rex Airlines","Feb-23",125,125,0,80,83,45,42,2023,2
"Sydney-Gold Coast","Sydney","Gold Coast","Rex Airlines","Feb-23",28,28,0,25,23,3,5,2023,2
"Sydney-Melbourne","Sydney","Melbourne","Rex Airlines","Feb-23",169,164,5,140,134,24,30,2023,2
"Sydney-Port Macquarie","Sydney","Port Macquarie","Rex Airlines","Feb-23",93,92,1,67,68,25,24,2023,2
"Sydney-Wagga Wagga","Sydney","Wagga Wagga","Rex Airlines","Feb-23",123,117,6,87,85,30,32,2023,2
"Townsville-Cairns","Townsville","Cairns","Rex Airlines","Feb-23",12,11,1,11,11,0,0,2023,2
"Wagga Wagga-Sydney","Wagga Wagga","Sydney","Rex Airlines","Feb-23",118,113,5,80,69,33,44,2023,2
"Adelaide-Alice Springs","Adelaide","Alice Springs","Virgin Australia","Feb-23",8,8,0,6,5,2,3,2023,2
"Adelaide-Brisbane","Adelaide","Brisbane","Virgin Australia","Feb-23",128,125,3,97,107,28,18,2023,2
"Adelaide-Canberra","Adelaide","Canberra","Virgin Australia","Feb-23",24,23,1,16,17,7,6,2023,2
"Adelaide-Gold Coast","Adelaide","Gold Coast","Virgin Australia","Feb-23",28,28,0,13,14,15,14,2023,2
"Adelaide-Melbourne","Adelaide","Melbourne","Virgin Australia","Feb-23",244,241,3,199,197,42,44,2023,2
"Adelaide-Perth","Adelaide","Perth","Virgin Australia","Feb-23",22,22,0,10,10,12,12,2023,2
"Adelaide-Sydney","Adelaide","Sydney","Virgin Australia","Feb-23",140,138,2,108,106,30,32,2023,2
"Alice Springs-Adelaide","Alice Springs","Adelaide","Virgin Australia","Feb-23",8,8,0,5,6,3,2,2023,2
"Ballina-Sydney","Ballina","Sydney","Virgin Australia","Feb-23",44,44,0,23,22,21,22,2023,2
"Brisbane-Adelaide","Brisbane","Adelaide","Virgin Australia","Feb-23",128,126,2,93,107,33,19,2023,2
"Brisbane-Cairns","Brisbane","Cairns","Virgin Australia","Feb-23",116,116,0,90,87,26,29,2023,2
"Brisbane-Canberra","Brisbane","Canberra","Virgin Australia","Feb-23",100,95,5,82,86,13,9,2023,2
"Brisbane-Darwin","Brisbane","Darwin","Virgin Australia","Feb-23",28,28,0,22,21,6,7,2023,2
"Brisbane-Emerald","Brisbane","Emerald","Virgin Australia","Feb-23",24,24,0,19,20,5,4,2023,2
"Brisbane-Gladstone","Brisbane","Gladstone","Virgin Australia","Feb-23",48,48,0,37,36,11,12,2023,2
"Brisbane-Hamilton Island","Brisbane","Hamilton Island","Virgin Australia","Feb-23",28,28,0,19,20,9,8,2023,2
"Brisbane-Hobart","Brisbane","Hobart","Virgin Australia","Feb-23",46,46,0,42,43,4,3,2023,2
"Brisbane-Launceston","Brisbane","Launceston","Virgin Australia","Feb-23",24,24,0,21,23,3,1,2023,2
"Brisbane-Mackay","Brisbane","Mackay","Virgin Australia","Feb-23",128,126,2,77,63,49,63,2023,2
"Brisbane-Melbourne","Brisbane","Melbourne","Virgin Australia","Feb-23",363,352,11,255,257,97,95,2023,2
"Brisbane-Mount Isa","Brisbane","Mount Isa","Virgin Australia","Feb-23",12,12,0,8,7,4,5,2023,2
"Brisbane-Newcastle","Brisbane","Newcastle","Virgin Australia","Feb-23",77,75,2,61,58,14,17,2023,2
"Brisbane-Perth","Brisbane","Perth","Virgin Australia","Feb-23",108,107,1,61,81,46,26,2023,2
"Brisbane-Proserpine","Brisbane","Proserpine","Virgin Australia","Feb-23",28,28,0,23,23,5,5,2023,2
"Brisbane-Rockhampton","Brisbane","Rockhampton","Virgin Australia","Feb-23",121,121,0,82,58,39,63,2023,2
"Brisbane-Sydney","Brisbane","Sydney","Virgin Australia","Feb-23",430,403,27,297,283,106,120,2023,2
"Brisbane-Townsville","Brisbane","Townsville","Virgin Australia","Feb-23",128,128,0,109,108,19,20,2023,2
"Broome-Perth","Broome","Perth","Virgin Australia","Feb-23",16,13,3,7,10,6,3,2023,2
"Cairns-Brisbane","Cairns","Brisbane","Virgin Australia","Feb-23",116,116,0,88,97,28,19,2023,2
"Cairns-Melbourne","Cairns","Melbourne","Virgin Australia","Feb-23",44,44,0,27,30,17,14,2023,2
"Cairns-Sydney","Cairns","Sydney","Virgin Australia","Feb-23",57,56,1,45,42,11,14,2023,2
"Canberra-Adelaide","Canberra","Adelaide","Virgin Australia","Feb-23",24,23,1,16,17,7,6,2023,2
"Canberra-Brisbane","Canberra","Brisbane","Virgin Australia","Feb-23",100,95,5,87,88,8,7,2023,2
"Canberra-Gold Coast","Canberra","Gold Coast","Virgin Australia","Feb-23",28,27,1,21,22,6,5,2023,2
"Canberra-Melbourne","Canberra","Melbourne","Virgin Australia","Feb-23",108,108,0,86,86,22,22,2023,2
"Canberra-Sydney","Canberra","Sydney","Virgin Australia","Feb-23",236,212,24,173,166,39,46,2023,2
"Darwin-Brisbane","Darwin","Brisbane","Virgin Australia","Feb-23",28,28,0,20,25,8,3,2023,2
"Darwin-Melbourne","Darwin","Melbourne","Virgin Australia","Feb-23",17,16,1,12,14,4,2,2023,2
"Darwin-Perth","Darwin","Perth","Virgin Australia","Feb-23",8,8,0,6,6,2,2,2023,2
"Emerald-Brisbane","Emerald","Brisbane","Virgin Australia","Feb-23",24,24,0,23,23,1,1,2023,2
"Gladstone-Brisbane","Gladstone","Brisbane","Virgin Australia","Feb-23",48,48,0,36,25,12,23,2023,2
"Gold Coast-Adelaide","Gold Coast","Adelaide","Virgin Australia","Feb-23",28,28,0,13,14,15,14,2023,2
"Gold Coast-Canberra","Gold Coast","Canberra","Virgin Australia","Feb-23",28,27,1,24,24,3,3,2023,2
"Gold Coast-Melbourne","Gold Coast","Melbourne","Virgin Australia","Feb-23",250,241,9,181,184,60,57,2023,2
"Gold Coast-Sydney","Gold Coast","Sydney","Virgin Australia","Feb-23",266,260,6,184,182,76,78,2023,2
"Hamilton Island-Brisbane","Hamilton Island","Brisbane","Virgin Australia","Feb-23",28,28,0,19,19,9,9,2023,2
"Hamilton Island-Sydney","Hamilton Island","Sydney","Virgin Australia","Feb-23",28,28,0,20,15,8,13,2023,2
"Hobart-Brisbane","Hobart","Brisbane","Virgin Australia","Feb-23",46,46,0,40,39,6,7,2023,2
"Hobart-Melbourne","Hobart","Melbourne","Virgin Australia","Feb-23",127,127,0,83,76,44,51,2023,2
"Hobart-Sydney","Hobart","Sydney","Virgin Australia","Feb-23",72,72,0,51,52,21,20,2023,2
"Kalgoorlie-Perth","Kalgoorlie","Perth","Virgin Australia","Feb-23",36,36,0,25,21,11,15,2023,2
"Karratha-Perth","Karratha","Perth","Virgin Australia","Feb-23",21,21,0,21,17,0,4,2023,2
"Launceston-Brisbane","Launceston","Brisbane","Virgin Australia","Feb-23",24,24,0,21,21,3,3,2023,2
"Launceston-Melbourne","Launceston","Melbourne","Virgin Australia","Feb-23",85,85,0,71,72,14,13,2023,2
"Launceston-Sydney","Launceston","Sydney","Virgin Australia","Feb-23",28,28,0,20,19,8,9,2023,2
"Mackay-Brisbane","Mackay","Brisbane","Virgin Australia","Feb-23",128,125,3,73,70,52,55,2023,2
"Melbourne-Adelaide","Melbourne","Adelaide","Virgin Australia","Feb-23",244,242,2,194,174,48,68,2023,2
"Melbourne-Brisbane","Melbourne","Brisbane","Virgin Australia","Feb-23",361,348,13,274,266,74,82,2023,2
"Melbourne-Cairns","Melbourne","Cairns","Virgin Australia","Feb-23",44,44,0,34,36,10,8,2023,2
"Melbourne-Canberra","Melbourne","Canberra","Virgin Australia","Feb-23",108,108,0,86,86,22,22,2023,2
"Melbourne-Darwin","Melbourne","Darwin","Virgin Australia","Feb-23",16,16,0,15,12,1,4,2023,2
"Melbourne-Gold Coast","Melbourne","Gold Coast","Virgin Australia","Feb-23",249,240,9,186,183,54,57,2023,2
"Melbourne-Hobart","Melbourne","Hobart","Virgin Australia","Feb-23",127,127,0,92,90,35,37,2023,2
"Melbourne-Launceston","Melbourne","Launceston","Virgin Australia","Feb-23",85,85,0,65,62,20,23,2023,2
"Melbourne-Newcastle","Melbourne","Newcastle","Virgin Australia","Feb-23",28,28,0,23,24,5,4,2023,2
"Melbourne-Perth","Melbourne","Perth","Virgin Australia","Feb-23",141,140,1,95,107,45,33,2023,2
"Melbourne-Sunshine Coast","Melbourne","Sunshine Coast","Virgin Australia","Feb-23",72,71,1,56,53,15,18,2023,2
"Melbourne-Sydney","Melbourne","Sydney","Virgin Australia","Feb-23",744,676,68,526,457,150,219,2023,2
"Mount Isa-Brisbane","Mount Isa","Brisbane","Virgin Australia","Feb-23",12,12,0,10,6,2,6,2023,2
"Newcastle-Brisbane","Newcastle","Brisbane","Virgin Australia","Feb-23",77,75,2,67,62,8,13,2023,2
"Newcastle-Melbourne","Newcastle","Melbourne","Virgin Australia","Feb-23",28,28,0,21,20,7,8,2023,2
"Newman-Perth","Newman","Perth","Virgin Australia","Feb-23",20,20,0,14,13,6,7,2023,2
"Perth-Adelaide","Perth","Adelaide","Virgin Australia","Feb-23",22,22,0,18,15,4,7,2023,2
"Perth-Brisbane","Perth","Brisbane","Virgin Australia","Feb-23",104,101,3,57,68,44,33,2023,2
"Perth-Broome","Perth","Broome","Virgin Australia","Feb-23",16,13,3,8,9,5,4,2023,2
"Perth-Darwin","Perth","Darwin","Virgin Australia","Feb-23",8,8,0,6,6,2,2,2023,2
"Perth-Kalgoorlie","Perth","Kalgoorlie","Virgin Australia","Feb-23",36,36,0,31,28,5,8,2023,2
"Perth-Karratha","Perth","Karratha","Virgin Australia","Feb-23",21,21,0,18,20,3,1,2023,2
"Perth-Melbourne","Perth","Melbourne","Virgin Australia","Feb-23",148,146,2,102,100,44,46,2023,2
"Perth-Newman","Perth","Newman","Virgin Australia","Feb-23",20,20,0,18,16,2,4,2023,2
"Perth-Port Hedland","Perth","Port Hedland","Virgin Australia","Feb-23",17,17,0,12,14,5,3,2023,2
"Perth-Sydney","Perth","Sydney","Virgin Australia","Feb-23",129,123,6,78,88,45,35,2023,2
"Port Hedland-Perth","Port Hedland","Perth","Virgin Australia","Feb-23",17,17,0,7,4,10,13,2023,2
"Proserpine-Brisbane","Proserpine","Brisbane","Virgin Australia","Feb-23",28,28,0,18,17,10,11,2023,2
"Rockhampton-Brisbane","Rockhampton","Brisbane","Virgin Australia","Feb-23",121,121,0,80,63,41,58,2023,2
"Sunshine Coast-Melbourne","Sunshine Coast","Melbourne","Virgin Australia","Feb-23",72,70,2,54,52,16,18,2023,2
"Sunshine Coast-Sydney","Sunshine Coast","Sydney","Virgin Australia","Feb-23",56,56,0,44,35,12,21,2023,2
"Sydney-Adelaide","Sydney","Adelaide","Virgin Australia","Feb-23",140,137,3,91,94,46,43,2023,2
"Sydney-Ballina","Sydney","Ballina","Virgin Australia","Feb-23",44,44,0,27,26,17,18,2023,2
"Sydney-Brisbane","Sydney","Brisbane","Virgin Australia","Feb-23",435,410,25,304,299,106,111,2023,2
"Sydney-Cairns","Sydney","Cairns","Virgin Australia","Feb-23",56,56,0,46,49,10,7,2023,2
"Sydney-Canberra","Sydney","Canberra","Virgin Australia","Feb-23",232,210,22,169,182,41,28,2023,2
"Sydney-Gold Coast","Sydney","Gold Coast","Virgin Australia","Feb-23",266,260,6,186,177,74,83,2023,2
"Sydney-Hamilton Island","Sydney","Hamilton Island","Virgin Australia","Feb-23",28,28,0,23,24,5,4,2023,2
"Sydney-Hobart","Sydney","Hobart","Virgin Australia","Feb-23",72,72,0,54,55,18,17,2023,2
"Sydney-Launceston","Sydney","Launceston","Virgin Australia","Feb-23",28,28,0,22,22,6,6,2023,2
"Sydney-Melbourne","Sydney","Melbourne","Virgin Australia","Feb-23",735,666,69,510,498,156,168,2023,2
"Sydney-Perth","Sydney","Perth","Virgin Australia","Feb-23",133,126,7,75,91,51,35,2023,2
"Sydney-Sunshine Coast","Sydney","Sunshine Coast","Virgin Australia","Feb-23",56,56,0,42,40,14,16,2023,2
"Townsville-Brisbane","Townsville","Brisbane","Virgin Australia","Feb-23",128,128,0,109,113,19,15,2023,2
"Adelaide-Perth","Adelaide","Perth","Virgin Australia Regional Airlines","Feb-23",30,29,1,5,10,24,19,2023,2
"Broome-Perth","Broome","Perth","Virgin Australia Regional Airlines","Feb-23",29,28,1,24,24,4,4,2023,2
"Darwin-Perth","Darwin","Perth","Virgin Australia Regional Airlines","Feb-23",8,8,0,6,6,2,2,2023,2
"Kalgoorlie-Perth","Kalgoorlie","Perth","Virgin Australia Regional Airlines","Feb-23",36,36,0,25,26,11,10,2023,2
"Karratha-Perth","Karratha","Perth","Virgin Australia Regional Airlines","Feb-23",27,27,0,18,18,9,9,2023,2
"Newman-Perth","Newman","Perth","Virgin Australia Regional Airlines","Feb-23",32,32,0,26,26,6,6,2023,2
"Perth-Adelaide","Perth","Adelaide","Virgin Australia Regional Airlines","Feb-23",30,29,1,19,16,10,13,2023,2
"Perth-Broome","Perth","Broome","Virgin Australia Regional Airlines","Feb-23",29,28,1,21,24,7,4,2023,2
"Perth-Darwin","Perth","Darwin","Virgin Australia Regional Airlines","Feb-23",8,8,0,5,6,3,2,2023,2
"Perth-Kalgoorlie","Perth","Kalgoorlie","Virgin Australia Regional Airlines","Feb-23",36,36,0,29,25,7,11,2023,2
"Perth-Karratha","Perth","Karratha","Virgin Australia Regional Airlines","Feb-23",27,27,0,18,17,9,10,2023,2
"Perth-Newman","Perth","Newman","Virgin Australia Regional Airlines","Feb-23",32,32,0,29,26,3,6,2023,2
"Perth-Port Hedland","Perth","Port Hedland","Virgin Australia Regional Airlines","Feb-23",31,31,0,22,23,9,8,2023,2
"Port Hedland-Perth","Port Hedland","Perth","Virgin Australia Regional Airlines","Feb-23",31,31,0,16,19,15,12,2023,2
"Adelaide-Alice Springs","Adelaide","Alice Springs","All Airlines","Feb-23",48,48,0,41,39,7,9,2023,2
"Adelaide-Brisbane","Adelaide","Brisbane","All Airlines","Feb-23",299,293,6,238,235,55,58,2023,2
"Adelaide-Canberra","Adelaide","Canberra","All Airlines","Feb-23",116,115,1,104,106,11,9,2023,2
"Adelaide-Gold Coast","Adelaide","Gold Coast","All Airlines","Feb-23",52,51,1,35,35,16,16,2023,2
"Adelaide-Melbourne","Adelaide","Melbourne","All Airlines","Feb-23",614,600,14,456,451,144,149,2023,2
"Adelaide-Perth","Adelaide","Perth","All Airlines","Feb-23",160,157,3,101,115,56,42,2023,2
"Adelaide-Port Lincoln","Adelaide","Port Lincoln","All Airlines","Feb-23",258,257,1,214,214,43,43,2023,2
"Adelaide-Sydney","Adelaide","Sydney","All Airlines","Feb-23",435,416,19,310,301,106,115,2023,2
"Albury-Sydney","Albury","Sydney","All Airlines","Feb-23",209,199,10,164,163,35,36,2023,2
"Alice Springs-Adelaide","Alice Springs","Adelaide","All Airlines","Feb-23",48,48,0,30,29,18,19,2023,2
"Armidale-Sydney","Armidale","Sydney","All Airlines","Feb-23",167,158,9,111,103,47,55,2023,2
"Ballina-Sydney","Ballina","Sydney","All Airlines","Feb-23",197,191,6,116,111,75,80,2023,2
"Brisbane-Adelaide","Brisbane","Adelaide","All Airlines","Feb-23",302,296,6,222,229,74,67,2023,2
"Brisbane-Cairns","Brisbane","Cairns","All Airlines","Feb-23",292,287,5,211,213,76,74,2023,2
"Brisbane-Canberra","Brisbane","Canberra","All Airlines","Feb-23",271,260,11,223,223,37,37,2023,2
"Brisbane-Darwin","Brisbane","Darwin","All Airlines","Feb-23",84,83,1,52,59,31,24,2023,2
"Brisbane-Emerald","Brisbane","Emerald","All Airlines","Feb-23",132,130,2,113,115,17,15,2023,2
"Brisbane-Gladstone","Brisbane","Gladstone","All Airlines","Feb-23",179,171,8,140,141,31,30,2023,2
"Brisbane-Hamilton Island","Brisbane","Hamilton Island","All Airlines","Feb-23",44,44,0,31,32,13,12,2023,2
"Brisbane-Hobart","Brisbane","Hobart","All Airlines","Feb-23",94,94,0,84,85,10,9,2023,2
"Brisbane-Launceston","Brisbane","Launceston","All Airlines","Feb-23",52,52,0,40,41,12,11,2023,2
"Brisbane-Mackay","Brisbane","Mackay","All Airlines","Feb-23",264,262,2,184,172,78,90,2023,2
"Brisbane-Melbourne","Brisbane","Melbourne","All Airlines","Feb-23",873,835,38,624,636,211,199,2023,2
"Brisbane-Mount Isa","Brisbane","Mount Isa","All Airlines","Feb-23",60,60,0,50,50,10,10,2023,2
"Brisbane-Newcastle","Brisbane","Newcastle","All Airlines","Feb-23",254,245,9,206,211,39,34,2023,2
"Brisbane-Perth","Brisbane","Perth","All Airlines","Feb-23",263,261,2,165,214,96,47,2023,2
"Brisbane-Proserpine","Brisbane","Proserpine","All Airlines","Feb-23",76,76,0,59,58,17,18,2023,2
"Brisbane-Rockhampton","Brisbane","Rockhampton","All Airlines","Feb-23",277,274,3,209,189,65,85,2023,2
"Brisbane-Sydney","Brisbane","Sydney","All Airlines","Feb-23",1202,1112,90,866,841,246,271,2023,2
"Brisbane-Townsville","Brisbane","Townsville","All Airlines","Feb-23",275,273,2,232,232,41,41,2023,2
"Broome-Perth","Broome","Perth","All Airlines","Feb-23",113,107,6,84,86,23,21,2023,2
"Cairns-Brisbane","Cairns","Brisbane","All Airlines","Feb-23",291,287,4,226,231,61,56,2023,2
"Cairns-Melbourne","Cairns","Melbourne","All Airlines","Feb-23",130,127,3,81,88,46,39,2023,2
"Cairns-Sydney","Cairns","Sydney","All Airlines","Feb-23",144,137,7,92,85,45,52,2023,2
"Cairns-Townsville","Cairns","Townsville","All Airlines","Feb-23",140,135,5,123,123,12,12,2023,2
"Canberra-Adelaide","Canberra","Adelaide","All Airlines","Feb-23",116,115,1,100,100,15,15,2023,2
"Canberra-Brisbane","Canberra","Brisbane","All Airlines","Feb-23",269,256,13,229,229,27,27,2023,2
"Canberra-Gold Coast","Canberra","Gold Coast","All Airlines","Feb-23",44,43,1,27,30,16,13,2023,2
"Canberra-Melbourne","Canberra","Melbourne","All Airlines","Feb-23",380,373,7,300,299,73,74,2023,2
"Canberra-Sydney","Canberra","Sydney","All Airlines","Feb-23",672,593,79,451,431,142,162,2023,2
"Coffs Harbour-Sydney","Coffs Harbour","Sydney","All Airlines","Feb-23",224,219,5,158,147,61,72,2023,2
"Darwin-Brisbane","Darwin","Brisbane","All Airlines","Feb-23",84,83,1,69,70,14,13,2023,2
"Darwin-Melbourne","Darwin","Melbourne","All Airlines","Feb-23",61,60,1,45,48,15,12,2023,2
"Darwin-Perth","Darwin","Perth","All Airlines","Feb-23",44,44,0,33,36,11,8,2023,2
"Dubbo-Sydney","Dubbo","Sydney","All Airlines","Feb-23",218,213,5,162,157,51,56,2023,2
"Emerald-Brisbane","Emerald","Brisbane","All Airlines","Feb-23",132,130,2,115,118,15,12,2023,2
"Gladstone-Brisbane","Gladstone","Brisbane","All Airlines","Feb-23",178,170,8,145,133,25,37,2023,2
"Gold Coast-Adelaide","Gold Coast","Adelaide","All Airlines","Feb-23",52,51,1,31,34,20,17,2023,2
"Gold Coast-Canberra","Gold Coast","Canberra","All Airlines","Feb-23",44,43,1,29,29,14,14,2023,2
"Gold Coast-Melbourne","Gold Coast","Melbourne","All Airlines","Feb-23",477,456,21,321,323,135,133,2023,2
"Gold Coast-Sydney","Gold Coast","Sydney","All Airlines","Feb-23",619,592,27,402,382,190,210,2023,2
"Hamilton Island-Brisbane","Hamilton Island","Brisbane","All Airlines","Feb-23",44,44,0,31,31,13,13,2023,2
"Hamilton Island-Sydney","Hamilton Island","Sydney","All Airlines","Feb-23",76,76,0,49,45,27,31,2023,2
"Hobart-Brisbane","Hobart","Brisbane","All Airlines","Feb-23",94,94,0,78,80,16,14,2023,2
"Hobart-Melbourne","Hobart","Melbourne","All Airlines","Feb-23",371,364,7,219,218,145,146,2023,2
"Hobart-Sydney","Hobart","Sydney","All Airlines","Feb-23",233,223,10,151,156,72,67,2023,2
"Kalgoorlie-Perth","Kalgoorlie","Perth","All Airlines","Feb-23",140,138,2,93,94,45,44,2023,2
"Karratha-Perth","Karratha","Perth","All Airlines","Feb-23",176,174,2,145,137,29,37,2023,2
"Launceston-Brisbane","Launceston","Brisbane","All Airlines","Feb-23",53,52,1,32,36,20,16,2023,2
"Launceston-Melbourne","Launceston","Melbourne","All Airlines","Feb-23",263,256,7,163,172,93,84,2023,2
"Launceston-Sydney","Launceston","Sydney","All Airlines","Feb-23",97,92,5,56,58,36,34,2023,2
"Mackay-Brisbane","Mackay","Brisbane","All Airlines","Feb-23",268,264,4,180,186,84,78,2023,2
"Melbourne-Adelaide","Melbourne","Adelaide","All Airlines","Feb-23",613,600,13,459,433,141,167,2023,2
"Melbourne-Brisbane","Melbourne","Brisbane","All Airlines","Feb-23",872,832,40,645,625,187,207,2023,2
"Melbourne-Cairns","Melbourne","Cairns","All Airlines","Feb-23",130,127,3,87,88,40,39,2023,2
"Melbourne-Canberra","Melbourne","Canberra","All Airlines","Feb-23",380,373,7,312,308,61,65,2023,2
"Melbourne-Darwin","Melbourne","Darwin","All Airlines","Feb-23",60,60,0,47,46,13,14,2023,2
"Melbourne-Gold Coast","Melbourne","Gold Coast","All Airlines","Feb-23",477,457,20,327,325,130,132,2023,2
"Melbourne-Hobart","Melbourne","Hobart","All Airlines","Feb-23",371,365,6,232,232,133,133,2023,2
"Melbourne-Launceston","Melbourne","Launceston","All Airlines","Feb-23",264,258,6,179,173,79,85,2023,2
"Melbourne-Mildura","Melbourne","Mildura","All Airlines","Feb-23",181,177,4,115,111,62,66,2023,2
"Melbourne-Newcastle","Melbourne","Newcastle","All Airlines","Feb-23",122,117,5,79,79,38,38,2023,2
"Melbourne-Perth","Melbourne","Perth","All Airlines","Feb-23",391,386,5,261,272,125,114,2023,2
"Melbourne-Sunshine Coast","Melbourne","Sunshine Coast","All Airlines","Feb-23",162,160,2,116,112,44,48,2023,2
"Melbourne-Sydney","Melbourne","Sydney","All Airlines","Feb-23",2078,1852,226,1359,1231,493,621,2023,2
"Mildura-Melbourne","Mildura","Melbourne","All Airlines","Feb-23",181,176,5,118,96,58,80,2023,2
"Mount Isa-Brisbane","Mount Isa","Brisbane","All Airlines","Feb-23",60,60,0,51,47,9,13,2023,2
"Newcastle-Brisbane","Newcastle","Brisbane","All Airlines","Feb-23",254,242,12,219,213,23,29,2023,2
"Newcastle-Melbourne","Newcastle","Melbourne","All Airlines","Feb-23",121,118,3,80,80,38,38,2023,2
"Newman-Perth","Newman","Perth","All Airlines","Feb-23",152,149,3,115,115,34,34,2023,2
"Perth-Adelaide","Perth","Adelaide","All Airlines","Feb-23",161,158,3,122,112,36,46,2023,2
"Perth-Brisbane","Perth","Brisbane","All Airlines","Feb-23",260,253,7,171,174,82,79,2023,2
"Perth-Broome","Perth","Broome","All Airlines","Feb-23",112,107,5,87,93,20,14,2023,2
"Perth-Darwin","Perth","Darwin","All Airlines","Feb-23",44,44,0,33,35,11,9,2023,2
"Perth-Kalgoorlie","Perth","Kalgoorlie","All Airlines","Feb-23",140,138,2,111,102,27,36,2023,2
"Perth-Karratha","Perth","Karratha","All Airlines","Feb-23",178,176,2,144,145,32,31,2023,2
"Perth-Melbourne","Perth","Melbourne","All Airlines","Feb-23",399,391,8,251,262,140,129,2023,2
"Perth-Newman","Perth","Newman","All Airlines","Feb-23",153,150,3,131,122,19,28,2023,2
"Perth-Port Hedland","Perth","Port Hedland","All Airlines","Feb-23",165,165,0,132,134,33,31,2023,2
"Perth-Sydney","Perth","Sydney","All Airlines","Feb-23",352,342,10,218,227,124,115,2023,2
"Port Hedland-Perth","Port Hedland","Perth","All Airlines","Feb-23",164,164,0,100,100,64,64,2023,2
"Port Lincoln-Adelaide","Port Lincoln","Adelaide","All Airlines","Feb-23",257,256,1,218,217,38,39,2023,2
"Port Macquarie-Sydney","Port Macquarie","Sydney","All Airlines","Feb-23",193,188,5,142,125,46,63,2023,2
"Proserpine-Brisbane","Proserpine","Brisbane","All Airlines","Feb-23",76,76,0,51,51,25,25,2023,2
"Rockhampton-Brisbane","Rockhampton","Brisbane","All Airlines","Feb-23",277,270,7,200,183,70,87,2023,2
"Sunshine Coast-Melbourne","Sunshine Coast","Melbourne","All Airlines","Feb-23",162,158,4,112,105,46,53,2023,2
"Sunshine Coast-Sydney","Sunshine Coast","Sydney","All Airlines","Feb-23",212,207,5,148,119,59,88,2023,2
"Sydney-Adelaide","Sydney","Adelaide","All Airlines","Feb-23",436,418,18,279,288,139,130,2023,2
"Sydney-Albury","Sydney","Albury","All Airlines","Feb-23",206,197,9,144,146,53,51,2023,2
"Sydney-Armidale","Sydney","Armidale","All Airlines","Feb-23",167,159,8,107,111,52,48,2023,2
"Sydney-Ballina","Sydney","Ballina","All Airlines","Feb-23",197,192,5,130,136,62,56,2023,2
"Sydney-Brisbane","Sydney","Brisbane","All Airlines","Feb-23",1213,1128,85,794,773,334,355,2023,2
"Sydney-Cairns","Sydney","Cairns","All Airlines","Feb-23",143,137,6,91,98,46,39,2023,2
"Sydney-Canberra","Sydney","Canberra","All Airlines","Feb-23",668,593,75,435,452,158,141,2023,2
"Sydney-Coffs Harbour","Sydney","Coffs Harbour","All Airlines","Feb-23",224,219,5,151,160,68,59,2023,2
"Sydney-Dubbo","Sydney","Dubbo","All Airlines","Feb-23",221,218,3,144,155,74,63,2023,2
"Sydney-Gold Coast","Sydney","Gold Coast","All Airlines","Feb-23",618,590,28,409,400,181,190,2023,2
"Sydney-Hamilton Island","Sydney","Hamilton Island","All Airlines","Feb-23",76,76,0,54,58,22,18,2023,2
"Sydney-Hobart","Sydney","Hobart","All Airlines","Feb-23",235,225,10,153,157,72,68,2023,2
"Sydney-Launceston","Sydney","Launceston","All Airlines","Feb-23",96,93,3,63,61,30,32,2023,2
"Sydney-Melbourne","Sydney","Melbourne","All Airlines","Feb-23",2068,1845,223,1306,1286,539,559,2023,2
"Sydney-Perth","Sydney","Perth","All Airlines","Feb-23",358,348,10,204,234,144,114,2023,2
"Sydney-Port Macquarie","Sydney","Port Macquarie","All Airlines","Feb-23",194,189,5,131,138,58,51,2023,2
"Sydney-Sunshine Coast","Sydney","Sunshine Coast","All Airlines","Feb-23",211,208,3,146,139,62,69,2023,2
"Sydney-Wagga Wagga","Sydney","Wagga Wagga","All Airlines","Feb-23",219,207,12,159,159,48,48,2023,2
"Townsville-Brisbane","Townsville","Brisbane","All Airlines","Feb-23",276,274,2,228,235,46,39,2023,2
"Townsville-Cairns","Townsville","Cairns","All Airlines","Feb-23",140,134,6,122,123,12,11,2023,2
"Wagga Wagga-Sydney","Wagga Wagga","Sydney","All Airlines","Feb-23",214,203,11,160,151,43,52,2023,2
"Adelaide-Brisbane","Adelaide","Brisbane","Jetstar","Mar-23",32,27,5,22,23,5,4,2023,3
"Adelaide-Gold Coast","Adelaide","Gold Coast","Jetstar","Mar-23",30,29,1,24,24,5,5,2023,3
"Adelaide-Melbourne","Adelaide","Melbourne","Jetstar","Mar-23",118,111,7,69,73,42,38,2023,3
"Adelaide-Perth","Adelaide","Perth","Jetstar","Mar-23",27,27,0,24,24,3,3,2023,3
"Adelaide-Sydney","Adelaide","Sydney","Jetstar","Mar-23",109,94,15,54,51,40,43,2023,3
"Ballina-Sydney","Ballina","Sydney","Jetstar","Mar-23",75,74,1,39,35,35,39,2023,3
"Brisbane-Adelaide","Brisbane","Adelaide","Jetstar","Mar-23",32,27,5,19,20,8,7,2023,3
"Brisbane-Cairns","Brisbane","Cairns","Jetstar","Mar-23",77,74,3,41,47,33,27,2023,3
"Brisbane-Canberra","Brisbane","Canberra","Jetstar","Mar-23",31,31,0,24,24,7,7,2023,3
"Brisbane-Darwin","Brisbane","Darwin","Jetstar","Mar-23",19,16,3,11,13,5,3,2023,3
"Brisbane-Hobart","Brisbane","Hobart","Jetstar","Mar-23",29,29,0,23,26,6,3,2023,3
"Brisbane-Launceston","Brisbane","Launceston","Jetstar","Mar-23",25,24,1,18,18,6,6,2023,3
"Brisbane-Mackay","Brisbane","Mackay","Jetstar","Mar-23",31,31,0,17,19,14,12,2023,3
"Brisbane-Melbourne","Brisbane","Melbourne","Jetstar","Mar-23",159,142,17,86,97,56,45,2023,3
"Brisbane-Newcastle","Brisbane","Newcastle","Jetstar","Mar-23",60,59,1,52,54,7,5,2023,3
"Brisbane-Perth","Brisbane","Perth","Jetstar","Mar-23",23,23,0,15,18,8,5,2023,3
"Brisbane-Proserpine","Brisbane","Proserpine","Jetstar","Mar-23",31,31,0,19,20,12,11,2023,3
"Brisbane-Sydney","Brisbane","Sydney","Jetstar","Mar-23",189,170,19,109,108,61,62,2023,3
"Brisbane-Townsville","Brisbane","Townsville","Jetstar","Mar-23",51,50,1,39,40,11,10,2023,3
"Cairns-Brisbane","Cairns","Brisbane","Jetstar","Mar-23",77,75,2,47,42,28,33,2023,3
"Cairns-Melbourne","Cairns","Melbourne","Jetstar","Mar-23",75,71,4,46,49,25,22,2023,3
"Cairns-Sydney","Cairns","Sydney","Jetstar","Mar-23",81,71,10,45,41,26,30,2023,3
"Canberra-Brisbane","Canberra","Brisbane","Jetstar","Mar-23",31,31,0,17,19,14,12,2023,3
"Canberra-Gold Coast","Canberra","Gold Coast","Jetstar","Mar-23",20,20,0,7,11,13,9,2023,3
"Canberra-Melbourne","Canberra","Melbourne","Jetstar","Mar-23",31,30,1,14,19,16,11,2023,3
"Darwin-Brisbane","Darwin","Brisbane","Jetstar","Mar-23",19,17,2,9,6,8,11,2023,3
"Darwin-Melbourne","Darwin","Melbourne","Jetstar","Mar-23",26,23,3,16,15,7,8,2023,3
"Gold Coast-Adelaide","Gold Coast","Adelaide","Jetstar","Mar-23",30,29,1,22,26,7,3,2023,3
"Gold Coast-Canberra","Gold Coast","Canberra","Jetstar","Mar-23",20,20,0,4,9,16,11,2023,3
"Gold Coast-Melbourne","Gold Coast","Melbourne","Jetstar","Mar-23",176,163,13,103,102,60,61,2023,3
"Gold Coast-Sydney","Gold Coast","Sydney","Jetstar","Mar-23",232,202,30,108,105,94,97,2023,3
"Hamilton Island-Sydney","Hamilton Island","Sydney","Jetstar","Mar-23",24,24,0,9,10,15,14,2023,3
"Hobart-Brisbane","Hobart","Brisbane","Jetstar","Mar-23",29,29,0,26,26,3,3,2023,3
"Hobart-Melbourne","Hobart","Melbourne","Jetstar","Mar-23",158,153,5,86,92,67,61,2023,3
"Hobart-Sydney","Hobart","Sydney","Jetstar","Mar-23",87,83,4,51,53,32,30,2023,3
"Launceston-Brisbane","Launceston","Brisbane","Jetstar","Mar-23",27,25,2,11,15,14,10,2023,3
"Launceston-Melbourne","Launceston","Melbourne","Jetstar","Mar-23",81,80,1,32,35,48,45,2023,3
"Launceston-Sydney","Launceston","Sydney","Jetstar","Mar-23",42,40,2,13,15,27,25,2023,3
"Mackay-Brisbane","Mackay","Brisbane","Jetstar","Mar-23",32,30,2,14,14,16,16,2023,3
"Melbourne-Adelaide","Melbourne","Adelaide","Jetstar","Mar-23",118,114,4,75,74,39,40,2023,3
"Melbourne-Brisbane","Melbourne","Brisbane","Jetstar","Mar-23",159,142,17,79,78,63,64,2023,3
"Melbourne-Cairns","Melbourne","Cairns","Jetstar","Mar-23",75,72,3,42,46,30,26,2023,3
"Melbourne-Canberra","Melbourne","Canberra","Jetstar","Mar-23",31,30,1,18,18,12,12,2023,3
"Melbourne-Darwin","Melbourne","Darwin","Jetstar","Mar-23",25,23,2,15,18,8,5,2023,3
"Melbourne-Gold Coast","Melbourne","Gold Coast","Jetstar","Mar-23",177,164,13,94,97,70,67,2023,3
"Melbourne-Hobart","Melbourne","Hobart","Jetstar","Mar-23",161,156,5,84,91,72,65,2023,3
"Melbourne-Launceston","Melbourne","Launceston","Jetstar","Mar-23",80,79,1,42,46,37,33,2023,3
"Melbourne-Newcastle","Melbourne","Newcastle","Jetstar","Mar-23",49,48,1,33,32,15,16,2023,3
"Melbourne-Perth","Melbourne","Perth","Jetstar","Mar-23",67,61,6,43,39,18,22,2023,3
"Melbourne-Sunshine Coast","Melbourne","Sunshine Coast","Jetstar","Mar-23",64,64,0,49,46,15,18,2023,3
"Melbourne-Sydney","Melbourne","Sydney","Jetstar","Mar-23",413,348,65,198,209,150,139,2023,3
"Newcastle-Brisbane","Newcastle","Brisbane","Jetstar","Mar-23",60,59,1,50,49,9,10,2023,3
"Newcastle-Melbourne","Newcastle","Melbourne","Jetstar","Mar-23",52,49,3,28,32,21,17,2023,3
"Perth-Adelaide","Perth","Adelaide","Jetstar","Mar-23",27,27,0,20,23,7,4,2023,3
"Perth-Brisbane","Perth","Brisbane","Jetstar","Mar-23",24,22,2,12,12,10,10,2023,3
"Perth-Melbourne","Perth","Melbourne","Jetstar","Mar-23",67,60,7,27,38,33,22,2023,3
"Perth-Sydney","Perth","Sydney","Jetstar","Mar-23",46,45,1,10,23,35,22,2023,3
"Proserpine-Brisbane","Proserpine","Brisbane","Jetstar","Mar-23",31,31,0,18,17,13,14,2023,3
"Sunshine Coast-Melbourne","Sunshine Coast","Melbourne","Jetstar","Mar-23",64,64,0,42,39,22,25,2023,3
"Sunshine Coast-Sydney","Sunshine Coast","Sydney","Jetstar","Mar-23",88,76,12,41,35,35,41,2023,3
"Sydney-Adelaide","Sydney","Adelaide","Jetstar","Mar-23",108,94,14,51,49,43,45,2023,3
"Sydney-Ballina","Sydney","Ballina","Jetstar","Mar-23",75,74,1,49,49,25,25,2023,3
"Sydney-Brisbane","Sydney","Brisbane","Jetstar","Mar-23",187,169,18,101,102,68,67,2023,3
"Sydney-Cairns","Sydney","Cairns","Jetstar","Mar-23",81,71,10,40,46,31,25,2023,3
"Sydney-Gold Coast","Sydney","Gold Coast","Jetstar","Mar-23",230,205,25,100,106,105,99,2023,3
"Sydney-Hamilton Island","Sydney","Hamilton Island","Jetstar","Mar-23",25,25,0,11,11,14,14,2023,3
"Sydney-Hobart","Sydney","Hobart","Jetstar","Mar-23",85,82,3,53,53,29,29,2023,3
"Sydney-Launceston","Sydney","Launceston","Jetstar","Mar-23",41,39,2,22,19,17,20,2023,3
"Sydney-Melbourne","Sydney","Melbourne","Jetstar","Mar-23",413,348,65,196,212,152,136,2023,3
"Sydney-Perth","Sydney","Perth","Jetstar","Mar-23",46,45,1,20,22,25,23,2023,3
"Sydney-Sunshine Coast","Sydney","Sunshine Coast","Jetstar","Mar-23",87,77,10,54,49,23,28,2023,3
"Townsville-Brisbane","Townsville","Brisbane","Jetstar","Mar-23",52,50,2,38,32,12,18,2023,3
"Adelaide-Brisbane","Adelaide","Brisbane","Qantas","Mar-23",8,8,0,7,8,1,0,2023,3
"Adelaide-Melbourne","Adelaide","Melbourne","Qantas","Mar-23",245,235,10,182,176,53,59,2023,3
"Adelaide-Perth","Adelaide","Perth","Qantas","Mar-23",94,94,0,72,79,22,15,2023,3
"Adelaide-Sydney","Adelaide","Sydney","Qantas","Mar-23",222,220,2,145,160,75,60,2023,3
"Brisbane-Adelaide","Brisbane","Adelaide","Qantas","Mar-23",9,9,0,9,8,0,1,2023,3
"Brisbane-Cairns","Brisbane","Cairns","Qantas","Mar-23",70,70,0,54,57,16,13,2023,3
"Brisbane-Canberra","Brisbane","Canberra","Qantas","Mar-23",20,18,2,16,17,2,1,2023,3
"Brisbane-Hamilton Island","Brisbane","Hamilton Island","Qantas","Mar-23",18,18,0,16,16,2,2,2023,3
"Brisbane-Mackay","Brisbane","Mackay","Qantas","Mar-23",110,110,0,89,94,21,16,2023,3
"Brisbane-Melbourne","Brisbane","Melbourne","Qantas","Mar-23",356,349,7,264,258,85,91,2023,3
"Brisbane-Mount Isa","Brisbane","Mount Isa","Qantas","Mar-23",50,50,0,46,47,4,3,2023,3
"Brisbane-Perth","Brisbane","Perth","Qantas","Mar-23",146,146,0,100,114,46,32,2023,3
"Brisbane-Sydney","Brisbane","Sydney","Qantas","Mar-23",540,508,32,412,392,96,116,2023,3
"Brisbane-Townsville","Brisbane","Townsville","Qantas","Mar-23",75,75,0,53,62,22,13,2023,3
"Cairns-Brisbane","Cairns","Brisbane","Qantas","Mar-23",70,70,0,59,59,11,11,2023,3
"Cairns-Melbourne","Cairns","Melbourne","Qantas","Mar-23",28,27,1,19,21,8,6,2023,3
"Cairns-Sydney","Cairns","Sydney","Qantas","Mar-23",33,33,0,15,14,18,19,2023,3
"Canberra-Brisbane","Canberra","Brisbane","Qantas","Mar-23",20,18,2,17,17,1,1,2023,3
"Darwin-Melbourne","Darwin","Melbourne","Qantas","Mar-23",27,26,1,24,26,2,0,2023,3
"Darwin-Perth","Darwin","Perth","Qantas","Mar-23",19,19,0,14,17,5,2,2023,3
"Gold Coast-Melbourne","Gold Coast","Melbourne","Qantas","Mar-23",25,25,0,12,12,13,13,2023,3
"Gold Coast-Sydney","Gold Coast","Sydney","Qantas","Mar-23",103,102,1,76,67,26,35,2023,3
"Hamilton Island-Brisbane","Hamilton Island","Brisbane","Qantas","Mar-23",17,17,0,15,15,2,2,2023,3
"Hamilton Island-Sydney","Hamilton Island","Sydney","Qantas","Mar-23",31,30,1,13,16,17,14,2023,3
"Hobart-Melbourne","Hobart","Melbourne","Qantas","Mar-23",8,8,0,6,5,2,3,2023,3
"Hobart-Sydney","Hobart","Sydney","Qantas","Mar-23",11,11,0,9,10,2,1,2023,3
"Kalgoorlie-Perth","Kalgoorlie","Perth","Qantas","Mar-23",30,29,1,18,21,11,8,2023,3
"Karratha-Perth","Karratha","Perth","Qantas","Mar-23",23,22,1,13,15,9,7,2023,3
"Mackay-Brisbane","Mackay","Brisbane","Qantas","Mar-23",110,106,4,80,84,26,22,2023,3
"Melbourne-Adelaide","Melbourne","Adelaide","Qantas","Mar-23",245,235,10,172,173,63,62,2023,3
"Melbourne-Brisbane","Melbourne","Brisbane","Qantas","Mar-23",358,351,7,260,257,91,94,2023,3
"Melbourne-Cairns","Melbourne","Cairns","Qantas","Mar-23",28,28,0,21,22,7,6,2023,3
"Melbourne-Darwin","Melbourne","Darwin","Qantas","Mar-23",28,28,0,15,19,13,9,2023,3
"Melbourne-Gold Coast","Melbourne","Gold Coast","Qantas","Mar-23",24,24,0,20,21,4,3,2023,3
"Melbourne-Hobart","Melbourne","Hobart","Qantas","Mar-23",9,9,0,2,3,7,6,2023,3
"Melbourne-Perth","Melbourne","Perth","Qantas","Mar-23",210,210,0,143,118,67,92,2023,3
"Melbourne-Sunshine Coast","Melbourne","Sunshine Coast","Qantas","Mar-23",17,17,0,13,13,4,4,2023,3
"Melbourne-Sydney","Melbourne","Sydney","Qantas","Mar-23",910,829,81,637,593,192,236,2023,3
"Mount Isa-Brisbane","Mount Isa","Brisbane","Qantas","Mar-23",50,50,0,42,43,8,7,2023,3
"Newman-Perth","Newman","Perth","Qantas","Mar-23",20,20,0,13,14,7,6,2023,3
"Perth-Adelaide","Perth","Adelaide","Qantas","Mar-23",94,94,0,63,74,31,20,2023,3
"Perth-Brisbane","Perth","Brisbane","Qantas","Mar-23",148,147,1,107,117,40,30,2023,3
"Perth-Darwin","Perth","Darwin","Qantas","Mar-23",19,19,0,15,15,4,4,2023,3
"Perth-Kalgoorlie","Perth","Kalgoorlie","Qantas","Mar-23",30,29,1,24,23,5,6,2023,3
"Perth-Karratha","Perth","Karratha","Qantas","Mar-23",23,22,1,20,19,2,3,2023,3
"Perth-Melbourne","Perth","Melbourne","Qantas","Mar-23",215,213,2,155,168,58,45,2023,3
"Perth-Newman","Perth","Newman","Qantas","Mar-23",20,20,0,17,18,3,2,2023,3
"Perth-Port Hedland","Perth","Port Hedland","Qantas","Mar-23",38,37,1,30,31,7,6,2023,3
"Perth-Sydney","Perth","Sydney","Qantas","Mar-23",211,209,2,144,161,65,48,2023,3
"Port Hedland-Perth","Port Hedland","Perth","Qantas","Mar-23",38,37,1,22,28,15,9,2023,3
"Sunshine Coast-Melbourne","Sunshine Coast","Melbourne","Qantas","Mar-23",17,17,0,9,10,8,7,2023,3
"Sunshine Coast-Sydney","Sunshine Coast","Sydney","Qantas","Mar-23",19,19,0,10,9,9,10,2023,3
"Sydney-Adelaide","Sydney","Adelaide","Qantas","Mar-23",222,219,3,160,141,59,78,2023,3
"Sydney-Brisbane","Sydney","Brisbane","Qantas","Mar-23",543,510,33,367,362,143,148,2023,3
"Sydney-Cairns","Sydney","Cairns","Qantas","Mar-23",32,32,0,17,15,15,17,2023,3
"Sydney-Gold Coast","Sydney","Gold Coast","Qantas","Mar-23",103,102,1,66,73,36,29,2023,3
"Sydney-Hamilton Island","Sydney","Hamilton Island","Qantas","Mar-23",31,30,1,14,15,16,15,2023,3
"Sydney-Hobart","Sydney","Hobart","Qantas","Mar-23",11,11,0,9,10,2,1,2023,3
"Sydney-Melbourne","Sydney","Melbourne","Qantas","Mar-23",911,844,67,603,566,241,278,2023,3
"Sydney-Perth","Sydney","Perth","Qantas","Mar-23",210,209,1,136,116,73,93,2023,3
"Sydney-Sunshine Coast","Sydney","Sunshine Coast","Qantas","Mar-23",20,20,0,11,11,9,9,2023,3
"Townsville-Brisbane","Townsville","Brisbane","Qantas","Mar-23",75,75,0,68,68,7,7,2023,3
"Adelaide-Alice Springs","Adelaide","Alice Springs","QantasLink","Mar-23",48,48,0,44,40,4,8,2023,3
"Adelaide-Brisbane","Adelaide","Brisbane","QantasLink","Mar-23",140,138,2,95,103,43,35,2023,3
"Adelaide-Canberra","Adelaide","Canberra","QantasLink","Mar-23",104,104,0,96,94,8,10,2023,3
"Adelaide-Melbourne","Adelaide","Melbourne","QantasLink","Mar-23",13,13,0,12,9,1,4,2023,3
"Adelaide-Port Lincoln","Adelaide","Port Lincoln","QantasLink","Mar-23",134,132,2,116,117,16,15,2023,3
"Albury-Sydney","Albury","Sydney","QantasLink","Mar-23",112,112,0,87,91,25,21,2023,3
"Alice Springs-Adelaide","Alice Springs","Adelaide","QantasLink","Mar-23",48,48,0,32,32,16,16,2023,3
"Armidale-Sydney","Armidale","Sydney","QantasLink","Mar-23",106,100,6,90,89,10,11,2023,3
"Ballina-Sydney","Ballina","Sydney","QantasLink","Mar-23",89,86,3,61,60,25,26,2023,3
"Brisbane-Adelaide","Brisbane","Adelaide","QantasLink","Mar-23",140,139,1,109,94,30,45,2023,3
"Brisbane-Cairns","Brisbane","Cairns","QantasLink","Mar-23",56,56,0,37,45,19,11,2023,3
"Brisbane-Canberra","Brisbane","Canberra","QantasLink","Mar-23",136,135,1,113,108,22,27,2023,3
"Brisbane-Darwin","Brisbane","Darwin","QantasLink","Mar-23",35,35,0,11,22,24,13,2023,3
"Brisbane-Emerald","Brisbane","Emerald","QantasLink","Mar-23",122,121,1,97,95,24,26,2023,3
"Brisbane-Gladstone","Brisbane","Gladstone","QantasLink","Mar-23",148,140,8,112,112,28,28,2023,3
"Brisbane-Hobart","Brisbane","Hobart","QantasLink","Mar-23",23,23,0,21,21,2,2,2023,3
"Brisbane-Mackay","Brisbane","Mackay","QantasLink","Mar-23",11,10,1,9,8,1,2,2023,3
"Brisbane-Newcastle","Brisbane","Newcastle","QantasLink","Mar-23",141,127,14,98,100,29,27,2023,3
"Brisbane-Proserpine","Brisbane","Proserpine","QantasLink","Mar-23",25,25,0,24,24,1,1,2023,3
"Brisbane-Rockhampton","Brisbane","Rockhampton","QantasLink","Mar-23",177,168,9,137,143,31,25,2023,3
"Brisbane-Townsville","Brisbane","Townsville","QantasLink","Mar-23",40,40,0,34,36,6,4,2023,3
"Broome-Perth","Broome","Perth","QantasLink","Mar-23",76,75,1,58,58,17,17,2023,3
"Cairns-Brisbane","Cairns","Brisbane","QantasLink","Mar-23",56,56,0,34,33,22,23,2023,3
"Cairns-Townsville","Cairns","Townsville","QantasLink","Mar-23",146,141,5,132,133,9,8,2023,3
"Canberra-Adelaide","Canberra","Adelaide","QantasLink","Mar-23",104,104,0,95,87,9,17,2023,3
"Canberra-Brisbane","Canberra","Brisbane","QantasLink","Mar-23",137,136,1,116,118,20,18,2023,3
"Canberra-Melbourne","Canberra","Melbourne","QantasLink","Mar-23",252,235,17,170,162,65,73,2023,3
"Canberra-Sydney","Canberra","Sydney","QantasLink","Mar-23",483,432,51,339,313,93,119,2023,3
"Coffs Harbour-Sydney","Coffs Harbour","Sydney","QantasLink","Mar-23",118,116,2,91,84,25,32,2023,3
"Darwin-Brisbane","Darwin","Brisbane","QantasLink","Mar-23",35,35,0,32,30,3,5,2023,3
"Darwin-Perth","Darwin","Perth","QantasLink","Mar-23",12,12,0,6,7,6,5,2023,3
"Dubbo-Sydney","Dubbo","Sydney","QantasLink","Mar-23",113,110,3,90,93,20,17,2023,3
"Emerald-Brisbane","Emerald","Brisbane","QantasLink","Mar-23",121,119,2,85,87,34,32,2023,3
"Gladstone-Brisbane","Gladstone","Brisbane","QantasLink","Mar-23",146,137,9,110,112,27,25,2023,3
"Gold Coast-Melbourne","Gold Coast","Melbourne","QantasLink","Mar-23",6,6,0,3,3,3,3,2023,3
"Gold Coast-Sydney","Gold Coast","Sydney","QantasLink","Mar-23",15,15,0,13,12,2,3,2023,3
"Hobart-Brisbane","Hobart","Brisbane","QantasLink","Mar-23",24,22,2,17,18,5,4,2023,3
"Hobart-Melbourne","Hobart","Melbourne","QantasLink","Mar-23",87,81,6,54,55,27,26,2023,3
"Hobart-Sydney","Hobart","Sydney","QantasLink","Mar-23",78,78,0,51,47,27,31,2023,3
"Kalgoorlie-Perth","Kalgoorlie","Perth","QantasLink","Mar-23",47,46,1,27,31,19,15,2023,3
"Karratha-Perth","Karratha","Perth","QantasLink","Mar-23",123,122,1,78,82,44,40,2023,3
"Launceston-Melbourne","Launceston","Melbourne","QantasLink","Mar-23",121,115,6,75,77,40,38,2023,3
"Launceston-Sydney","Launceston","Sydney","QantasLink","Mar-23",31,31,0,17,21,14,10,2023,3
"Mackay-Brisbane","Mackay","Brisbane","QantasLink","Mar-23",16,15,1,14,11,1,4,2023,3
"Melbourne-Adelaide","Melbourne","Adelaide","QantasLink","Mar-23",13,13,0,11,7,2,6,2023,3
"Melbourne-Canberra","Melbourne","Canberra","QantasLink","Mar-23",252,236,16,180,181,56,55,2023,3
"Melbourne-Gold Coast","Melbourne","Gold Coast","QantasLink","Mar-23",6,6,0,3,3,3,3,2023,3
"Melbourne-Hobart","Melbourne","Hobart","QantasLink","Mar-23",86,81,5,51,53,30,28,2023,3
"Melbourne-Launceston","Melbourne","Launceston","QantasLink","Mar-23",121,114,7,81,81,33,33,2023,3
"Melbourne-Mildura","Melbourne","Mildura","QantasLink","Mar-23",121,121,0,77,81,44,40,2023,3
"Melbourne-Newcastle","Melbourne","Newcastle","QantasLink","Mar-23",54,50,4,31,30,19,20,2023,3
"Melbourne-Sunshine Coast","Melbourne","Sunshine Coast","QantasLink","Mar-23",14,14,0,13,13,1,1,2023,3
"Mildura-Melbourne","Mildura","Melbourne","QantasLink","Mar-23",121,121,0,74,64,47,57,2023,3
"Newcastle-Brisbane","Newcastle","Brisbane","QantasLink","Mar-23",142,126,16,103,108,23,18,2023,3
"Newcastle-Melbourne","Newcastle","Melbourne","QantasLink","Mar-23",54,52,2,40,33,12,19,2023,3
"Newman-Perth","Newman","Perth","QantasLink","Mar-23",95,93,2,68,67,25,26,2023,3
"Perth-Broome","Perth","Broome","QantasLink","Mar-23",76,75,1,62,64,13,11,2023,3
"Perth-Darwin","Perth","Darwin","QantasLink","Mar-23",12,12,0,10,10,2,2,2023,3
"Perth-Kalgoorlie","Perth","Kalgoorlie","QantasLink","Mar-23",47,46,1,38,37,8,9,2023,3
"Perth-Karratha","Perth","Karratha","QantasLink","Mar-23",123,123,0,93,93,30,30,2023,3
"Perth-Newman","Perth","Newman","QantasLink","Mar-23",95,95,0,78,75,17,20,2023,3
"Perth-Port Hedland","Perth","Port Hedland","QantasLink","Mar-23",95,94,1,76,68,18,26,2023,3
"Port Hedland-Perth","Port Hedland","Perth","QantasLink","Mar-23",94,93,1,59,60,34,33,2023,3
"Port Lincoln-Adelaide","Port Lincoln","Adelaide","QantasLink","Mar-23",134,132,2,118,118,14,14,2023,3
"Port Macquarie-Sydney","Port Macquarie","Sydney","QantasLink","Mar-23",113,112,1,80,83,32,29,2023,3
"Proserpine-Brisbane","Proserpine","Brisbane","QantasLink","Mar-23",25,25,0,24,22,1,3,2023,3
"Rockhampton-Brisbane","Rockhampton","Brisbane","QantasLink","Mar-23",177,169,8,136,136,33,33,2023,3
"Sunshine Coast-Melbourne","Sunshine Coast","Melbourne","QantasLink","Mar-23",14,14,0,8,12,6,2,2023,3
"Sunshine Coast-Sydney","Sunshine Coast","Sydney","QantasLink","Mar-23",64,61,3,45,37,16,24,2023,3
"Sydney-Albury","Sydney","Albury","QantasLink","Mar-23",112,112,0,84,84,28,28,2023,3
"Sydney-Armidale","Sydney","Armidale","QantasLink","Mar-23",106,100,6,79,86,21,14,2023,3
"Sydney-Ballina","Sydney","Ballina","QantasLink","Mar-23",91,89,2,58,65,31,24,2023,3
"Sydney-Canberra","Sydney","Canberra","QantasLink","Mar-23",485,438,47,329,336,109,102,2023,3
"Sydney-Coffs Harbour","Sydney","Coffs Harbour","QantasLink","Mar-23",118,116,2,90,87,26,29,2023,3
"Sydney-Dubbo","Sydney","Dubbo","QantasLink","Mar-23",114,112,2,79,87,33,25,2023,3
"Sydney-Gold Coast","Sydney","Gold Coast","QantasLink","Mar-23",15,15,0,13,13,2,2,2023,3
"Sydney-Hobart","Sydney","Hobart","QantasLink","Mar-23",78,78,0,54,53,24,25,2023,3
"Sydney-Launceston","Sydney","Launceston","QantasLink","Mar-23",31,31,0,21,20,10,11,2023,3
"Sydney-Port Macquarie","Sydney","Port Macquarie","QantasLink","Mar-23",113,113,0,71,79,42,34,2023,3
"Sydney-Sunshine Coast","Sydney","Sunshine Coast","QantasLink","Mar-23",62,59,3,37,37,22,22,2023,3
"Sydney-Wagga Wagga","Sydney","Wagga Wagga","QantasLink","Mar-23",108,104,4,75,81,29,23,2023,3
"Townsville-Brisbane","Townsville","Brisbane","QantasLink","Mar-23",40,40,0,32,24,8,16,2023,3
"Townsville-Cairns","Townsville","Cairns","QantasLink","Mar-23",146,140,6,131,130,9,10,2023,3
"Wagga Wagga-Sydney","Wagga Wagga","Sydney","QantasLink","Mar-23",108,102,6,83,88,19,14,2023,3
"Adelaide-Melbourne","Adelaide","Melbourne","Rex Airlines","Mar-23",58,57,1,42,47,15,10,2023,3
"Adelaide-Port Lincoln","Adelaide","Port Lincoln","Rex Airlines","Mar-23",174,166,8,98,89,68,77,2023,3
"Albury-Sydney","Albury","Sydney","Rex Airlines","Mar-23",135,129,6,103,94,26,35,2023,3
"Armidale-Sydney","Armidale","Sydney","Rex Airlines","Mar-23",78,75,3,51,45,24,30,2023,3
"Brisbane-Melbourne","Brisbane","Melbourne","Rex Airlines","Mar-23",64,63,1,43,44,20,19,2023,3
"Brisbane-Sydney","Brisbane","Sydney","Rex Airlines","Mar-23",145,142,3,99,95,43,47,2023,3
"Cairns-Townsville","Cairns","Townsville","Rex Airlines","Mar-23",13,11,2,8,8,3,3,2023,3
"Canberra-Melbourne","Canberra","Melbourne","Rex Airlines","Mar-23",31,31,0,19,19,12,12,2023,3
"Coffs Harbour-Sydney","Coffs Harbour","Sydney","Rex Airlines","Mar-23",136,135,1,108,93,27,42,2023,3
"Dubbo-Sydney","Dubbo","Sydney","Rex Airlines","Mar-23",131,131,0,94,81,37,50,2023,3
"Gold Coast-Melbourne","Gold Coast","Melbourne","Rex Airlines","Mar-23",31,31,0,23,23,8,8,2023,3
"Gold Coast-Sydney","Gold Coast","Sydney","Rex Airlines","Mar-23",31,31,0,20,22,11,9,2023,3
"Melbourne-Adelaide","Melbourne","Adelaide","Rex Airlines","Mar-23",58,58,0,41,37,17,21,2023,3
"Melbourne-Brisbane","Melbourne","Brisbane","Rex Airlines","Mar-23",64,64,0,48,47,16,17,2023,3
"Melbourne-Canberra","Melbourne","Canberra","Rex Airlines","Mar-23",31,31,0,21,20,10,11,2023,3
"Melbourne-Gold Coast","Melbourne","Gold Coast","Rex Airlines","Mar-23",31,31,0,27,25,4,6,2023,3
"Melbourne-Mildura","Melbourne","Mildura","Rex Airlines","Mar-23",112,110,2,74,67,36,43,2023,3
"Melbourne-Sydney","Melbourne","Sydney","Rex Airlines","Mar-23",189,179,10,140,133,39,46,2023,3
"Mildura-Melbourne","Mildura","Melbourne","Rex Airlines","Mar-23",111,109,2,69,67,40,42,2023,3
"Port Lincoln-Adelaide","Port Lincoln","Adelaide","Rex Airlines","Mar-23",174,165,9,99,101,66,64,2023,3
"Port Macquarie-Sydney","Port Macquarie","Sydney","Rex Airlines","Mar-23",110,105,5,79,71,26,34,2023,3
"Sydney-Albury","Sydney","Albury","Rex Airlines","Mar-23",137,131,6,101,98,30,33,2023,3
"Sydney-Armidale","Sydney","Armidale","Rex Airlines","Mar-23",76,74,2,57,57,17,17,2023,3
"Sydney-Brisbane","Sydney","Brisbane","Rex Airlines","Mar-23",146,142,4,104,97,38,45,2023,3
"Sydney-Coffs Harbour","Sydney","Coffs Harbour","Rex Airlines","Mar-23",136,136,0,106,111,30,25,2023,3
"Sydney-Dubbo","Sydney","Dubbo","Rex Airlines","Mar-23",136,136,0,96,100,40,36,2023,3
"Sydney-Gold Coast","Sydney","Gold Coast","Rex Airlines","Mar-23",31,31,0,20,19,11,12,2023,3
"Sydney-Melbourne","Sydney","Melbourne","Rex Airlines","Mar-23",189,179,10,128,124,51,55,2023,3
"Sydney-Port Macquarie","Sydney","Port Macquarie","Rex Airlines","Mar-23",112,106,6,87,85,19,21,2023,3
"Sydney-Wagga Wagga","Sydney","Wagga Wagga","Rex Airlines","Mar-23",141,137,4,107,103,30,34,2023,3
"Townsville-Cairns","Townsville","Cairns","Rex Airlines","Mar-23",13,11,2,8,8,3,3,2023,3
"Wagga Wagga-Sydney","Wagga Wagga","Sydney","Rex Airlines","Mar-23",142,136,6,109,98,27,38,2023,3
"Adelaide-Alice Springs","Adelaide","Alice Springs","Virgin Australia","Mar-23",11,11,0,9,8,2,3,2023,3
"Adelaide-Brisbane","Adelaide","Brisbane","Virgin Australia","Mar-23",141,138,3,92,99,46,39,2023,3
"Adelaide-Canberra","Adelaide","Canberra","Virgin Australia","Mar-23",26,23,3,16,16,7,7,2023,3
"Adelaide-Gold Coast","Adelaide","Gold Coast","Virgin Australia","Mar-23",34,34,0,20,20,14,14,2023,3
"Adelaide-Melbourne","Adelaide","Melbourne","Virgin Australia","Mar-23",276,274,2,193,194,81,80,2023,3
"Adelaide-Perth","Adelaide","Perth","Virgin Australia","Mar-23",28,28,0,14,13,14,15,2023,3
"Adelaide-Sydney","Adelaide","Sydney","Virgin Australia","Mar-23",164,162,2,96,109,66,53,2023,3
"Alice Springs-Adelaide","Alice Springs","Adelaide","Virgin Australia","Mar-23",11,11,0,8,9,3,2,2023,3
"Ballina-Sydney","Ballina","Sydney","Virgin Australia","Mar-23",55,54,1,37,39,17,15,2023,3
"Brisbane-Adelaide","Brisbane","Adelaide","Virgin Australia","Mar-23",142,138,4,84,93,54,45,2023,3
"Brisbane-Cairns","Brisbane","Cairns","Virgin Australia","Mar-23",133,133,0,81,90,52,43,2023,3
"Brisbane-Canberra","Brisbane","Canberra","Virgin Australia","Mar-23",111,109,2,80,83,29,26,2023,3
"Brisbane-Darwin","Brisbane","Darwin","Virgin Australia","Mar-23",31,31,0,23,27,8,4,2023,3
"Brisbane-Emerald","Brisbane","Emerald","Virgin Australia","Mar-23",27,27,0,21,22,6,5,2023,3
"Brisbane-Gladstone","Brisbane","Gladstone","Virgin Australia","Mar-23",54,53,1,37,36,16,17,2023,3
"Brisbane-Hamilton Island","Brisbane","Hamilton Island","Virgin Australia","Mar-23",37,37,0,31,30,6,7,2023,3
"Brisbane-Hobart","Brisbane","Hobart","Virgin Australia","Mar-23",50,50,0,41,41,9,9,2023,3
"Brisbane-Launceston","Brisbane","Launceston","Virgin Australia","Mar-23",26,25,1,20,19,5,6,2023,3
"Brisbane-Mackay","Brisbane","Mackay","Virgin Australia","Mar-23",143,143,0,84,81,59,62,2023,3
"Brisbane-Melbourne","Brisbane","Melbourne","Virgin Australia","Mar-23",413,403,10,280,273,123,130,2023,3
"Brisbane-Mount Isa","Brisbane","Mount Isa","Virgin Australia","Mar-23",14,14,0,9,9,5,5,2023,3
"Brisbane-Newcastle","Brisbane","Newcastle","Virgin Australia","Mar-23",88,85,3,52,47,33,38,2023,3
"Brisbane-Perth","Brisbane","Perth","Virgin Australia","Mar-23",119,119,0,67,85,52,34,2023,3
"Brisbane-Proserpine","Brisbane","Proserpine","Virgin Australia","Mar-23",37,37,0,35,35,2,2,2023,3
"Brisbane-Rockhampton","Brisbane","Rockhampton","Virgin Australia","Mar-23",143,142,1,98,81,44,61,2023,3
"Brisbane-Sydney","Brisbane","Sydney","Virgin Australia","Mar-23",471,448,23,330,301,118,147,2023,3
"Brisbane-Townsville","Brisbane","Townsville","Virgin Australia","Mar-23",142,140,2,100,97,40,43,2023,3
"Broome-Perth","Broome","Perth","Virgin Australia","Mar-23",10,10,0,1,3,9,7,2023,3
"Cairns-Brisbane","Cairns","Brisbane","Virgin Australia","Mar-23",133,133,0,99,101,34,32,2023,3
"Cairns-Melbourne","Cairns","Melbourne","Virgin Australia","Mar-23",51,51,0,25,28,26,23,2023,3
"Cairns-Sydney","Cairns","Sydney","Virgin Australia","Mar-23",77,76,1,56,48,20,28,2023,3
"Canberra-Adelaide","Canberra","Adelaide","Virgin Australia","Mar-23",26,23,3,16,16,7,7,2023,3
"Canberra-Brisbane","Canberra","Brisbane","Virgin Australia","Mar-23",111,109,2,90,94,19,15,2023,3
"Canberra-Gold Coast","Canberra","Gold Coast","Virgin Australia","Mar-23",31,31,0,23,24,8,7,2023,3
"Canberra-Melbourne","Canberra","Melbourne","Virgin Australia","Mar-23",119,116,3,78,84,38,32,2023,3
"Canberra-Sydney","Canberra","Sydney","Virgin Australia","Mar-23",254,248,6,190,189,58,59,2023,3
"Darwin-Brisbane","Darwin","Brisbane","Virgin Australia","Mar-23",31,31,0,19,23,12,8,2023,3
"Darwin-Melbourne","Darwin","Melbourne","Virgin Australia","Mar-23",22,22,0,18,18,4,4,2023,3
"Darwin-Perth","Darwin","Perth","Virgin Australia","Mar-23",9,9,0,7,6,2,3,2023,3
"Emerald-Brisbane","Emerald","Brisbane","Virgin Australia","Mar-23",27,27,0,24,24,3,3,2023,3
"Gladstone-Brisbane","Gladstone","Brisbane","Virgin Australia","Mar-23",54,53,1,37,27,16,26,2023,3
"Gold Coast-Adelaide","Gold Coast","Adelaide","Virgin Australia","Mar-23",34,34,0,16,15,18,19,2023,3
"Gold Coast-Canberra","Gold Coast","Canberra","Virgin Australia","Mar-23",31,31,0,24,24,7,7,2023,3
"Gold Coast-Melbourne","Gold Coast","Melbourne","Virgin Australia","Mar-23",275,267,8,180,192,87,75,2023,3
"Gold Coast-Sydney","Gold Coast","Sydney","Virgin Australia","Mar-23",291,284,7,211,208,73,76,2023,3
"Hamilton Island-Brisbane","Hamilton Island","Brisbane","Virgin Australia","Mar-23",37,37,0,25,28,12,9,2023,3
"Hamilton Island-Sydney","Hamilton Island","Sydney","Virgin Australia","Mar-23",31,31,0,21,16,10,15,2023,3
"Hobart-Brisbane","Hobart","Brisbane","Virgin Australia","Mar-23",50,50,0,36,32,14,18,2023,3
"Hobart-Melbourne","Hobart","Melbourne","Virgin Australia","Mar-23",141,139,2,97,87,42,52,2023,3
"Hobart-Sydney","Hobart","Sydney","Virgin Australia","Mar-23",79,78,1,54,49,24,29,2023,3
"Kalgoorlie-Perth","Kalgoorlie","Perth","Virgin Australia","Mar-23",38,38,0,23,22,15,16,2023,3
"Karratha-Perth","Karratha","Perth","Virgin Australia","Mar-23",26,26,0,22,22,4,4,2023,3
"Launceston-Brisbane","Launceston","Brisbane","Virgin Australia","Mar-23",26,25,1,16,15,9,10,2023,3
"Launceston-Melbourne","Launceston","Melbourne","Virgin Australia","Mar-23",110,110,0,84,82,26,28,2023,3
"Launceston-Sydney","Launceston","Sydney","Virgin Australia","Mar-23",31,31,0,23,21,8,10,2023,3
"Mackay-Brisbane","Mackay","Brisbane","Virgin Australia","Mar-23",143,142,1,85,75,57,67,2023,3
"Melbourne-Adelaide","Melbourne","Adelaide","Virgin Australia","Mar-23",277,274,3,203,175,71,99,2023,3
"Melbourne-Brisbane","Melbourne","Brisbane","Virgin Australia","Mar-23",414,404,10,290,285,114,119,2023,3
"Melbourne-Cairns","Melbourne","Cairns","Virgin Australia","Mar-23",51,51,0,33,34,18,17,2023,3
"Melbourne-Canberra","Melbourne","Canberra","Virgin Australia","Mar-23",119,117,2,76,78,41,39,2023,3
"Melbourne-Darwin","Melbourne","Darwin","Virgin Australia","Mar-23",23,23,0,12,15,11,8,2023,3
"Melbourne-Gold Coast","Melbourne","Gold Coast","Virgin Australia","Mar-23",275,267,8,197,195,70,72,2023,3
"Melbourne-Hobart","Melbourne","Hobart","Virgin Australia","Mar-23",141,140,1,99,99,41,41,2023,3
"Melbourne-Launceston","Melbourne","Launceston","Virgin Australia","Mar-23",110,110,0,74,73,36,37,2023,3
"Melbourne-Newcastle","Melbourne","Newcastle","Virgin Australia","Mar-23",43,41,2,30,28,11,13,2023,3
"Melbourne-Perth","Melbourne","Perth","Virgin Australia","Mar-23",173,172,1,116,112,56,60,2023,3
"Melbourne-Sunshine Coast","Melbourne","Sunshine Coast","Virgin Australia","Mar-23",82,82,0,62,61,20,21,2023,3
"Melbourne-Sydney","Melbourne","Sydney","Virgin Australia","Mar-23",832,774,58,572,506,202,268,2023,3
"Mount Isa-Brisbane","Mount Isa","Brisbane","Virgin Australia","Mar-23",14,14,0,10,3,4,11,2023,3
"Newcastle-Brisbane","Newcastle","Brisbane","Virgin Australia","Mar-23",88,84,4,54,46,30,38,2023,3
"Newcastle-Melbourne","Newcastle","Melbourne","Virgin Australia","Mar-23",43,41,2,22,20,19,21,2023,3
"Newman-Perth","Newman","Perth","Virgin Australia","Mar-23",26,25,1,17,18,8,7,2023,3
"Perth-Adelaide","Perth","Adelaide","Virgin Australia","Mar-23",28,28,0,19,18,9,10,2023,3
"Perth-Brisbane","Perth","Brisbane","Virgin Australia","Mar-23",115,114,1,66,82,48,32,2023,3
"Perth-Broome","Perth","Broome","Virgin Australia","Mar-23",10,10,0,2,2,8,8,2023,3
"Perth-Darwin","Perth","Darwin","Virgin Australia","Mar-23",9,9,0,7,6,2,3,2023,3
"Perth-Kalgoorlie","Perth","Kalgoorlie","Virgin Australia","Mar-23",38,38,0,28,27,10,11,2023,3
"Perth-Karratha","Perth","Karratha","Virgin Australia","Mar-23",26,26,0,23,24,3,2,2023,3
"Perth-Melbourne","Perth","Melbourne","Virgin Australia","Mar-23",186,184,2,121,135,63,49,2023,3
"Perth-Newman","Perth","Newman","Virgin Australia","Mar-23",26,25,1,20,20,5,5,2023,3
"Perth-Port Hedland","Perth","Port Hedland","Virgin Australia","Mar-23",19,19,0,15,16,4,3,2023,3
"Perth-Sydney","Perth","Sydney","Virgin Australia","Mar-23",142,138,4,85,110,53,28,2023,3
"Port Hedland-Perth","Port Hedland","Perth","Virgin Australia","Mar-23",19,19,0,8,8,11,11,2023,3
"Proserpine-Brisbane","Proserpine","Brisbane","Virgin Australia","Mar-23",37,37,0,35,30,2,7,2023,3
"Rockhampton-Brisbane","Rockhampton","Brisbane","Virgin Australia","Mar-23",143,141,2,98,85,43,56,2023,3
"Sunshine Coast-Melbourne","Sunshine Coast","Melbourne","Virgin Australia","Mar-23",82,82,0,49,47,33,35,2023,3
"Sunshine Coast-Sydney","Sunshine Coast","Sydney","Virgin Australia","Mar-23",76,76,0,42,33,34,43,2023,3
"Sydney-Adelaide","Sydney","Adelaide","Virgin Australia","Mar-23",164,163,1,97,93,66,70,2023,3
"Sydney-Ballina","Sydney","Ballina","Virgin Australia","Mar-23",55,54,1,42,42,12,12,2023,3
"Sydney-Brisbane","Sydney","Brisbane","Virgin Australia","Mar-23",476,452,24,331,325,121,127,2023,3
"Sydney-Cairns","Sydney","Cairns","Virgin Australia","Mar-23",76,76,0,60,64,16,12,2023,3
"Sydney-Canberra","Sydney","Canberra","Virgin Australia","Mar-23",254,248,6,179,199,69,49,2023,3
"Sydney-Gold Coast","Sydney","Gold Coast","Virgin Australia","Mar-23",292,285,7,204,201,81,84,2023,3
"Sydney-Hamilton Island","Sydney","Hamilton Island","Virgin Australia","Mar-23",31,31,0,23,26,8,5,2023,3
"Sydney-Hobart","Sydney","Hobart","Virgin Australia","Mar-23",79,78,1,62,58,16,20,2023,3
"Sydney-Launceston","Sydney","Launceston","Virgin Australia","Mar-23",31,31,0,24,24,7,7,2023,3
"Sydney-Melbourne","Sydney","Melbourne","Virgin Australia","Mar-23",822,764,58,542,517,222,247,2023,3
"Sydney-Perth","Sydney","Perth","Virgin Australia","Mar-23",148,144,4,96,97,48,47,2023,3
"Sydney-Sunshine Coast","Sydney","Sunshine Coast","Virgin Australia","Mar-23",76,76,0,49,43,27,33,2023,3
"Townsville-Brisbane","Townsville","Brisbane","Virgin Australia","Mar-23",142,140,2,95,94,45,46,2023,3
"Adelaide-Perth","Adelaide","Perth","Virgin Australia Regional Airlines","Mar-23",34,31,3,8,10,23,21,2023,3
"Broome-Perth","Broome","Perth","Virgin Australia Regional Airlines","Mar-23",39,36,3,22,26,14,10,2023,3
"Darwin-Perth","Darwin","Perth","Virgin Australia Regional Airlines","Mar-23",13,12,1,6,7,6,5,2023,3
"Kalgoorlie-Perth","Kalgoorlie","Perth","Virgin Australia Regional Airlines","Mar-23",43,41,2,23,27,18,14,2023,3
"Karratha-Perth","Karratha","Perth","Virgin Australia Regional Airlines","Mar-23",28,27,1,16,17,11,10,2023,3
"Newman-Perth","Newman","Perth","Virgin Australia Regional Airlines","Mar-23",34,31,3,23,22,8,9,2023,3
"Perth-Adelaide","Perth","Adelaide","Virgin Australia Regional Airlines","Mar-23",33,31,2,20,20,11,11,2023,3
"Perth-Broome","Perth","Broome","Virgin Australia Regional Airlines","Mar-23",39,36,3,24,26,12,10,2023,3
"Perth-Darwin","Perth","Darwin","Virgin Australia Regional Airlines","Mar-23",13,13,0,6,8,7,5,2023,3
"Perth-Kalgoorlie","Perth","Kalgoorlie","Virgin Australia Regional Airlines","Mar-23",43,41,2,30,29,11,12,2023,3
"Perth-Karratha","Perth","Karratha","Virgin Australia Regional Airlines","Mar-23",28,27,1,16,16,11,11,2023,3
"Perth-Newman","Perth","Newman","Virgin Australia Regional Airlines","Mar-23",33,32,1,24,23,8,9,2023,3
"Perth-Port Hedland","Perth","Port Hedland","Virgin Australia Regional Airlines","Mar-23",35,33,2,23,22,10,11,2023,3
"Port Hedland-Perth","Port Hedland","Perth","Virgin Australia Regional Airlines","Mar-23",35,33,2,15,16,18,17,2023,3
"Adelaide-Alice Springs","Adelaide","Alice Springs","All Airlines","Mar-23",59,59,0,53,48,6,11,2023,3
"Adelaide-Brisbane","Adelaide","Brisbane","All Airlines","Mar-23",321,311,10,216,233,95,78,2023,3
"Adelaide-Canberra","Adelaide","Canberra","All Airlines","Mar-23",130,127,3,112,110,15,17,2023,3
"Adelaide-Gold Coast","Adelaide","Gold Coast","All Airlines","Mar-23",64,63,1,44,44,19,19,2023,3
"Adelaide-Melbourne","Adelaide","Melbourne","All Airlines","Mar-23",710,690,20,498,499,192,191,2023,3
"Adelaide-Perth","Adelaide","Perth","All Airlines","Mar-23",183,180,3,118,126,62,54,2023,3
"Adelaide-Port Lincoln","Adelaide","Port Lincoln","All Airlines","Mar-23",308,298,10,214,206,84,92,2023,3
"Adelaide-Sydney","Adelaide","Sydney","All Airlines","Mar-23",495,476,19,295,320,181,156,2023,3
"Albury-Sydney","Albury","Sydney","All Airlines","Mar-23",247,241,6,190,185,51,56,2023,3
"Alice Springs-Adelaide","Alice Springs","Adelaide","All Airlines","Mar-23",59,59,0,40,41,19,18,2023,3
"Armidale-Sydney","Armidale","Sydney","All Airlines","Mar-23",184,175,9,141,134,34,41,2023,3
"Ballina-Sydney","Ballina","Sydney","All Airlines","Mar-23",219,214,5,137,134,77,80,2023,3
"Brisbane-Adelaide","Brisbane","Adelaide","All Airlines","Mar-23",323,313,10,221,215,92,98,2023,3
"Brisbane-Cairns","Brisbane","Cairns","All Airlines","Mar-23",336,333,3,213,239,120,94,2023,3
"Brisbane-Canberra","Brisbane","Canberra","All Airlines","Mar-23",298,293,5,233,232,60,61,2023,3
"Brisbane-Darwin","Brisbane","Darwin","All Airlines","Mar-23",85,82,3,45,62,37,20,2023,3
"Brisbane-Emerald","Brisbane","Emerald","All Airlines","Mar-23",149,148,1,118,117,30,31,2023,3
"Brisbane-Gladstone","Brisbane","Gladstone","All Airlines","Mar-23",202,193,9,149,148,44,45,2023,3
"Brisbane-Hamilton Island","Brisbane","Hamilton Island","All Airlines","Mar-23",55,55,0,47,46,8,9,2023,3
"Brisbane-Hobart","Brisbane","Hobart","All Airlines","Mar-23",102,102,0,85,88,17,14,2023,3
"Brisbane-Launceston","Brisbane","Launceston","All Airlines","Mar-23",51,49,2,38,37,11,12,2023,3
"Brisbane-Mackay","Brisbane","Mackay","All Airlines","Mar-23",295,294,1,199,202,95,92,2023,3
"Brisbane-Melbourne","Brisbane","Melbourne","All Airlines","Mar-23",992,957,35,673,672,284,285,2023,3
"Brisbane-Mount Isa","Brisbane","Mount Isa","All Airlines","Mar-23",64,64,0,55,56,9,8,2023,3
"Brisbane-Newcastle","Brisbane","Newcastle","All Airlines","Mar-23",289,271,18,202,201,69,70,2023,3
"Brisbane-Perth","Brisbane","Perth","All Airlines","Mar-23",288,288,0,182,217,106,71,2023,3
"Brisbane-Proserpine","Brisbane","Proserpine","All Airlines","Mar-23",93,93,0,78,79,15,14,2023,3
"Brisbane-Rockhampton","Brisbane","Rockhampton","All Airlines","Mar-23",320,310,10,235,224,75,86,2023,3
"Brisbane-Sydney","Brisbane","Sydney","All Airlines","Mar-23",1345,1268,77,950,896,318,372,2023,3
"Brisbane-Townsville","Brisbane","Townsville","All Airlines","Mar-23",308,305,3,226,235,79,70,2023,3
"Broome-Perth","Broome","Perth","All Airlines","Mar-23",125,121,4,81,87,40,34,2023,3
"Cairns-Brisbane","Cairns","Brisbane","All Airlines","Mar-23",336,334,2,239,235,95,99,2023,3
"Cairns-Melbourne","Cairns","Melbourne","All Airlines","Mar-23",154,149,5,90,98,59,51,2023,3
"Cairns-Sydney","Cairns","Sydney","All Airlines","Mar-23",191,180,11,116,103,64,77,2023,3
"Cairns-Townsville","Cairns","Townsville","All Airlines","Mar-23",159,152,7,140,141,12,11,2023,3
"Canberra-Adelaide","Canberra","Adelaide","All Airlines","Mar-23",130,127,3,111,103,16,24,2023,3
"Canberra-Brisbane","Canberra","Brisbane","All Airlines","Mar-23",299,294,5,240,248,54,46,2023,3
"Canberra-Gold Coast","Canberra","Gold Coast","All Airlines","Mar-23",51,51,0,30,35,21,16,2023,3
"Canberra-Melbourne","Canberra","Melbourne","All Airlines","Mar-23",433,412,21,281,284,131,128,2023,3
"Canberra-Sydney","Canberra","Sydney","All Airlines","Mar-23",737,680,57,529,502,151,178,2023,3
"Coffs Harbour-Sydney","Coffs Harbour","Sydney","All Airlines","Mar-23",254,251,3,199,177,52,74,2023,3
"Darwin-Brisbane","Darwin","Brisbane","All Airlines","Mar-23",85,83,2,60,59,23,24,2023,3
"Darwin-Melbourne","Darwin","Melbourne","All Airlines","Mar-23",75,71,4,58,59,13,12,2023,3
"Darwin-Perth","Darwin","Perth","All Airlines","Mar-23",53,52,1,33,37,19,15,2023,3
"Dubbo-Sydney","Dubbo","Sydney","All Airlines","Mar-23",244,241,3,184,174,57,67,2023,3
"Emerald-Brisbane","Emerald","Brisbane","All Airlines","Mar-23",148,146,2,109,111,37,35,2023,3
"Gladstone-Brisbane","Gladstone","Brisbane","All Airlines","Mar-23",200,190,10,147,139,43,51,2023,3
"Gold Coast-Adelaide","Gold Coast","Adelaide","All Airlines","Mar-23",64,63,1,38,41,25,22,2023,3
"Gold Coast-Canberra","Gold Coast","Canberra","All Airlines","Mar-23",51,51,0,28,33,23,18,2023,3
"Gold Coast-Melbourne","Gold Coast","Melbourne","All Airlines","Mar-23",513,492,21,321,332,171,160,2023,3
"Gold Coast-Sydney","Gold Coast","Sydney","All Airlines","Mar-23",672,634,38,428,414,206,220,2023,3
"Hamilton Island-Brisbane","Hamilton Island","Brisbane","All Airlines","Mar-23",54,54,0,40,43,14,11,2023,3
"Hamilton Island-Sydney","Hamilton Island","Sydney","All Airlines","Mar-23",86,85,1,43,42,42,43,2023,3
"Hobart-Brisbane","Hobart","Brisbane","All Airlines","Mar-23",103,101,2,79,76,22,25,2023,3
"Hobart-Melbourne","Hobart","Melbourne","All Airlines","Mar-23",394,381,13,243,239,138,142,2023,3
"Hobart-Sydney","Hobart","Sydney","All Airlines","Mar-23",255,250,5,165,159,85,91,2023,3
"Kalgoorlie-Perth","Kalgoorlie","Perth","All Airlines","Mar-23",158,154,4,91,101,63,53,2023,3
"Karratha-Perth","Karratha","Perth","All Airlines","Mar-23",200,197,3,129,136,68,61,2023,3
"Launceston-Brisbane","Launceston","Brisbane","All Airlines","Mar-23",53,50,3,27,30,23,20,2023,3
"Launceston-Melbourne","Launceston","Melbourne","All Airlines","Mar-23",312,305,7,191,194,114,111,2023,3
"Launceston-Sydney","Launceston","Sydney","All Airlines","Mar-23",104,102,2,53,57,49,45,2023,3
"Mackay-Brisbane","Mackay","Brisbane","All Airlines","Mar-23",301,293,8,193,184,100,109,2023,3
"Melbourne-Adelaide","Melbourne","Adelaide","All Airlines","Mar-23",711,694,17,502,466,192,228,2023,3
"Melbourne-Brisbane","Melbourne","Brisbane","All Airlines","Mar-23",995,961,34,677,667,284,294,2023,3
"Melbourne-Cairns","Melbourne","Cairns","All Airlines","Mar-23",154,151,3,96,102,55,49,2023,3
"Melbourne-Canberra","Melbourne","Canberra","All Airlines","Mar-23",433,414,19,295,297,119,117,2023,3
"Melbourne-Darwin","Melbourne","Darwin","All Airlines","Mar-23",76,74,2,42,52,32,22,2023,3
"Melbourne-Gold Coast","Melbourne","Gold Coast","All Airlines","Mar-23",513,492,21,341,341,151,151,2023,3
"Melbourne-Hobart","Melbourne","Hobart","All Airlines","Mar-23",397,386,11,236,246,150,140,2023,3
"Melbourne-Launceston","Melbourne","Launceston","All Airlines","Mar-23",311,303,8,197,200,106,103,2023,3
"Melbourne-Mildura","Melbourne","Mildura","All Airlines","Mar-23",233,231,2,151,148,80,83,2023,3
"Melbourne-Newcastle","Melbourne","Newcastle","All Airlines","Mar-23",146,139,7,94,90,45,49,2023,3
"Melbourne-Perth","Melbourne","Perth","All Airlines","Mar-23",450,443,7,302,269,141,174,2023,3
"Melbourne-Sunshine Coast","Melbourne","Sunshine Coast","All Airlines","Mar-23",177,177,0,137,133,40,44,2023,3
"Melbourne-Sydney","Melbourne","Sydney","All Airlines","Mar-23",2344,2130,214,1547,1441,583,689,2023,3
"Mildura-Melbourne","Mildura","Melbourne","All Airlines","Mar-23",232,230,2,143,131,87,99,2023,3
"Mount Isa-Brisbane","Mount Isa","Brisbane","All Airlines","Mar-23",64,64,0,52,46,12,18,2023,3
"Newcastle-Brisbane","Newcastle","Brisbane","All Airlines","Mar-23",290,269,21,207,203,62,66,2023,3
"Newcastle-Melbourne","Newcastle","Melbourne","All Airlines","Mar-23",149,142,7,90,85,52,57,2023,3
"Newman-Perth","Newman","Perth","All Airlines","Mar-23",175,169,6,121,121,48,48,2023,3
"Perth-Adelaide","Perth","Adelaide","All Airlines","Mar-23",182,180,2,122,135,58,45,2023,3
"Perth-Brisbane","Perth","Brisbane","All Airlines","Mar-23",287,283,4,185,211,98,72,2023,3
"Perth-Broome","Perth","Broome","All Airlines","Mar-23",125,121,4,88,92,33,29,2023,3
"Perth-Darwin","Perth","Darwin","All Airlines","Mar-23",53,53,0,38,39,15,14,2023,3
"Perth-Kalgoorlie","Perth","Kalgoorlie","All Airlines","Mar-23",158,154,4,120,116,34,38,2023,3
"Perth-Karratha","Perth","Karratha","All Airlines","Mar-23",200,198,2,152,152,46,46,2023,3
"Perth-Melbourne","Perth","Melbourne","All Airlines","Mar-23",468,457,11,303,341,154,116,2023,3
"Perth-Newman","Perth","Newman","All Airlines","Mar-23",174,172,2,139,136,33,36,2023,3
"Perth-Port Hedland","Perth","Port Hedland","All Airlines","Mar-23",187,183,4,144,137,39,46,2023,3
"Perth-Sydney","Perth","Sydney","All Airlines","Mar-23",399,392,7,239,294,153,98,2023,3
"Port Hedland-Perth","Port Hedland","Perth","All Airlines","Mar-23",186,182,4,104,112,78,70,2023,3
"Port Lincoln-Adelaide","Port Lincoln","Adelaide","All Airlines","Mar-23",308,297,11,217,219,80,78,2023,3
"Port Macquarie-Sydney","Port Macquarie","Sydney","All Airlines","Mar-23",223,217,6,159,154,58,63,2023,3
"Proserpine-Brisbane","Proserpine","Brisbane","All Airlines","Mar-23",93,93,0,77,69,16,24,2023,3
"Rockhampton-Brisbane","Rockhampton","Brisbane","All Airlines","Mar-23",320,310,10,234,221,76,89,2023,3
"Sunshine Coast-Melbourne","Sunshine Coast","Melbourne","All Airlines","Mar-23",177,177,0,108,108,69,69,2023,3
"Sunshine Coast-Sydney","Sunshine Coast","Sydney","All Airlines","Mar-23",247,232,15,138,114,94,118,2023,3
"Sydney-Adelaide","Sydney","Adelaide","All Airlines","Mar-23",494,476,18,308,283,168,193,2023,3
"Sydney-Albury","Sydney","Albury","All Airlines","Mar-23",249,243,6,185,182,58,61,2023,3
"Sydney-Armidale","Sydney","Armidale","All Airlines","Mar-23",182,174,8,136,143,38,31,2023,3
"Sydney-Ballina","Sydney","Ballina","All Airlines","Mar-23",221,217,4,149,156,68,61,2023,3
"Sydney-Brisbane","Sydney","Brisbane","All Airlines","Mar-23",1352,1273,79,903,886,370,387,2023,3
"Sydney-Cairns","Sydney","Cairns","All Airlines","Mar-23",189,179,10,117,125,62,54,2023,3
"Sydney-Canberra","Sydney","Canberra","All Airlines","Mar-23",739,686,53,508,535,178,151,2023,3
"Sydney-Coffs Harbour","Sydney","Coffs Harbour","All Airlines","Mar-23",254,252,2,196,198,56,54,2023,3
"Sydney-Dubbo","Sydney","Dubbo","All Airlines","Mar-23",250,248,2,175,187,73,61,2023,3
"Sydney-Gold Coast","Sydney","Gold Coast","All Airlines","Mar-23",671,638,33,403,412,235,226,2023,3
"Sydney-Hamilton Island","Sydney","Hamilton Island","All Airlines","Mar-23",87,86,1,48,52,38,34,2023,3
"Sydney-Hobart","Sydney","Hobart","All Airlines","Mar-23",253,249,4,178,174,71,75,2023,3
"Sydney-Launceston","Sydney","Launceston","All Airlines","Mar-23",103,101,2,67,63,34,38,2023,3
"Sydney-Melbourne","Sydney","Melbourne","All Airlines","Mar-23",2335,2135,200,1469,1419,666,716,2023,3
"Sydney-Perth","Sydney","Perth","All Airlines","Mar-23",404,398,6,252,235,146,163,2023,3
"Sydney-Port Macquarie","Sydney","Port Macquarie","All Airlines","Mar-23",225,219,6,158,164,61,55,2023,3
"Sydney-Sunshine Coast","Sydney","Sunshine Coast","All Airlines","Mar-23",245,232,13,151,140,81,92,2023,3
"Sydney-Wagga Wagga","Sydney","Wagga Wagga","All Airlines","Mar-23",249,241,8,182,184,59,57,2023,3
"Townsville-Brisbane","Townsville","Brisbane","All Airlines","Mar-23",309,305,4,233,218,72,87,2023,3
"Townsville-Cairns","Townsville","Cairns","All Airlines","Mar-23",159,151,8,139,138,12,13,2023,3
"Wagga Wagga-Sydney","Wagga Wagga","Sydney","All Airlines","Mar-23",250,238,12,192,186,46,52,2023,3
"Adelaide-Brisbane","Adelaide","Brisbane","Jetstar","Apr-23",34,32,2,26,22,6,10,2023,4
"Adelaide-Gold Coast","Adelaide","Gold Coast","Jetstar","Apr-23",29,29,0,21,20,8,9,2023,4
"Adelaide-Melbourne","Adelaide","Melbourne","Jetstar","Apr-23",104,98,6,47,52,51,46,2023,4
"Adelaide-Perth","Adelaide","Perth","Jetstar","Apr-23",27,25,2,22,21,3,4,2023,4
"Adelaide-Sydney","Adelaide","Sydney","Jetstar","Apr-23",119,95,24,60,57,35,38,2023,4
"Ballina-Sydney","Ballina","Sydney","Jetstar","Apr-23",68,68,0,33,37,35,31,2023,4
"Brisbane-Adelaide","Brisbane","Adelaide","Jetstar","Apr-23",34,32,2,17,23,15,9,2023,4
"Brisbane-Cairns","Brisbane","Cairns","Jetstar","Apr-23",73,72,1,41,43,31,29,2023,4
"Brisbane-Canberra","Brisbane","Canberra","Jetstar","Apr-23",30,30,0,16,17,14,13,2023,4
"Brisbane-Darwin","Brisbane","Darwin","Jetstar","Apr-23",26,25,1,11,16,14,9,2023,4
"Brisbane-Hobart","Brisbane","Hobart","Jetstar","Apr-23",28,27,1,22,20,5,7,2023,4
"Brisbane-Launceston","Brisbane","Launceston","Jetstar","Apr-23",25,25,0,11,11,14,14,2023,4
"Brisbane-Mackay","Brisbane","Mackay","Jetstar","Apr-23",25,25,0,4,4,21,21,2023,4
"Brisbane-Melbourne","Brisbane","Melbourne","Jetstar","Apr-23",218,179,39,72,89,107,90,2023,4
"Brisbane-Newcastle","Brisbane","Newcastle","Jetstar","Apr-23",60,60,0,39,39,21,21,2023,4
"Brisbane-Perth","Brisbane","Perth","Jetstar","Apr-23",24,23,1,6,9,17,14,2023,4
"Brisbane-Proserpine","Brisbane","Proserpine","Jetstar","Apr-23",40,40,0,24,27,16,13,2023,4
"Brisbane-Sydney","Brisbane","Sydney","Jetstar","Apr-23",180,154,26,74,88,80,66,2023,4
"Brisbane-Townsville","Brisbane","Townsville","Jetstar","Apr-23",61,59,2,39,41,20,18,2023,4
"Cairns-Brisbane","Cairns","Brisbane","Jetstar","Apr-23",73,72,1,47,37,25,35,2023,4
"Cairns-Melbourne","Cairns","Melbourne","Jetstar","Apr-23",120,112,8,70,81,42,31,2023,4
"Cairns-Sydney","Cairns","Sydney","Jetstar","Apr-23",121,106,15,66,68,40,38,2023,4
"Canberra-Brisbane","Canberra","Brisbane","Jetstar","Apr-23",30,30,0,14,14,16,16,2023,4
"Canberra-Gold Coast","Canberra","Gold Coast","Jetstar","Apr-23",17,16,1,6,8,10,8,2023,4
"Canberra-Melbourne","Canberra","Melbourne","Jetstar","Apr-23",30,28,2,15,16,13,12,2023,4
"Darwin-Brisbane","Darwin","Brisbane","Jetstar","Apr-23",26,24,2,13,11,11,13,2023,4
"Darwin-Melbourne","Darwin","Melbourne","Jetstar","Apr-23",28,26,2,12,10,14,16,2023,4
"Gold Coast-Adelaide","Gold Coast","Adelaide","Jetstar","Apr-23",29,29,0,19,22,10,7,2023,4
"Gold Coast-Canberra","Gold Coast","Canberra","Jetstar","Apr-23",17,16,1,10,11,6,5,2023,4
"Gold Coast-Melbourne","Gold Coast","Melbourne","Jetstar","Apr-23",234,206,28,116,132,90,74,2023,4
"Gold Coast-Sydney","Gold Coast","Sydney","Jetstar","Apr-23",257,226,31,153,150,73,76,2023,4
"Hamilton Island-Sydney","Hamilton Island","Sydney","Jetstar","Apr-23",28,27,1,11,8,16,19,2023,4
"Hobart-Brisbane","Hobart","Brisbane","Jetstar","Apr-23",28,27,1,13,15,14,12,2023,4
"Hobart-Melbourne","Hobart","Melbourne","Jetstar","Apr-23",144,131,13,75,71,56,60,2023,4
"Hobart-Sydney","Hobart","Sydney","Jetstar","Apr-23",84,80,4,43,45,37,35,2023,4
"Launceston-Brisbane","Launceston","Brisbane","Jetstar","Apr-23",25,25,0,5,5,20,20,2023,4
"Launceston-Melbourne","Launceston","Melbourne","Jetstar","Apr-23",90,89,1,30,37,59,52,2023,4
"Launceston-Sydney","Launceston","Sydney","Jetstar","Apr-23",51,49,2,22,22,27,27,2023,4
"Mackay-Brisbane","Mackay","Brisbane","Jetstar","Apr-23",28,26,2,4,4,22,22,2023,4
"Melbourne-Adelaide","Melbourne","Adelaide","Jetstar","Apr-23",104,99,5,54,60,45,39,2023,4
"Melbourne-Brisbane","Melbourne","Brisbane","Jetstar","Apr-23",218,178,40,92,83,86,95,2023,4
"Melbourne-Cairns","Melbourne","Cairns","Jetstar","Apr-23",120,111,9,74,82,37,29,2023,4
"Melbourne-Canberra","Melbourne","Canberra","Jetstar","Apr-23",30,28,2,16,17,12,11,2023,4
"Melbourne-Darwin","Melbourne","Darwin","Jetstar","Apr-23",29,28,1,16,16,12,12,2023,4
"Melbourne-Gold Coast","Melbourne","Gold Coast","Jetstar","Apr-23",235,208,27,115,113,93,95,2023,4
"Melbourne-Hobart","Melbourne","Hobart","Jetstar","Apr-23",144,132,12,72,75,60,57,2023,4
"Melbourne-Launceston","Melbourne","Launceston","Jetstar","Apr-23",90,89,1,49,51,40,38,2023,4
"Melbourne-Newcastle","Melbourne","Newcastle","Jetstar","Apr-23",47,47,0,37,39,10,8,2023,4
"Melbourne-Perth","Melbourne","Perth","Jetstar","Apr-23",69,59,10,44,41,15,18,2023,4
"Melbourne-Sunshine Coast","Melbourne","Sunshine Coast","Jetstar","Apr-23",64,62,2,26,26,36,36,2023,4
"Melbourne-Sydney","Melbourne","Sydney","Jetstar","Apr-23",405,351,54,231,228,120,123,2023,4
"Newcastle-Brisbane","Newcastle","Brisbane","Jetstar","Apr-23",60,60,0,31,31,29,29,2023,4
"Newcastle-Melbourne","Newcastle","Melbourne","Jetstar","Apr-23",48,47,1,30,35,17,12,2023,4
"Perth-Adelaide","Perth","Adelaide","Jetstar","Apr-23",27,25,2,19,19,6,6,2023,4
"Perth-Brisbane","Perth","Brisbane","Jetstar","Apr-23",25,24,1,5,8,19,16,2023,4
"Perth-Melbourne","Perth","Melbourne","Jetstar","Apr-23",69,59,10,26,26,33,33,2023,4
"Perth-Sydney","Perth","Sydney","Jetstar","Apr-23",50,46,4,19,21,27,25,2023,4
"Proserpine-Brisbane","Proserpine","Brisbane","Jetstar","Apr-23",42,41,1,19,21,22,20,2023,4
"Sunshine Coast-Melbourne","Sunshine Coast","Melbourne","Jetstar","Apr-23",65,62,3,29,32,33,30,2023,4
"Sunshine Coast-Sydney","Sunshine Coast","Sydney","Jetstar","Apr-23",87,83,4,48,39,35,44,2023,4
"Sydney-Adelaide","Sydney","Adelaide","Jetstar","Apr-23",119,94,25,49,53,45,41,2023,4
"Sydney-Ballina","Sydney","Ballina","Jetstar","Apr-23",68,68,0,40,38,28,30,2023,4
"Sydney-Brisbane","Sydney","Brisbane","Jetstar","Apr-23",182,156,26,87,81,69,75,2023,4
"Sydney-Cairns","Sydney","Cairns","Jetstar","Apr-23",120,109,11,62,75,47,34,2023,4
"Sydney-Gold Coast","Sydney","Gold Coast","Jetstar","Apr-23",254,223,31,148,149,75,74,2023,4
"Sydney-Hamilton Island","Sydney","Hamilton Island","Jetstar","Apr-23",27,27,0,14,17,13,10,2023,4
"Sydney-Hobart","Sydney","Hobart","Jetstar","Apr-23",83,80,3,39,44,41,36,2023,4
"Sydney-Launceston","Sydney","Launceston","Jetstar","Apr-23",51,49,2,27,26,22,23,2023,4
"Sydney-Melbourne","Sydney","Melbourne","Jetstar","Apr-23",406,351,55,217,237,134,114,2023,4
"Sydney-Perth","Sydney","Perth","Jetstar","Apr-23",49,46,3,22,30,24,16,2023,4
"Sydney-Sunshine Coast","Sydney","Sunshine Coast","Jetstar","Apr-23",86,82,4,53,56,29,26,2023,4
"Townsville-Brisbane","Townsville","Brisbane","Jetstar","Apr-23",60,58,2,31,29,27,29,2023,4
"Adelaide-Melbourne","Adelaide","Melbourne","Qantas","Apr-23",269,266,3,193,193,73,73,2023,4
"Adelaide-Perth","Adelaide","Perth","Qantas","Apr-23",89,89,0,69,74,20,15,2023,4
"Adelaide-Sydney","Adelaide","Sydney","Qantas","Apr-23",223,218,5,157,132,61,86,2023,4
"Brisbane-Cairns","Brisbane","Cairns","Qantas","Apr-23",75,75,0,65,68,10,7,2023,4
"Brisbane-Canberra","Brisbane","Canberra","Qantas","Apr-23",9,8,1,8,8,0,0,2023,4
"Brisbane-Hamilton Island","Brisbane","Hamilton Island","Qantas","Apr-23",22,22,0,18,17,4,5,2023,4
"Brisbane-Mackay","Brisbane","Mackay","Qantas","Apr-23",89,89,0,67,69,22,20,2023,4
"Brisbane-Melbourne","Brisbane","Melbourne","Qantas","Apr-23",376,365,11,283,291,82,74,2023,4
"Brisbane-Mount Isa","Brisbane","Mount Isa","Qantas","Apr-23",45,45,0,40,41,5,4,2023,4
"Brisbane-Perth","Brisbane","Perth","Qantas","Apr-23",144,144,0,96,114,48,30,2023,4
"Brisbane-Sydney","Brisbane","Sydney","Qantas","Apr-23",529,504,25,426,410,78,94,2023,4
"Brisbane-Townsville","Brisbane","Townsville","Qantas","Apr-23",71,71,0,51,58,20,13,2023,4
"Cairns-Brisbane","Cairns","Brisbane","Qantas","Apr-23",75,75,0,70,71,5,4,2023,4
"Cairns-Melbourne","Cairns","Melbourne","Qantas","Apr-23",35,35,0,28,27,7,8,2023,4
"Cairns-Sydney","Cairns","Sydney","Qantas","Apr-23",45,45,0,30,31,15,14,2023,4
"Canberra-Brisbane","Canberra","Brisbane","Qantas","Apr-23",9,8,1,8,8,0,0,2023,4
"Darwin-Melbourne","Darwin","Melbourne","Qantas","Apr-23",30,30,0,25,26,5,4,2023,4
"Darwin-Perth","Darwin","Perth","Qantas","Apr-23",4,4,0,4,4,0,0,2023,4
"Gold Coast-Melbourne","Gold Coast","Melbourne","Qantas","Apr-23",30,30,0,21,24,9,6,2023,4
"Gold Coast-Sydney","Gold Coast","Sydney","Qantas","Apr-23",90,88,2,57,58,31,30,2023,4
"Hamilton Island-Brisbane","Hamilton Island","Brisbane","Qantas","Apr-23",22,22,0,13,15,9,7,2023,4
"Hamilton Island-Sydney","Hamilton Island","Sydney","Qantas","Apr-23",29,28,1,16,18,12,10,2023,4
"Hobart-Melbourne","Hobart","Melbourne","Qantas","Apr-23",47,46,1,32,31,14,15,2023,4
"Hobart-Sydney","Hobart","Sydney","Qantas","Apr-23",11,11,0,6,7,5,4,2023,4
"Kalgoorlie-Perth","Kalgoorlie","Perth","Qantas","Apr-23",22,20,2,12,13,8,7,2023,4
"Karratha-Perth","Karratha","Perth","Qantas","Apr-23",18,18,0,16,17,2,1,2023,4
"Mackay-Brisbane","Mackay","Brisbane","Qantas","Apr-23",89,89,0,70,70,19,19,2023,4
"Melbourne-Adelaide","Melbourne","Adelaide","Qantas","Apr-23",269,267,2,184,187,83,80,2023,4
"Melbourne-Brisbane","Melbourne","Brisbane","Qantas","Apr-23",376,362,14,270,262,92,100,2023,4
"Melbourne-Cairns","Melbourne","Cairns","Qantas","Apr-23",35,35,0,26,30,9,5,2023,4
"Melbourne-Darwin","Melbourne","Darwin","Qantas","Apr-23",30,30,0,12,14,18,16,2023,4
"Melbourne-Gold Coast","Melbourne","Gold Coast","Qantas","Apr-23",30,30,0,26,27,4,3,2023,4
"Melbourne-Hobart","Melbourne","Hobart","Qantas","Apr-23",47,47,0,27,26,20,21,2023,4
"Melbourne-Perth","Melbourne","Perth","Qantas","Apr-23",197,196,1,118,131,78,65,2023,4
"Melbourne-Sunshine Coast","Melbourne","Sunshine Coast","Qantas","Apr-23",30,30,0,22,25,8,5,2023,4
"Melbourne-Sydney","Melbourne","Sydney","Qantas","Apr-23",891,807,84,644,589,163,218,2023,4
"Mount Isa-Brisbane","Mount Isa","Brisbane","Qantas","Apr-23",45,45,0,39,41,6,4,2023,4
"Newman-Perth","Newman","Perth","Qantas","Apr-23",32,32,0,29,26,3,6,2023,4
"Perth-Adelaide","Perth","Adelaide","Qantas","Apr-23",89,89,0,63,69,26,20,2023,4
"Perth-Brisbane","Perth","Brisbane","Qantas","Apr-23",144,144,0,113,90,31,54,2023,4
"Perth-Darwin","Perth","Darwin","Qantas","Apr-23",4,4,0,4,4,0,0,2023,4
"Perth-Kalgoorlie","Perth","Kalgoorlie","Qantas","Apr-23",22,20,2,16,19,4,1,2023,4
"Perth-Karratha","Perth","Karratha","Qantas","Apr-23",18,18,0,17,17,1,1,2023,4
"Perth-Melbourne","Perth","Melbourne","Qantas","Apr-23",198,197,1,127,133,70,64,2023,4
"Perth-Newman","Perth","Newman","Qantas","Apr-23",32,32,0,31,31,1,1,2023,4
"Perth-Port Hedland","Perth","Port Hedland","Qantas","Apr-23",29,27,2,24,25,3,2,2023,4
"Perth-Sydney","Perth","Sydney","Qantas","Apr-23",212,209,3,133,136,76,73,2023,4
"Port Hedland-Perth","Port Hedland","Perth","Qantas","Apr-23",29,27,2,22,24,5,3,2023,4
"Sunshine Coast-Melbourne","Sunshine Coast","Melbourne","Qantas","Apr-23",30,29,1,17,20,12,9,2023,4
"Sunshine Coast-Sydney","Sunshine Coast","Sydney","Qantas","Apr-23",50,49,1,37,37,12,12,2023,4
"Sydney-Adelaide","Sydney","Adelaide","Qantas","Apr-23",223,220,3,159,161,61,59,2023,4
"Sydney-Brisbane","Sydney","Brisbane","Qantas","Apr-23",529,507,22,370,346,137,161,2023,4
"Sydney-Cairns","Sydney","Cairns","Qantas","Apr-23",45,45,0,32,31,13,14,2023,4
"Sydney-Gold Coast","Sydney","Gold Coast","Qantas","Apr-23",90,89,1,53,55,36,34,2023,4
"Sydney-Hamilton Island","Sydney","Hamilton Island","Qantas","Apr-23",29,29,0,17,21,12,8,2023,4
"Sydney-Hobart","Sydney","Hobart","Qantas","Apr-23",11,11,0,6,6,5,5,2023,4
"Sydney-Melbourne","Sydney","Melbourne","Qantas","Apr-23",891,797,94,563,591,234,206,2023,4
"Sydney-Perth","Sydney","Perth","Qantas","Apr-23",212,210,2,128,136,82,74,2023,4
"Sydney-Sunshine Coast","Sydney","Sunshine Coast","Qantas","Apr-23",50,50,0,31,35,19,15,2023,4
"Townsville-Brisbane","Townsville","Brisbane","Qantas","Apr-23",72,72,0,58,57,14,15,2023,4
"Adelaide-Alice Springs","Adelaide","Alice Springs","QantasLink","Apr-23",49,49,0,44,46,5,3,2023,4
"Adelaide-Brisbane","Adelaide","Brisbane","QantasLink","Apr-23",179,177,2,138,128,39,49,2023,4
"Adelaide-Canberra","Adelaide","Canberra","QantasLink","Apr-23",109,109,0,93,86,16,23,2023,4
"Adelaide-Melbourne","Adelaide","Melbourne","QantasLink","Apr-23",13,12,1,9,9,3,3,2023,4
"Adelaide-Port Lincoln","Adelaide","Port Lincoln","QantasLink","Apr-23",130,128,2,106,105,22,23,2023,4
"Albury-Sydney","Albury","Sydney","QantasLink","Apr-23",103,103,0,84,81,19,22,2023,4
"Alice Springs-Adelaide","Alice Springs","Adelaide","QantasLink","Apr-23",49,49,0,44,43,5,6,2023,4
"Armidale-Sydney","Armidale","Sydney","QantasLink","Apr-23",103,99,4,88,89,11,10,2023,4
"Ballina-Sydney","Ballina","Sydney","QantasLink","Apr-23",93,92,1,72,78,20,14,2023,4
"Brisbane-Adelaide","Brisbane","Adelaide","QantasLink","Apr-23",179,177,2,116,120,61,57,2023,4
"Brisbane-Cairns","Brisbane","Cairns","QantasLink","Apr-23",81,81,0,44,60,37,21,2023,4
"Brisbane-Canberra","Brisbane","Canberra","QantasLink","Apr-23",157,157,0,115,122,42,35,2023,4
"Brisbane-Emerald","Brisbane","Emerald","QantasLink","Apr-23",113,109,4,95,100,14,9,2023,4
"Brisbane-Gladstone","Brisbane","Gladstone","QantasLink","Apr-23",133,127,6,102,108,25,19,2023,4
"Brisbane-Hobart","Brisbane","Hobart","QantasLink","Apr-23",27,27,0,20,21,7,6,2023,4
"Brisbane-Mackay","Brisbane","Mackay","QantasLink","Apr-23",21,21,0,17,17,4,4,2023,4
"Brisbane-Newcastle","Brisbane","Newcastle","QantasLink","Apr-23",129,122,7,105,110,17,12,2023,4
"Brisbane-Proserpine","Brisbane","Proserpine","QantasLink","Apr-23",38,37,1,31,31,6,6,2023,4
"Brisbane-Rockhampton","Brisbane","Rockhampton","QantasLink","Apr-23",172,165,7,135,139,30,26,2023,4
"Brisbane-Townsville","Brisbane","Townsville","QantasLink","Apr-23",60,60,0,49,52,11,8,2023,4
"Broome-Perth","Broome","Perth","QantasLink","Apr-23",68,66,2,33,47,33,19,2023,4
"Cairns-Brisbane","Cairns","Brisbane","QantasLink","Apr-23",81,81,0,42,43,39,38,2023,4
"Cairns-Townsville","Cairns","Townsville","QantasLink","Apr-23",148,139,9,118,118,21,21,2023,4
"Canberra-Adelaide","Canberra","Adelaide","QantasLink","Apr-23",109,109,0,93,90,16,19,2023,4
"Canberra-Brisbane","Canberra","Brisbane","QantasLink","Apr-23",157,156,1,125,127,31,29,2023,4
"Canberra-Melbourne","Canberra","Melbourne","QantasLink","Apr-23",265,254,11,195,193,59,61,2023,4
"Canberra-Sydney","Canberra","Sydney","QantasLink","Apr-23",420,369,51,305,295,64,74,2023,4
"Coffs Harbour-Sydney","Coffs Harbour","Sydney","QantasLink","Apr-23",112,111,1,85,85,26,26,2023,4
"Darwin-Perth","Darwin","Perth","QantasLink","Apr-23",26,26,0,19,23,7,3,2023,4
"Dubbo-Sydney","Dubbo","Sydney","QantasLink","Apr-23",101,101,0,88,87,13,14,2023,4
"Emerald-Brisbane","Emerald","Brisbane","QantasLink","Apr-23",113,109,4,99,96,10,13,2023,4
"Gladstone-Brisbane","Gladstone","Brisbane","QantasLink","Apr-23",133,127,6,109,108,18,19,2023,4
"Hobart-Brisbane","Hobart","Brisbane","QantasLink","Apr-23",27,26,1,20,21,6,5,2023,4
"Hobart-Melbourne","Hobart","Melbourne","QantasLink","Apr-23",55,53,2,33,29,20,24,2023,4
"Hobart-Sydney","Hobart","Sydney","QantasLink","Apr-23",69,69,0,59,54,10,15,2023,4
"Kalgoorlie-Perth","Kalgoorlie","Perth","QantasLink","Apr-23",48,48,0,32,37,16,11,2023,4
"Karratha-Perth","Karratha","Perth","QantasLink","Apr-23",116,115,1,92,100,23,15,2023,4
"Launceston-Melbourne","Launceston","Melbourne","QantasLink","Apr-23",114,109,5,86,89,23,20,2023,4
"Launceston-Sydney","Launceston","Sydney","QantasLink","Apr-23",31,31,0,20,20,11,11,2023,4
"Mackay-Brisbane","Mackay","Brisbane","QantasLink","Apr-23",23,23,0,16,18,7,5,2023,4
"Melbourne-Adelaide","Melbourne","Adelaide","QantasLink","Apr-23",13,12,1,12,11,0,1,2023,4
"Melbourne-Canberra","Melbourne","Canberra","QantasLink","Apr-23",265,254,11,202,199,52,55,2023,4
"Melbourne-Hobart","Melbourne","Hobart","QantasLink","Apr-23",55,53,2,39,38,14,15,2023,4
"Melbourne-Launceston","Melbourne","Launceston","QantasLink","Apr-23",116,112,4,81,82,31,30,2023,4
"Melbourne-Mildura","Melbourne","Mildura","QantasLink","Apr-23",109,108,1,95,90,13,18,2023,4
"Melbourne-Newcastle","Melbourne","Newcastle","QantasLink","Apr-23",54,51,3,38,33,13,18,2023,4
"Mildura-Melbourne","Mildura","Melbourne","QantasLink","Apr-23",109,108,1,87,86,21,22,2023,4
"Newcastle-Brisbane","Newcastle","Brisbane","QantasLink","Apr-23",129,116,13,104,109,12,7,2023,4
"Newcastle-Melbourne","Newcastle","Melbourne","QantasLink","Apr-23",55,52,3,37,41,15,11,2023,4
"Newman-Perth","Newman","Perth","QantasLink","Apr-23",74,72,2,57,52,15,20,2023,4
"Perth-Broome","Perth","Broome","QantasLink","Apr-23",68,67,1,52,56,15,11,2023,4
"Perth-Darwin","Perth","Darwin","QantasLink","Apr-23",26,26,0,23,24,3,2,2023,4
"Perth-Kalgoorlie","Perth","Kalgoorlie","QantasLink","Apr-23",48,48,0,35,35,13,13,2023,4
"Perth-Karratha","Perth","Karratha","QantasLink","Apr-23",116,115,1,99,100,16,15,2023,4
"Perth-Newman","Perth","Newman","QantasLink","Apr-23",74,72,2,66,67,6,5,2023,4
"Perth-Port Hedland","Perth","Port Hedland","QantasLink","Apr-23",93,88,5,73,74,15,14,2023,4
"Port Hedland-Perth","Port Hedland","Perth","QantasLink","Apr-23",91,85,6,58,64,27,21,2023,4
"Port Lincoln-Adelaide","Port Lincoln","Adelaide","QantasLink","Apr-23",130,127,3,109,107,18,20,2023,4
"Port Macquarie-Sydney","Port Macquarie","Sydney","QantasLink","Apr-23",107,105,2,78,80,27,25,2023,4
"Proserpine-Brisbane","Proserpine","Brisbane","QantasLink","Apr-23",38,36,2,27,28,9,8,2023,4
"Rockhampton-Brisbane","Rockhampton","Brisbane","QantasLink","Apr-23",173,165,8,134,141,31,24,2023,4
"Sunshine Coast-Sydney","Sunshine Coast","Sydney","QantasLink","Apr-23",5,5,0,4,4,1,1,2023,4
"Sydney-Albury","Sydney","Albury","QantasLink","Apr-23",103,103,0,84,90,19,13,2023,4
"Sydney-Armidale","Sydney","Armidale","QantasLink","Apr-23",103,99,4,78,86,21,13,2023,4
"Sydney-Ballina","Sydney","Ballina","QantasLink","Apr-23",93,92,1,66,74,26,18,2023,4
"Sydney-Canberra","Sydney","Canberra","QantasLink","Apr-23",420,372,48,315,306,57,66,2023,4
"Sydney-Coffs Harbour","Sydney","Coffs Harbour","QantasLink","Apr-23",114,114,0,83,87,31,27,2023,4
"Sydney-Dubbo","Sydney","Dubbo","QantasLink","Apr-23",101,101,0,74,87,27,14,2023,4
"Sydney-Hobart","Sydney","Hobart","QantasLink","Apr-23",69,69,0,60,59,9,10,2023,4
"Sydney-Launceston","Sydney","Launceston","QantasLink","Apr-23",31,31,0,22,20,9,11,2023,4
"Sydney-Port Macquarie","Sydney","Port Macquarie","QantasLink","Apr-23",107,106,1,80,84,26,22,2023,4
"Sydney-Sunshine Coast","Sydney","Sunshine Coast","QantasLink","Apr-23",5,5,0,5,4,0,1,2023,4
"Sydney-Wagga Wagga","Sydney","Wagga Wagga","QantasLink","Apr-23",100,97,3,78,83,19,14,2023,4
"Townsville-Brisbane","Townsville","Brisbane","QantasLink","Apr-23",60,60,0,47,44,13,16,2023,4
"Townsville-Cairns","Townsville","Cairns","QantasLink","Apr-23",149,140,9,122,126,18,14,2023,4
"Wagga Wagga-Sydney","Wagga Wagga","Sydney","QantasLink","Apr-23",100,97,3,82,83,15,14,2023,4
"Adelaide-Melbourne","Adelaide","Melbourne","Rex Airlines","Apr-23",57,57,0,39,42,18,15,2023,4
"Adelaide-Port Lincoln","Adelaide","Port Lincoln","Rex Airlines","Apr-23",136,134,2,99,88,35,46,2023,4
"Albury-Sydney","Albury","Sydney","Rex Airlines","Apr-23",110,109,1,101,100,8,9,2023,4
"Armidale-Sydney","Armidale","Sydney","Rex Airlines","Apr-23",63,63,0,49,42,14,21,2023,4
"Brisbane-Melbourne","Brisbane","Melbourne","Rex Airlines","Apr-23",69,67,2,49,50,18,17,2023,4
"Brisbane-Sydney","Brisbane","Sydney","Rex Airlines","Apr-23",139,139,0,120,117,19,22,2023,4
"Cairns-Townsville","Cairns","Townsville","Rex Airlines","Apr-23",12,9,3,6,6,3,3,2023,4
"Canberra-Melbourne","Canberra","Melbourne","Rex Airlines","Apr-23",30,30,0,21,23,9,7,2023,4
"Coffs Harbour-Sydney","Coffs Harbour","Sydney","Rex Airlines","Apr-23",121,121,0,102,95,19,26,2023,4
"Dubbo-Sydney","Dubbo","Sydney","Rex Airlines","Apr-23",108,107,1,92,88,15,19,2023,4
"Gold Coast-Melbourne","Gold Coast","Melbourne","Rex Airlines","Apr-23",30,30,0,24,23,6,7,2023,4
"Gold Coast-Sydney","Gold Coast","Sydney","Rex Airlines","Apr-23",30,30,0,26,25,4,5,2023,4
"Melbourne-Adelaide","Melbourne","Adelaide","Rex Airlines","Apr-23",57,57,0,41,40,16,17,2023,4
"Melbourne-Brisbane","Melbourne","Brisbane","Rex Airlines","Apr-23",69,68,1,54,49,14,19,2023,4
"Melbourne-Canberra","Melbourne","Canberra","Rex Airlines","Apr-23",30,30,0,23,22,7,8,2023,4
"Melbourne-Gold Coast","Melbourne","Gold Coast","Rex Airlines","Apr-23",30,30,0,24,24,6,6,2023,4
"Melbourne-Mildura","Melbourne","Mildura","Rex Airlines","Apr-23",97,94,3,49,48,45,46,2023,4
"Melbourne-Sydney","Melbourne","Sydney","Rex Airlines","Apr-23",162,159,3,128,124,31,35,2023,4
"Mildura-Melbourne","Mildura","Melbourne","Rex Airlines","Apr-23",97,94,3,52,47,42,47,2023,4
"Port Lincoln-Adelaide","Port Lincoln","Adelaide","Rex Airlines","Apr-23",136,132,4,90,90,42,42,2023,4
"Port Macquarie-Sydney","Port Macquarie","Sydney","Rex Airlines","Apr-23",88,82,6,67,62,15,20,2023,4
"Sydney-Albury","Sydney","Albury","Rex Airlines","Apr-23",111,110,1,102,101,8,9,2023,4
"Sydney-Armidale","Sydney","Armidale","Rex Airlines","Apr-23",64,63,1,46,48,17,15,2023,4
"Sydney-Brisbane","Sydney","Brisbane","Rex Airlines","Apr-23",139,139,0,121,118,18,21,2023,4
"Sydney-Coffs Harbour","Sydney","Coffs Harbour","Rex Airlines","Apr-23",120,120,0,104,105,16,15,2023,4
"Sydney-Dubbo","Sydney","Dubbo","Rex Airlines","Apr-23",111,110,1,92,97,18,13,2023,4
"Sydney-Gold Coast","Sydney","Gold Coast","Rex Airlines","Apr-23",30,30,0,29,29,1,1,2023,4
"Sydney-Melbourne","Sydney","Melbourne","Rex Airlines","Apr-23",162,160,2,122,118,38,42,2023,4
"Sydney-Port Macquarie","Sydney","Port Macquarie","Rex Airlines","Apr-23",88,83,5,68,66,15,17,2023,4
"Sydney-Wagga Wagga","Sydney","Wagga Wagga","Rex Airlines","Apr-23",98,95,3,77,81,18,14,2023,4
"Townsville-Cairns","Townsville","Cairns","Rex Airlines","Apr-23",12,9,3,7,7,2,2,2023,4
"Wagga Wagga-Sydney","Wagga Wagga","Sydney","Rex Airlines","Apr-23",100,96,4,83,76,13,20,2023,4
"Adelaide-Alice Springs","Adelaide","Alice Springs","Virgin Australia","Apr-23",12,12,0,11,11,1,1,2023,4
"Adelaide-Brisbane","Adelaide","Brisbane","Virgin Australia","Apr-23",136,129,7,86,69,43,60,2023,4
"Adelaide-Canberra","Adelaide","Canberra","Virgin Australia","Apr-23",23,23,0,13,12,10,11,2023,4
"Adelaide-Gold Coast","Adelaide","Gold Coast","Virgin Australia","Apr-23",43,42,1,34,35,8,7,2023,4
"Adelaide-Melbourne","Adelaide","Melbourne","Virgin Australia","Apr-23",271,267,4,192,186,75,81,2023,4
"Adelaide-Perth","Adelaide","Perth","Virgin Australia","Apr-23",25,25,0,16,16,9,9,2023,4
"Adelaide-Sydney","Adelaide","Sydney","Virgin Australia","Apr-23",182,176,6,113,104,63,72,2023,4
"Alice Springs-Adelaide","Alice Springs","Adelaide","Virgin Australia","Apr-23",12,12,0,9,6,3,6,2023,4
"Ballina-Sydney","Ballina","Sydney","Virgin Australia","Apr-23",44,44,0,24,23,20,21,2023,4
"Brisbane-Adelaide","Brisbane","Adelaide","Virgin Australia","Apr-23",135,129,6,98,101,31,28,2023,4
"Brisbane-Cairns","Brisbane","Cairns","Virgin Australia","Apr-23",136,135,1,94,101,41,34,2023,4
"Brisbane-Canberra","Brisbane","Canberra","Virgin Australia","Apr-23",104,100,4,83,85,17,15,2023,4
"Brisbane-Darwin","Brisbane","Darwin","Virgin Australia","Apr-23",32,32,0,22,28,10,4,2023,4
"Brisbane-Emerald","Brisbane","Emerald","Virgin Australia","Apr-23",25,25,0,17,17,8,8,2023,4
"Brisbane-Gladstone","Brisbane","Gladstone","Virgin Australia","Apr-23",50,49,1,30,28,19,21,2023,4
"Brisbane-Hamilton Island","Brisbane","Hamilton Island","Virgin Australia","Apr-23",39,39,0,32,32,7,7,2023,4
"Brisbane-Hobart","Brisbane","Hobart","Virgin Australia","Apr-23",50,50,0,37,37,13,13,2023,4
"Brisbane-Launceston","Brisbane","Launceston","Virgin Australia","Apr-23",19,19,0,13,13,6,6,2023,4
"Brisbane-Mackay","Brisbane","Mackay","Virgin Australia","Apr-23",132,132,0,74,78,58,54,2023,4
"Brisbane-Melbourne","Brisbane","Melbourne","Virgin Australia","Apr-23",378,361,17,222,230,139,131,2023,4
"Brisbane-Mount Isa","Brisbane","Mount Isa","Virgin Australia","Apr-23",12,12,0,11,9,1,3,2023,4
"Brisbane-Newcastle","Brisbane","Newcastle","Virgin Australia","Apr-23",78,77,1,41,40,36,37,2023,4
"Brisbane-Perth","Brisbane","Perth","Virgin Australia","Apr-23",120,116,4,56,87,60,29,2023,4
"Brisbane-Proserpine","Brisbane","Proserpine","Virgin Australia","Apr-23",44,44,0,32,33,12,11,2023,4
"Brisbane-Rockhampton","Brisbane","Rockhampton","Virgin Australia","Apr-23",133,132,1,76,63,56,69,2023,4
"Brisbane-Sydney","Brisbane","Sydney","Virgin Australia","Apr-23",445,421,24,291,292,130,129,2023,4
"Brisbane-Townsville","Brisbane","Townsville","Virgin Australia","Apr-23",136,134,2,86,82,48,52,2023,4
"Broome-Perth","Broome","Perth","Virgin Australia","Apr-23",20,19,1,10,12,9,7,2023,4
"Cairns-Brisbane","Cairns","Brisbane","Virgin Australia","Apr-23",136,135,1,105,110,30,25,2023,4
"Cairns-Melbourne","Cairns","Melbourne","Virgin Australia","Apr-23",74,70,4,48,49,22,21,2023,4
"Cairns-Sydney","Cairns","Sydney","Virgin Australia","Apr-23",92,90,2,74,71,16,19,2023,4
"Canberra-Adelaide","Canberra","Adelaide","Virgin Australia","Apr-23",23,23,0,12,14,11,9,2023,4
"Canberra-Brisbane","Canberra","Brisbane","Virgin Australia","Apr-23",104,100,4,82,83,18,17,2023,4
"Canberra-Gold Coast","Canberra","Gold Coast","Virgin Australia","Apr-23",30,30,0,18,17,12,13,2023,4
"Canberra-Melbourne","Canberra","Melbourne","Virgin Australia","Apr-23",117,117,0,72,70,45,47,2023,4
"Canberra-Sydney","Canberra","Sydney","Virgin Australia","Apr-23",200,195,5,144,147,51,48,2023,4
"Darwin-Brisbane","Darwin","Brisbane","Virgin Australia","Apr-23",32,32,0,25,27,7,5,2023,4
"Darwin-Melbourne","Darwin","Melbourne","Virgin Australia","Apr-23",29,29,0,13,13,16,16,2023,4
"Darwin-Perth","Darwin","Perth","Virgin Australia","Apr-23",4,4,0,3,3,1,1,2023,4
"Emerald-Brisbane","Emerald","Brisbane","Virgin Australia","Apr-23",25,25,0,20,18,5,7,2023,4
"Gladstone-Brisbane","Gladstone","Brisbane","Virgin Australia","Apr-23",50,49,1,30,29,19,20,2023,4
"Gold Coast-Adelaide","Gold Coast","Adelaide","Virgin Australia","Apr-23",43,42,1,25,28,17,14,2023,4
"Gold Coast-Canberra","Gold Coast","Canberra","Virgin Australia","Apr-23",30,30,0,19,18,11,12,2023,4
"Gold Coast-Melbourne","Gold Coast","Melbourne","Virgin Australia","Apr-23",286,280,6,154,191,126,89,2023,4
"Gold Coast-Sydney","Gold Coast","Sydney","Virgin Australia","Apr-23",312,308,4,197,203,111,105,2023,4
"Hamilton Island-Brisbane","Hamilton Island","Brisbane","Virgin Australia","Apr-23",39,39,0,27,31,12,8,2023,4
"Hamilton Island-Sydney","Hamilton Island","Sydney","Virgin Australia","Apr-23",30,30,0,16,14,14,16,2023,4
"Hobart-Brisbane","Hobart","Brisbane","Virgin Australia","Apr-23",50,49,1,32,29,17,20,2023,4
"Hobart-Melbourne","Hobart","Melbourne","Virgin Australia","Apr-23",139,138,1,93,81,45,57,2023,4
"Hobart-Sydney","Hobart","Sydney","Virgin Australia","Apr-23",73,71,2,50,51,21,20,2023,4
"Kalgoorlie-Perth","Kalgoorlie","Perth","Virgin Australia","Apr-23",32,30,2,18,18,12,12,2023,4
"Karratha-Perth","Karratha","Perth","Virgin Australia","Apr-23",30,29,1,24,27,5,2,2023,4
"Launceston-Brisbane","Launceston","Brisbane","Virgin Australia","Apr-23",19,19,0,13,13,6,6,2023,4
"Launceston-Melbourne","Launceston","Melbourne","Virgin Australia","Apr-23",104,104,0,85,77,19,27,2023,4
"Launceston-Sydney","Launceston","Sydney","Virgin Australia","Apr-23",30,30,0,23,18,7,12,2023,4
"Mackay-Brisbane","Mackay","Brisbane","Virgin Australia","Apr-23",132,132,0,83,91,49,41,2023,4
"Melbourne-Adelaide","Melbourne","Adelaide","Virgin Australia","Apr-23",272,269,3,200,205,69,64,2023,4
"Melbourne-Brisbane","Melbourne","Brisbane","Virgin Australia","Apr-23",378,362,16,248,224,114,138,2023,4
"Melbourne-Cairns","Melbourne","Cairns","Virgin Australia","Apr-23",74,70,4,56,54,14,16,2023,4
"Melbourne-Canberra","Melbourne","Canberra","Virgin Australia","Apr-23",117,117,0,74,75,43,42,2023,4
"Melbourne-Darwin","Melbourne","Darwin","Virgin Australia","Apr-23",29,29,0,7,14,22,15,2023,4
"Melbourne-Gold Coast","Melbourne","Gold Coast","Virgin Australia","Apr-23",287,282,5,175,171,107,111,2023,4
"Melbourne-Hobart","Melbourne","Hobart","Virgin Australia","Apr-23",139,138,1,99,97,39,41,2023,4
"Melbourne-Launceston","Melbourne","Launceston","Virgin Australia","Apr-23",105,105,0,74,67,31,38,2023,4
"Melbourne-Newcastle","Melbourne","Newcastle","Virgin Australia","Apr-23",39,39,0,26,23,13,16,2023,4
"Melbourne-Perth","Melbourne","Perth","Virgin Australia","Apr-23",190,189,1,111,138,78,51,2023,4
"Melbourne-Sunshine Coast","Melbourne","Sunshine Coast","Virgin Australia","Apr-23",84,84,0,56,59,28,25,2023,4
"Melbourne-Sydney","Melbourne","Sydney","Virgin Australia","Apr-23",725,671,54,504,454,167,217,2023,4
"Mount Isa-Brisbane","Mount Isa","Brisbane","Virgin Australia","Apr-23",12,12,0,9,4,3,8,2023,4
"Newcastle-Brisbane","Newcastle","Brisbane","Virgin Australia","Apr-23",78,77,1,45,45,32,32,2023,4
"Newcastle-Melbourne","Newcastle","Melbourne","Virgin Australia","Apr-23",39,39,0,24,18,15,21,2023,4
"Newman-Perth","Newman","Perth","Virgin Australia","Apr-23",28,25,3,20,20,5,5,2023,4
"Perth-Adelaide","Perth","Adelaide","Virgin Australia","Apr-23",26,26,0,22,20,4,6,2023,4
"Perth-Brisbane","Perth","Brisbane","Virgin Australia","Apr-23",118,114,4,68,76,46,38,2023,4
"Perth-Broome","Perth","Broome","Virgin Australia","Apr-23",20,19,1,11,12,8,7,2023,4
"Perth-Darwin","Perth","Darwin","Virgin Australia","Apr-23",4,4,0,2,2,2,2,2023,4
"Perth-Kalgoorlie","Perth","Kalgoorlie","Virgin Australia","Apr-23",32,30,2,24,21,6,9,2023,4
"Perth-Karratha","Perth","Karratha","Virgin Australia","Apr-23",30,29,1,26,28,3,1,2023,4
"Perth-Melbourne","Perth","Melbourne","Virgin Australia","Apr-23",199,197,2,148,152,49,45,2023,4
"Perth-Newman","Perth","Newman","Virgin Australia","Apr-23",28,25,3,23,20,2,5,2023,4
"Perth-Port Hedland","Perth","Port Hedland","Virgin Australia","Apr-23",14,12,2,9,7,3,5,2023,4
"Perth-Sydney","Perth","Sydney","Virgin Australia","Apr-23",135,130,5,87,100,43,30,2023,4
"Port Hedland-Perth","Port Hedland","Perth","Virgin Australia","Apr-23",14,12,2,5,6,7,6,2023,4
"Proserpine-Brisbane","Proserpine","Brisbane","Virgin Australia","Apr-23",44,44,0,24,25,20,19,2023,4
"Rockhampton-Brisbane","Rockhampton","Brisbane","Virgin Australia","Apr-23",133,131,2,76,74,55,57,2023,4
"Sunshine Coast-Melbourne","Sunshine Coast","Melbourne","Virgin Australia","Apr-23",84,84,0,47,48,37,36,2023,4
"Sunshine Coast-Sydney","Sunshine Coast","Sydney","Virgin Australia","Apr-23",80,80,0,52,38,28,42,2023,4
"Sydney-Adelaide","Sydney","Adelaide","Virgin Australia","Apr-23",181,176,5,129,124,47,52,2023,4
"Sydney-Ballina","Sydney","Ballina","Virgin Australia","Apr-23",44,44,0,28,25,16,19,2023,4
"Sydney-Brisbane","Sydney","Brisbane","Virgin Australia","Apr-23",443,419,24,285,284,134,135,2023,4
"Sydney-Cairns","Sydney","Cairns","Virgin Australia","Apr-23",91,90,1,69,79,21,11,2023,4
"Sydney-Canberra","Sydney","Canberra","Virgin Australia","Apr-23",200,195,5,135,154,60,41,2023,4
"Sydney-Gold Coast","Sydney","Gold Coast","Virgin Australia","Apr-23",313,309,4,205,192,104,117,2023,4
"Sydney-Hamilton Island","Sydney","Hamilton Island","Virgin Australia","Apr-23",30,30,0,23,23,7,7,2023,4
"Sydney-Hobart","Sydney","Hobart","Virgin Australia","Apr-23",73,71,2,53,55,18,16,2023,4
"Sydney-Launceston","Sydney","Launceston","Virgin Australia","Apr-23",30,30,0,21,23,9,7,2023,4
"Sydney-Melbourne","Sydney","Melbourne","Virgin Australia","Apr-23",720,665,55,451,455,214,210,2023,4
"Sydney-Perth","Sydney","Perth","Virgin Australia","Apr-23",143,138,5,85,101,53,37,2023,4
"Sydney-Sunshine Coast","Sydney","Sunshine Coast","Virgin Australia","Apr-23",80,80,0,60,54,20,26,2023,4
"Townsville-Brisbane","Townsville","Brisbane","Virgin Australia","Apr-23",136,134,2,82,77,52,57,2023,4
"Adelaide-Perth","Adelaide","Perth","Virgin Australia Regional Airlines","Apr-23",50,47,3,19,25,28,22,2023,4
"Broome-Perth","Broome","Perth","Virgin Australia Regional Airlines","Apr-23",34,32,2,12,18,20,14,2023,4
"Darwin-Perth","Darwin","Perth","Virgin Australia Regional Airlines","Apr-23",18,17,1,12,13,5,4,2023,4
"Kalgoorlie-Perth","Kalgoorlie","Perth","Virgin Australia Regional Airlines","Apr-23",42,40,2,24,24,16,16,2023,4
"Karratha-Perth","Karratha","Perth","Virgin Australia Regional Airlines","Apr-23",20,20,0,8,9,12,11,2023,4
"Newman-Perth","Newman","Perth","Virgin Australia Regional Airlines","Apr-23",25,25,0,18,19,7,6,2023,4
"Perth-Adelaide","Perth","Adelaide","Virgin Australia Regional Airlines","Apr-23",50,47,3,28,25,19,22,2023,4
"Perth-Broome","Perth","Broome","Virgin Australia Regional Airlines","Apr-23",34,32,2,17,18,15,14,2023,4
"Perth-Darwin","Perth","Darwin","Virgin Australia Regional Airlines","Apr-23",18,17,1,10,10,7,7,2023,4
"Perth-Kalgoorlie","Perth","Kalgoorlie","Virgin Australia Regional Airlines","Apr-23",42,40,2,29,28,11,12,2023,4
"Perth-Karratha","Perth","Karratha","Virgin Australia Regional Airlines","Apr-23",20,20,0,12,7,8,13,2023,4
"Perth-Newman","Perth","Newman","Virgin Australia Regional Airlines","Apr-23",25,25,0,20,20,5,5,2023,4
"Perth-Port Hedland","Perth","Port Hedland","Virgin Australia Regional Airlines","Apr-23",36,32,4,20,18,12,14,2023,4
"Port Hedland-Perth","Port Hedland","Perth","Virgin Australia Regional Airlines","Apr-23",36,32,4,13,18,19,14,2023,4
"Adelaide-Alice Springs","Adelaide","Alice Springs","All Airlines","Apr-23",61,61,0,55,57,6,4,2023,4
"Adelaide-Brisbane","Adelaide","Brisbane","All Airlines","Apr-23",349,338,11,250,219,88,119,2023,4
"Adelaide-Canberra","Adelaide","Canberra","All Airlines","Apr-23",132,132,0,106,98,26,34,2023,4
"Adelaide-Gold Coast","Adelaide","Gold Coast","All Airlines","Apr-23",72,71,1,55,55,16,16,2023,4
"Adelaide-Melbourne","Adelaide","Melbourne","All Airlines","Apr-23",714,700,14,480,482,220,218,2023,4
"Adelaide-Perth","Adelaide","Perth","All Airlines","Apr-23",191,186,5,126,136,60,50,2023,4
"Adelaide-Port Lincoln","Adelaide","Port Lincoln","All Airlines","Apr-23",266,262,4,205,193,57,69,2023,4
"Adelaide-Sydney","Adelaide","Sydney","All Airlines","Apr-23",524,489,35,330,293,159,196,2023,4
"Albury-Sydney","Albury","Sydney","All Airlines","Apr-23",213,212,1,185,181,27,31,2023,4
"Alice Springs-Adelaide","Alice Springs","Adelaide","All Airlines","Apr-23",61,61,0,53,49,8,12,2023,4
"Armidale-Sydney","Armidale","Sydney","All Airlines","Apr-23",166,162,4,137,131,25,31,2023,4
"Ballina-Sydney","Ballina","Sydney","All Airlines","Apr-23",205,204,1,129,138,75,66,2023,4
"Brisbane-Adelaide","Brisbane","Adelaide","All Airlines","Apr-23",348,338,10,231,244,107,94,2023,4
"Brisbane-Cairns","Brisbane","Cairns","All Airlines","Apr-23",365,363,2,244,272,119,91,2023,4
"Brisbane-Canberra","Brisbane","Canberra","All Airlines","Apr-23",300,295,5,222,232,73,63,2023,4
"Brisbane-Darwin","Brisbane","Darwin","All Airlines","Apr-23",58,57,1,33,44,24,13,2023,4
"Brisbane-Emerald","Brisbane","Emerald","All Airlines","Apr-23",138,134,4,112,117,22,17,2023,4
"Brisbane-Gladstone","Brisbane","Gladstone","All Airlines","Apr-23",183,176,7,132,136,44,40,2023,4
"Brisbane-Hamilton Island","Brisbane","Hamilton Island","All Airlines","Apr-23",61,61,0,50,49,11,12,2023,4
"Brisbane-Hobart","Brisbane","Hobart","All Airlines","Apr-23",105,104,1,79,78,25,26,2023,4
"Brisbane-Launceston","Brisbane","Launceston","All Airlines","Apr-23",44,44,0,24,24,20,20,2023,4
"Brisbane-Mackay","Brisbane","Mackay","All Airlines","Apr-23",267,267,0,162,168,105,99,2023,4
"Brisbane-Melbourne","Brisbane","Melbourne","All Airlines","Apr-23",1041,972,69,626,660,346,312,2023,4
"Brisbane-Mount Isa","Brisbane","Mount Isa","All Airlines","Apr-23",57,57,0,51,50,6,7,2023,4
"Brisbane-Newcastle","Brisbane","Newcastle","All Airlines","Apr-23",267,259,8,185,189,74,70,2023,4
"Brisbane-Perth","Brisbane","Perth","All Airlines","Apr-23",288,283,5,158,210,125,73,2023,4
"Brisbane-Proserpine","Brisbane","Proserpine","All Airlines","Apr-23",122,121,1,87,91,34,30,2023,4
"Brisbane-Rockhampton","Brisbane","Rockhampton","All Airlines","Apr-23",305,297,8,211,202,86,95,2023,4
"Brisbane-Sydney","Brisbane","Sydney","All Airlines","Apr-23",1293,1218,75,911,907,307,311,2023,4
"Brisbane-Townsville","Brisbane","Townsville","All Airlines","Apr-23",328,324,4,225,233,99,91,2023,4
"Broome-Perth","Broome","Perth","All Airlines","Apr-23",122,117,5,55,77,62,40,2023,4
"Cairns-Brisbane","Cairns","Brisbane","All Airlines","Apr-23",365,363,2,264,261,99,102,2023,4
"Cairns-Melbourne","Cairns","Melbourne","All Airlines","Apr-23",229,217,12,146,157,71,60,2023,4
"Cairns-Sydney","Cairns","Sydney","All Airlines","Apr-23",258,241,17,170,170,71,71,2023,4
"Cairns-Townsville","Cairns","Townsville","All Airlines","Apr-23",160,148,12,124,124,24,24,2023,4
"Canberra-Adelaide","Canberra","Adelaide","All Airlines","Apr-23",132,132,0,105,104,27,28,2023,4
"Canberra-Brisbane","Canberra","Brisbane","All Airlines","Apr-23",300,294,6,229,232,65,62,2023,4
"Canberra-Gold Coast","Canberra","Gold Coast","All Airlines","Apr-23",47,46,1,24,25,22,21,2023,4
"Canberra-Melbourne","Canberra","Melbourne","All Airlines","Apr-23",442,429,13,303,302,126,127,2023,4
"Canberra-Sydney","Canberra","Sydney","All Airlines","Apr-23",620,564,56,449,442,115,122,2023,4
"Coffs Harbour-Sydney","Coffs Harbour","Sydney","All Airlines","Apr-23",233,232,1,187,180,45,52,2023,4
"Darwin-Brisbane","Darwin","Brisbane","All Airlines","Apr-23",58,56,2,38,38,18,18,2023,4
"Darwin-Melbourne","Darwin","Melbourne","All Airlines","Apr-23",87,85,2,50,49,35,36,2023,4
"Darwin-Perth","Darwin","Perth","All Airlines","Apr-23",52,51,1,38,43,13,8,2023,4
"Dubbo-Sydney","Dubbo","Sydney","All Airlines","Apr-23",209,208,1,180,175,28,33,2023,4
"Emerald-Brisbane","Emerald","Brisbane","All Airlines","Apr-23",138,134,4,119,114,15,20,2023,4
"Gladstone-Brisbane","Gladstone","Brisbane","All Airlines","Apr-23",183,176,7,139,137,37,39,2023,4
"Gold Coast-Adelaide","Gold Coast","Adelaide","All Airlines","Apr-23",72,71,1,44,50,27,21,2023,4
"Gold Coast-Canberra","Gold Coast","Canberra","All Airlines","Apr-23",47,46,1,29,29,17,17,2023,4
"Gold Coast-Melbourne","Gold Coast","Melbourne","All Airlines","Apr-23",580,546,34,315,370,231,176,2023,4
"Gold Coast-Sydney","Gold Coast","Sydney","All Airlines","Apr-23",689,652,37,433,436,219,216,2023,4
"Hamilton Island-Brisbane","Hamilton Island","Brisbane","All Airlines","Apr-23",61,61,0,40,46,21,15,2023,4
"Hamilton Island-Sydney","Hamilton Island","Sydney","All Airlines","Apr-23",87,85,2,43,40,42,45,2023,4
"Hobart-Brisbane","Hobart","Brisbane","All Airlines","Apr-23",105,102,3,65,65,37,37,2023,4
"Hobart-Melbourne","Hobart","Melbourne","All Airlines","Apr-23",385,368,17,233,212,135,156,2023,4
"Hobart-Sydney","Hobart","Sydney","All Airlines","Apr-23",237,231,6,158,157,73,74,2023,4
"Kalgoorlie-Perth","Kalgoorlie","Perth","All Airlines","Apr-23",144,138,6,86,92,52,46,2023,4
"Karratha-Perth","Karratha","Perth","All Airlines","Apr-23",184,182,2,140,153,42,29,2023,4
"Launceston-Brisbane","Launceston","Brisbane","All Airlines","Apr-23",44,44,0,18,18,26,26,2023,4
"Launceston-Melbourne","Launceston","Melbourne","All Airlines","Apr-23",308,302,6,201,203,101,99,2023,4
"Launceston-Sydney","Launceston","Sydney","All Airlines","Apr-23",112,110,2,65,60,45,50,2023,4
"Mackay-Brisbane","Mackay","Brisbane","All Airlines","Apr-23",272,270,2,173,183,97,87,2023,4
"Melbourne-Adelaide","Melbourne","Adelaide","All Airlines","Apr-23",715,704,11,491,503,213,201,2023,4
"Melbourne-Brisbane","Melbourne","Brisbane","All Airlines","Apr-23",1041,970,71,664,618,306,352,2023,4
"Melbourne-Cairns","Melbourne","Cairns","All Airlines","Apr-23",229,216,13,156,166,60,50,2023,4
"Melbourne-Canberra","Melbourne","Canberra","All Airlines","Apr-23",442,429,13,315,313,114,116,2023,4
"Melbourne-Darwin","Melbourne","Darwin","All Airlines","Apr-23",88,87,1,35,44,52,43,2023,4
"Melbourne-Gold Coast","Melbourne","Gold Coast","All Airlines","Apr-23",582,550,32,340,335,210,215,2023,4
"Melbourne-Hobart","Melbourne","Hobart","All Airlines","Apr-23",385,370,15,237,236,133,134,2023,4
"Melbourne-Launceston","Melbourne","Launceston","All Airlines","Apr-23",311,306,5,204,200,102,106,2023,4
"Melbourne-Mildura","Melbourne","Mildura","All Airlines","Apr-23",206,202,4,144,138,58,64,2023,4
"Melbourne-Newcastle","Melbourne","Newcastle","All Airlines","Apr-23",140,137,3,101,95,36,42,2023,4
"Melbourne-Perth","Melbourne","Perth","All Airlines","Apr-23",456,444,12,273,310,171,134,2023,4
"Melbourne-Sunshine Coast","Melbourne","Sunshine Coast","All Airlines","Apr-23",178,176,2,104,110,72,66,2023,4
"Melbourne-Sydney","Melbourne","Sydney","All Airlines","Apr-23",2183,1988,195,1507,1395,481,593,2023,4
"Mildura-Melbourne","Mildura","Melbourne","All Airlines","Apr-23",206,202,4,139,133,63,69,2023,4
"Mount Isa-Brisbane","Mount Isa","Brisbane","All Airlines","Apr-23",57,57,0,48,45,9,12,2023,4
"Newcastle-Brisbane","Newcastle","Brisbane","All Airlines","Apr-23",267,253,14,180,185,73,68,2023,4
"Newcastle-Melbourne","Newcastle","Melbourne","All Airlines","Apr-23",142,138,4,91,94,47,44,2023,4
"Newman-Perth","Newman","Perth","All Airlines","Apr-23",159,154,5,124,117,30,37,2023,4
"Perth-Adelaide","Perth","Adelaide","All Airlines","Apr-23",192,187,5,132,133,55,54,2023,4
"Perth-Brisbane","Perth","Brisbane","All Airlines","Apr-23",287,282,5,186,174,96,108,2023,4
"Perth-Broome","Perth","Broome","All Airlines","Apr-23",122,118,4,80,86,38,32,2023,4
"Perth-Darwin","Perth","Darwin","All Airlines","Apr-23",52,51,1,39,40,12,11,2023,4
"Perth-Kalgoorlie","Perth","Kalgoorlie","All Airlines","Apr-23",144,138,6,104,103,34,35,2023,4
"Perth-Karratha","Perth","Karratha","All Airlines","Apr-23",184,182,2,154,152,28,30,2023,4
"Perth-Melbourne","Perth","Melbourne","All Airlines","Apr-23",466,453,13,301,311,152,142,2023,4
"Perth-Newman","Perth","Newman","All Airlines","Apr-23",159,154,5,140,138,14,16,2023,4
"Perth-Port Hedland","Perth","Port Hedland","All Airlines","Apr-23",172,159,13,126,124,33,35,2023,4
"Perth-Sydney","Perth","Sydney","All Airlines","Apr-23",397,385,12,239,257,146,128,2023,4
"Port Hedland-Perth","Port Hedland","Perth","All Airlines","Apr-23",170,156,14,98,112,58,44,2023,4
"Port Lincoln-Adelaide","Port Lincoln","Adelaide","All Airlines","Apr-23",266,259,7,199,197,60,62,2023,4
"Port Macquarie-Sydney","Port Macquarie","Sydney","All Airlines","Apr-23",195,187,8,145,142,42,45,2023,4
"Proserpine-Brisbane","Proserpine","Brisbane","All Airlines","Apr-23",124,121,3,70,74,51,47,2023,4
"Rockhampton-Brisbane","Rockhampton","Brisbane","All Airlines","Apr-23",306,296,10,210,215,86,81,2023,4
"Sunshine Coast-Melbourne","Sunshine Coast","Melbourne","All Airlines","Apr-23",179,175,4,93,100,82,75,2023,4
"Sunshine Coast-Sydney","Sunshine Coast","Sydney","All Airlines","Apr-23",222,217,5,141,118,76,99,2023,4
"Sydney-Adelaide","Sydney","Adelaide","All Airlines","Apr-23",523,490,33,337,338,153,152,2023,4
"Sydney-Albury","Sydney","Albury","All Airlines","Apr-23",214,213,1,186,191,27,22,2023,4
"Sydney-Armidale","Sydney","Armidale","All Airlines","Apr-23",167,162,5,124,134,38,28,2023,4
"Sydney-Ballina","Sydney","Ballina","All Airlines","Apr-23",205,204,1,134,137,70,67,2023,4
"Sydney-Brisbane","Sydney","Brisbane","All Airlines","Apr-23",1293,1221,72,863,829,358,392,2023,4
"Sydney-Cairns","Sydney","Cairns","All Airlines","Apr-23",256,244,12,163,185,81,59,2023,4
"Sydney-Canberra","Sydney","Canberra","All Airlines","Apr-23",620,567,53,450,460,117,107,2023,4
"Sydney-Coffs Harbour","Sydney","Coffs Harbour","All Airlines","Apr-23",234,234,0,187,192,47,42,2023,4
"Sydney-Dubbo","Sydney","Dubbo","All Airlines","Apr-23",212,211,1,166,184,45,27,2023,4
"Sydney-Gold Coast","Sydney","Gold Coast","All Airlines","Apr-23",687,651,36,435,425,216,226,2023,4
"Sydney-Hamilton Island","Sydney","Hamilton Island","All Airlines","Apr-23",86,86,0,54,61,32,25,2023,4
"Sydney-Hobart","Sydney","Hobart","All Airlines","Apr-23",236,231,5,158,164,73,67,2023,4
"Sydney-Launceston","Sydney","Launceston","All Airlines","Apr-23",112,110,2,70,69,40,41,2023,4
"Sydney-Melbourne","Sydney","Melbourne","All Airlines","Apr-23",2179,1973,206,1353,1401,620,572,2023,4
"Sydney-Perth","Sydney","Perth","All Airlines","Apr-23",404,394,10,235,267,159,127,2023,4
"Sydney-Port Macquarie","Sydney","Port Macquarie","All Airlines","Apr-23",195,189,6,148,150,41,39,2023,4
"Sydney-Sunshine Coast","Sydney","Sunshine Coast","All Airlines","Apr-23",221,217,4,149,149,68,68,2023,4
"Sydney-Wagga Wagga","Sydney","Wagga Wagga","All Airlines","Apr-23",198,192,6,155,164,37,28,2023,4
"Townsville-Brisbane","Townsville","Brisbane","All Airlines","Apr-23",328,324,4,218,207,106,117,2023,4
"Townsville-Cairns","Townsville","Cairns","All Airlines","Apr-23",161,149,12,129,133,20,16,2023,4
"Wagga Wagga-Sydney","Wagga Wagga","Sydney","All Airlines","Apr-23",200,193,7,165,159,28,34,2023,4
"Adelaide-Brisbane","Adelaide","Brisbane","Jetstar","May-23",32,29,3,12,14,17,15,2023,5
"Adelaide-Darwin","Adelaide","Darwin","Jetstar","May-23",26,26,0,15,14,11,12,2023,5
"Adelaide-Gold Coast","Adelaide","Gold Coast","Jetstar","May-23",27,27,0,23,20,4,7,2023,5
"Adelaide-Melbourne","Adelaide","Melbourne","Jetstar","May-23",111,107,4,59,60,48,47,2023,5
"Adelaide-Perth","Adelaide","Perth","Jetstar","May-23",26,26,0,16,19,10,7,2023,5
"Adelaide-Sydney","Adelaide","Sydney","Jetstar","May-23",111,101,10,67,63,34,38,2023,5
"Ballina-Sydney","Ballina","Sydney","Jetstar","May-23",62,62,0,32,34,30,28,2023,5
"Brisbane-Adelaide","Brisbane","Adelaide","Jetstar","May-23",32,29,3,14,20,15,9,2023,5
"Brisbane-Cairns","Brisbane","Cairns","Jetstar","May-23",75,74,1,40,39,34,35,2023,5
"Brisbane-Canberra","Brisbane","Canberra","Jetstar","May-23",31,29,2,10,10,19,19,2023,5
"Brisbane-Darwin","Brisbane","Darwin","Jetstar","May-23",23,22,1,15,15,7,7,2023,5
"Brisbane-Hobart","Brisbane","Hobart","Jetstar","May-23",17,17,0,15,16,2,1,2023,5
"Brisbane-Launceston","Brisbane","Launceston","Jetstar","May-23",18,18,0,5,5,13,13,2023,5
"Brisbane-Mackay","Brisbane","Mackay","Jetstar","May-23",23,21,2,5,3,16,18,2023,5
"Brisbane-Melbourne","Brisbane","Melbourne","Jetstar","May-23",148,135,13,81,85,54,50,2023,5
"Brisbane-Newcastle","Brisbane","Newcastle","Jetstar","May-23",62,62,0,43,38,19,24,2023,5
"Brisbane-Perth","Brisbane","Perth","Jetstar","May-23",22,22,0,14,20,8,2,2023,5
"Brisbane-Proserpine","Brisbane","Proserpine","Jetstar","May-23",31,31,0,20,19,11,12,2023,5
"Brisbane-Sydney","Brisbane","Sydney","Jetstar","May-23",148,129,19,85,84,44,45,2023,5
"Brisbane-Townsville","Brisbane","Townsville","Jetstar","May-23",50,50,0,35,33,15,17,2023,5
"Cairns-Brisbane","Cairns","Brisbane","Jetstar","May-23",75,74,1,43,47,31,27,2023,5
"Cairns-Melbourne","Cairns","Melbourne","Jetstar","May-23",79,78,1,49,52,29,26,2023,5
"Cairns-Sydney","Cairns","Sydney","Jetstar","May-23",70,66,4,36,42,30,24,2023,5
"Canberra-Brisbane","Canberra","Brisbane","Jetstar","May-23",31,29,2,9,13,20,16,2023,5
"Canberra-Gold Coast","Canberra","Gold Coast","Jetstar","May-23",18,18,0,7,12,11,6,2023,5
"Canberra-Melbourne","Canberra","Melbourne","Jetstar","May-23",31,29,2,13,14,16,15,2023,5
"Darwin-Adelaide","Darwin","Adelaide","Jetstar","May-23",27,27,0,13,16,14,11,2023,5
"Darwin-Brisbane","Darwin","Brisbane","Jetstar","May-23",22,21,1,13,15,8,6,2023,5
"Darwin-Melbourne","Darwin","Melbourne","Jetstar","May-23",22,22,0,8,10,14,12,2023,5
"Gold Coast-Adelaide","Gold Coast","Adelaide","Jetstar","May-23",27,27,0,23,23,4,4,2023,5
"Gold Coast-Canberra","Gold Coast","Canberra","Jetstar","May-23",17,17,0,12,13,5,4,2023,5
"Gold Coast-Melbourne","Gold Coast","Melbourne","Jetstar","May-23",183,172,11,108,108,64,64,2023,5
"Gold Coast-Sydney","Gold Coast","Sydney","Jetstar","May-23",241,230,11,171,173,59,57,2023,5
"Hamilton Island-Sydney","Hamilton Island","Sydney","Jetstar","May-23",18,18,0,5,6,13,12,2023,5
"Hobart-Brisbane","Hobart","Brisbane","Jetstar","May-23",17,17,0,15,12,2,5,2023,5
"Hobart-Melbourne","Hobart","Melbourne","Jetstar","May-23",130,127,3,79,80,48,47,2023,5
"Hobart-Sydney","Hobart","Sydney","Jetstar","May-23",62,61,1,32,33,29,28,2023,5
"Launceston-Brisbane","Launceston","Brisbane","Jetstar","May-23",18,17,1,3,2,14,15,2023,5
"Launceston-Melbourne","Launceston","Melbourne","Jetstar","May-23",84,83,1,42,49,41,34,2023,5
"Launceston-Sydney","Launceston","Sydney","Jetstar","May-23",26,26,0,14,16,12,10,2023,5
"Mackay-Brisbane","Mackay","Brisbane","Jetstar","May-23",23,19,4,1,1,18,18,2023,5
"Melbourne-Adelaide","Melbourne","Adelaide","Jetstar","May-23",112,109,3,76,81,33,28,2023,5
"Melbourne-Brisbane","Melbourne","Brisbane","Jetstar","May-23",148,135,13,77,71,58,64,2023,5
"Melbourne-Cairns","Melbourne","Cairns","Jetstar","May-23",79,78,1,52,59,26,19,2023,5
"Melbourne-Canberra","Melbourne","Canberra","Jetstar","May-23",31,29,2,16,17,13,12,2023,5
"Melbourne-Darwin","Melbourne","Darwin","Jetstar","May-23",22,22,0,12,13,10,9,2023,5
"Melbourne-Gold Coast","Melbourne","Gold Coast","Jetstar","May-23",183,174,9,104,111,70,63,2023,5
"Melbourne-Hobart","Melbourne","Hobart","Jetstar","May-23",130,127,3,74,75,53,52,2023,5
"Melbourne-Launceston","Melbourne","Launceston","Jetstar","May-23",84,83,1,53,53,30,30,2023,5
"Melbourne-Newcastle","Melbourne","Newcastle","Jetstar","May-23",44,44,0,31,34,13,10,2023,5
"Melbourne-Perth","Melbourne","Perth","Jetstar","May-23",62,57,5,39,45,18,12,2023,5
"Melbourne-Sunshine Coast","Melbourne","Sunshine Coast","Jetstar","May-23",62,62,0,34,33,28,29,2023,5
"Melbourne-Sydney","Melbourne","Sydney","Jetstar","May-23",364,331,33,203,226,128,105,2023,5
"Newcastle-Brisbane","Newcastle","Brisbane","Jetstar","May-23",63,62,1,40,39,22,23,2023,5
"Newcastle-Melbourne","Newcastle","Melbourne","Jetstar","May-23",44,44,0,30,33,14,11,2023,5
"Perth-Adelaide","Perth","Adelaide","Jetstar","May-23",26,26,0,15,15,11,11,2023,5
"Perth-Brisbane","Perth","Brisbane","Jetstar","May-23",22,22,0,12,14,10,8,2023,5
"Perth-Melbourne","Perth","Melbourne","Jetstar","May-23",63,57,6,31,31,26,26,2023,5
"Perth-Sydney","Perth","Sydney","Jetstar","May-23",43,40,3,21,20,19,20,2023,5
"Proserpine-Brisbane","Proserpine","Brisbane","Jetstar","May-23",31,31,0,13,14,18,17,2023,5
"Sunshine Coast-Melbourne","Sunshine Coast","Melbourne","Jetstar","May-23",62,62,0,32,27,30,35,2023,5
"Sunshine Coast-Sydney","Sunshine Coast","Sydney","Jetstar","May-23",79,75,4,52,44,23,31,2023,5
"Sydney-Adelaide","Sydney","Adelaide","Jetstar","May-23",111,102,9,54,61,48,41,2023,5
"Sydney-Ballina","Sydney","Ballina","Jetstar","May-23",62,62,0,40,39,22,23,2023,5
"Sydney-Brisbane","Sydney","Brisbane","Jetstar","May-23",146,130,16,79,79,51,51,2023,5
"Sydney-Cairns","Sydney","Cairns","Jetstar","May-23",70,66,4,43,43,23,23,2023,5
"Sydney-Gold Coast","Sydney","Gold Coast","Jetstar","May-23",240,229,11,177,173,52,56,2023,5
"Sydney-Hamilton Island","Sydney","Hamilton Island","Jetstar","May-23",18,18,0,9,8,9,10,2023,5
"Sydney-Hobart","Sydney","Hobart","Jetstar","May-23",62,61,1,31,33,30,28,2023,5
"Sydney-Launceston","Sydney","Launceston","Jetstar","May-23",26,26,0,21,22,5,4,2023,5
"Sydney-Melbourne","Sydney","Melbourne","Jetstar","May-23",364,333,31,223,228,110,105,2023,5
"Sydney-Perth","Sydney","Perth","Jetstar","May-23",43,42,1,23,29,19,13,2023,5
"Sydney-Sunshine Coast","Sydney","Sunshine Coast","Jetstar","May-23",79,77,2,60,60,17,17,2023,5
"Townsville-Brisbane","Townsville","Brisbane","Jetstar","May-23",50,49,1,32,36,17,13,2023,5
"Adelaide-Melbourne","Adelaide","Melbourne","Qantas","May-23",282,278,4,188,186,90,92,2023,5
"Adelaide-Perth","Adelaide","Perth","Qantas","May-23",93,93,0,71,73,22,20,2023,5
"Adelaide-Sydney","Adelaide","Sydney","Qantas","May-23",236,233,3,157,152,76,81,2023,5
"Brisbane-Cairns","Brisbane","Cairns","Qantas","May-23",74,74,0,60,55,14,19,2023,5
"Brisbane-Hamilton Island","Brisbane","Hamilton Island","Qantas","May-23",22,22,0,14,11,8,11,2023,5
"Brisbane-Mackay","Brisbane","Mackay","Qantas","May-23",100,100,0,67,68,33,32,2023,5
"Brisbane-Melbourne","Brisbane","Melbourne","Qantas","May-23",400,393,7,304,308,89,85,2023,5
"Brisbane-Mount Isa","Brisbane","Mount Isa","Qantas","May-23",48,48,0,42,44,6,4,2023,5
"Brisbane-Perth","Brisbane","Perth","Qantas","May-23",150,150,0,119,132,31,18,2023,5
"Brisbane-Sydney","Brisbane","Sydney","Qantas","May-23",565,554,11,464,450,90,104,2023,5
"Brisbane-Townsville","Brisbane","Townsville","Qantas","May-23",75,75,0,51,50,24,25,2023,5
"Cairns-Brisbane","Cairns","Brisbane","Qantas","May-23",74,74,0,63,68,11,6,2023,5
"Cairns-Melbourne","Cairns","Melbourne","Qantas","May-23",31,30,1,13,12,17,18,2023,5
"Cairns-Sydney","Cairns","Sydney","Qantas","May-23",39,39,0,14,17,25,22,2023,5
"Darwin-Melbourne","Darwin","Melbourne","Qantas","May-23",31,31,0,21,26,10,5,2023,5
"Gold Coast-Melbourne","Gold Coast","Melbourne","Qantas","May-23",31,31,0,20,22,11,9,2023,5
"Gold Coast-Sydney","Gold Coast","Sydney","Qantas","May-23",93,93,0,71,66,22,27,2023,5
"Hamilton Island-Brisbane","Hamilton Island","Brisbane","Qantas","May-23",22,22,0,11,13,11,9,2023,5
"Hamilton Island-Sydney","Hamilton Island","Sydney","Qantas","May-23",30,30,0,20,23,10,7,2023,5
"Hobart-Melbourne","Hobart","Melbourne","Qantas","May-23",44,44,0,34,36,10,8,2023,5
"Hobart-Sydney","Hobart","Sydney","Qantas","May-23",27,27,0,20,21,7,6,2023,5
"Kalgoorlie-Perth","Kalgoorlie","Perth","Qantas","May-23",24,23,1,18,19,5,4,2023,5
"Karratha-Perth","Karratha","Perth","Qantas","May-23",21,19,2,15,17,4,2,2023,5
"Mackay-Brisbane","Mackay","Brisbane","Qantas","May-23",100,100,0,69,73,31,27,2023,5
"Melbourne-Adelaide","Melbourne","Adelaide","Qantas","May-23",282,279,3,193,195,86,84,2023,5
"Melbourne-Brisbane","Melbourne","Brisbane","Qantas","May-23",399,391,8,280,281,111,110,2023,5
"Melbourne-Cairns","Melbourne","Cairns","Qantas","May-23",31,31,0,18,18,13,13,2023,5
"Melbourne-Darwin","Melbourne","Darwin","Qantas","May-23",31,30,1,13,15,17,15,2023,5
"Melbourne-Gold Coast","Melbourne","Gold Coast","Qantas","May-23",31,31,0,21,25,10,6,2023,5
"Melbourne-Hobart","Melbourne","Hobart","Qantas","May-23",44,44,0,25,26,19,18,2023,5
"Melbourne-Perth","Melbourne","Perth","Qantas","May-23",209,205,4,139,154,66,51,2023,5
"Melbourne-Sunshine Coast","Melbourne","Sunshine Coast","Qantas","May-23",30,30,0,23,24,7,6,2023,5
"Melbourne-Sydney","Melbourne","Sydney","Qantas","May-23",1000,930,70,683,654,247,276,2023,5
"Mount Isa-Brisbane","Mount Isa","Brisbane","Qantas","May-23",48,48,0,40,44,8,4,2023,5
"Newman-Perth","Newman","Perth","Qantas","May-23",38,37,1,34,27,3,10,2023,5
"Perth-Adelaide","Perth","Adelaide","Qantas","May-23",93,93,0,67,73,26,20,2023,5
"Perth-Brisbane","Perth","Brisbane","Qantas","May-23",150,150,0,118,114,32,36,2023,5
"Perth-Kalgoorlie","Perth","Kalgoorlie","Qantas","May-23",24,23,1,23,23,0,0,2023,5
"Perth-Karratha","Perth","Karratha","Qantas","May-23",21,20,1,20,19,0,1,2023,5
"Perth-Melbourne","Perth","Melbourne","Qantas","May-23",209,206,3,157,147,49,59,2023,5
"Perth-Newman","Perth","Newman","Qantas","May-23",38,37,1,35,36,2,1,2023,5
"Perth-Port Hedland","Perth","Port Hedland","Qantas","May-23",42,41,1,37,38,4,3,2023,5
"Perth-Sydney","Perth","Sydney","Qantas","May-23",222,219,3,169,161,50,58,2023,5
"Port Hedland-Perth","Port Hedland","Perth","Qantas","May-23",42,41,1,32,36,9,5,2023,5
"Sunshine Coast-Melbourne","Sunshine Coast","Melbourne","Qantas","May-23",30,30,0,20,22,10,8,2023,5
"Sunshine Coast-Sydney","Sunshine Coast","Sydney","Qantas","May-23",53,53,0,39,36,14,17,2023,5
"Sydney-Adelaide","Sydney","Adelaide","Qantas","May-23",236,231,5,145,138,86,93,2023,5
"Sydney-Brisbane","Sydney","Brisbane","Qantas","May-23",566,556,10,389,373,167,183,2023,5
"Sydney-Cairns","Sydney","Cairns","Qantas","May-23",39,39,0,23,17,16,22,2023,5
"Sydney-Gold Coast","Sydney","Gold Coast","Qantas","May-23",93,93,0,56,62,37,31,2023,5
"Sydney-Hamilton Island","Sydney","Hamilton Island","Qantas","May-23",31,31,0,19,20,12,11,2023,5
"Sydney-Hobart","Sydney","Hobart","Qantas","May-23",27,27,0,21,22,6,5,2023,5
"Sydney-Melbourne","Sydney","Melbourne","Qantas","May-23",1001,934,67,655,639,279,295,2023,5
"Sydney-Perth","Sydney","Perth","Qantas","May-23",223,221,2,141,157,80,64,2023,5
"Sydney-Sunshine Coast","Sydney","Sunshine Coast","Qantas","May-23",54,54,0,33,36,21,18,2023,5
"Townsville-Brisbane","Townsville","Brisbane","Qantas","May-23",75,75,0,58,61,17,14,2023,5
"Adelaide-Alice Springs","Adelaide","Alice Springs","QantasLink","May-23",54,54,0,47,45,7,9,2023,5
"Adelaide-Brisbane","Adelaide","Brisbane","QantasLink","May-23",186,186,0,125,123,61,63,2023,5
"Adelaide-Canberra","Adelaide","Canberra","QantasLink","May-23",114,111,3,99,94,12,17,2023,5
"Adelaide-Darwin","Adelaide","Darwin","QantasLink","May-23",57,56,1,48,38,8,18,2023,5
"Adelaide-Melbourne","Adelaide","Melbourne","QantasLink","May-23",13,12,1,8,10,4,2,2023,5
"Adelaide-Port Lincoln","Adelaide","Port Lincoln","QantasLink","May-23",143,138,5,115,115,23,23,2023,5
"Albury-Sydney","Albury","Sydney","QantasLink","May-23",98,95,3,67,64,28,31,2023,5
"Alice Springs-Adelaide","Alice Springs","Adelaide","QantasLink","May-23",54,53,1,45,46,8,7,2023,5
"Armidale-Sydney","Armidale","Sydney","QantasLink","May-23",95,87,8,75,76,12,11,2023,5
"Ballina-Sydney","Ballina","Sydney","QantasLink","May-23",82,78,4,62,61,16,17,2023,5
"Brisbane-Adelaide","Brisbane","Adelaide","QantasLink","May-23",186,186,0,115,109,71,77,2023,5
"Brisbane-Cairns","Brisbane","Cairns","QantasLink","May-23",91,91,0,34,41,57,50,2023,5
"Brisbane-Canberra","Brisbane","Canberra","QantasLink","May-23",176,171,5,106,107,65,64,2023,5
"Brisbane-Emerald","Brisbane","Emerald","QantasLink","May-23",119,118,1,98,105,20,13,2023,5
"Brisbane-Gladstone","Brisbane","Gladstone","QantasLink","May-23",145,137,8,108,112,29,25,2023,5
"Brisbane-Hobart","Brisbane","Hobart","QantasLink","May-23",26,26,0,21,20,5,6,2023,5
"Brisbane-Mackay","Brisbane","Mackay","QantasLink","May-23",16,16,0,14,14,2,2,2023,5
"Brisbane-Newcastle","Brisbane","Newcastle","QantasLink","May-23",139,129,10,106,114,23,15,2023,5
"Brisbane-Proserpine","Brisbane","Proserpine","QantasLink","May-23",33,32,1,30,30,2,2,2023,5
"Brisbane-Rockhampton","Brisbane","Rockhampton","QantasLink","May-23",189,185,4,151,153,34,32,2023,5
"Brisbane-Townsville","Brisbane","Townsville","QantasLink","May-23",62,62,0,45,41,17,21,2023,5
"Broome-Perth","Broome","Perth","QantasLink","May-23",73,73,0,46,47,27,26,2023,5
"Cairns-Brisbane","Cairns","Brisbane","QantasLink","May-23",91,91,0,22,33,69,58,2023,5
"Cairns-Townsville","Cairns","Townsville","QantasLink","May-23",156,152,4,140,139,12,13,2023,5
"Canberra-Adelaide","Canberra","Adelaide","QantasLink","May-23",114,110,4,90,91,20,19,2023,5
"Canberra-Brisbane","Canberra","Brisbane","QantasLink","May-23",176,170,6,117,125,53,45,2023,5
"Canberra-Melbourne","Canberra","Melbourne","QantasLink","May-23",293,275,18,199,194,76,81,2023,5
"Canberra-Sydney","Canberra","Sydney","QantasLink","May-23",470,419,51,309,303,110,116,2023,5
"Coffs Harbour-Sydney","Coffs Harbour","Sydney","QantasLink","May-23",110,109,1,88,83,21,26,2023,5
"Darwin-Adelaide","Darwin","Adelaide","QantasLink","May-23",58,57,1,52,56,5,1,2023,5
"Darwin-Perth","Darwin","Perth","QantasLink","May-23",28,28,0,14,16,14,12,2023,5
"Devonport-Melbourne","Devonport","Melbourne","QantasLink","May-23",106,105,1,77,77,28,28,2023,5
"Dubbo-Sydney","Dubbo","Sydney","QantasLink","May-23",109,107,2,80,78,27,29,2023,5
"Emerald-Brisbane","Emerald","Brisbane","QantasLink","May-23",118,117,1,102,98,15,19,2023,5
"Gladstone-Brisbane","Gladstone","Brisbane","QantasLink","May-23",145,135,10,109,114,26,21,2023,5
"Hobart-Brisbane","Hobart","Brisbane","QantasLink","May-23",26,26,0,23,21,3,5,2023,5
"Hobart-Melbourne","Hobart","Melbourne","QantasLink","May-23",58,58,0,37,31,21,27,2023,5
"Hobart-Sydney","Hobart","Sydney","QantasLink","May-23",58,57,1,47,47,10,10,2023,5
"Kalgoorlie-Perth","Kalgoorlie","Perth","QantasLink","May-23",53,53,0,40,36,13,17,2023,5
"Karratha-Perth","Karratha","Perth","QantasLink","May-23",128,127,1,85,102,42,25,2023,5
"Launceston-Melbourne","Launceston","Melbourne","QantasLink","May-23",118,113,5,83,88,30,25,2023,5
"Launceston-Sydney","Launceston","Sydney","QantasLink","May-23",31,31,0,15,23,16,8,2023,5
"Mackay-Brisbane","Mackay","Brisbane","QantasLink","May-23",21,21,0,16,18,5,3,2023,5
"Melbourne-Adelaide","Melbourne","Adelaide","QantasLink","May-23",13,13,0,12,11,1,2,2023,5
"Melbourne-Canberra","Melbourne","Canberra","QantasLink","May-23",293,277,16,203,210,74,67,2023,5
"Melbourne-Devonport","Melbourne","Devonport","QantasLink","May-23",106,105,1,81,82,24,23,2023,5
"Melbourne-Hobart","Melbourne","Hobart","QantasLink","May-23",58,58,0,47,43,11,15,2023,5
"Melbourne-Launceston","Melbourne","Launceston","QantasLink","May-23",118,114,4,89,93,25,21,2023,5
"Melbourne-Mildura","Melbourne","Mildura","QantasLink","May-23",115,113,2,84,90,29,23,2023,5
"Melbourne-Newcastle","Melbourne","Newcastle","QantasLink","May-23",58,57,1,40,37,17,20,2023,5
"Mildura-Melbourne","Mildura","Melbourne","QantasLink","May-23",115,112,3,73,79,39,33,2023,5
"Newcastle-Brisbane","Newcastle","Brisbane","QantasLink","May-23",139,126,13,112,116,14,10,2023,5
"Newcastle-Melbourne","Newcastle","Melbourne","QantasLink","May-23",58,58,0,47,49,11,9,2023,5
"Newman-Perth","Newman","Perth","QantasLink","May-23",82,80,2,61,49,19,31,2023,5
"Perth-Broome","Perth","Broome","QantasLink","May-23",73,73,0,54,60,19,13,2023,5
"Perth-Darwin","Perth","Darwin","QantasLink","May-23",28,28,0,23,22,5,6,2023,5
"Perth-Kalgoorlie","Perth","Kalgoorlie","QantasLink","May-23",53,53,0,44,42,9,11,2023,5
"Perth-Karratha","Perth","Karratha","QantasLink","May-23",129,128,1,96,102,32,26,2023,5
"Perth-Newman","Perth","Newman","QantasLink","May-23",82,81,1,69,67,12,14,2023,5
"Perth-Port Hedland","Perth","Port Hedland","QantasLink","May-23",95,95,0,77,80,18,15,2023,5
"Port Hedland-Perth","Port Hedland","Perth","QantasLink","May-23",95,95,0,66,64,29,31,2023,5
"Port Lincoln-Adelaide","Port Lincoln","Adelaide","QantasLink","May-23",143,138,5,124,121,14,17,2023,5
"Port Macquarie-Sydney","Port Macquarie","Sydney","QantasLink","May-23",106,106,0,83,81,23,25,2023,5
"Proserpine-Brisbane","Proserpine","Brisbane","QantasLink","May-23",33,31,2,23,26,8,5,2023,5
"Rockhampton-Brisbane","Rockhampton","Brisbane","QantasLink","May-23",189,183,6,157,160,26,23,2023,5
"Sydney-Albury","Sydney","Albury","QantasLink","May-23",97,94,3,70,67,24,27,2023,5
"Sydney-Armidale","Sydney","Armidale","QantasLink","May-23",94,86,8,69,80,17,6,2023,5
"Sydney-Ballina","Sydney","Ballina","QantasLink","May-23",81,77,4,65,68,12,9,2023,5
"Sydney-Canberra","Sydney","Canberra","QantasLink","May-23",469,428,41,339,334,89,94,2023,5
"Sydney-Coffs Harbour","Sydney","Coffs Harbour","QantasLink","May-23",110,109,1,69,89,40,20,2023,5
"Sydney-Dubbo","Sydney","Dubbo","QantasLink","May-23",109,107,2,72,86,35,21,2023,5
"Sydney-Hobart","Sydney","Hobart","QantasLink","May-23",58,58,0,44,40,14,18,2023,5
"Sydney-Launceston","Sydney","Launceston","QantasLink","May-23",31,31,0,19,17,12,14,2023,5
"Sydney-Port Macquarie","Sydney","Port Macquarie","QantasLink","May-23",106,106,0,74,83,32,23,2023,5
"Sydney-Wagga Wagga","Sydney","Wagga Wagga","QantasLink","May-23",103,103,0,79,83,24,20,2023,5
"Townsville-Brisbane","Townsville","Brisbane","QantasLink","May-23",62,62,0,39,36,23,26,2023,5
"Townsville-Cairns","Townsville","Cairns","QantasLink","May-23",156,151,5,138,138,13,13,2023,5
"Wagga Wagga-Sydney","Wagga Wagga","Sydney","QantasLink","May-23",103,102,1,76,81,26,21,2023,5
"Adelaide-Melbourne","Adelaide","Melbourne","Rex Airlines","May-23",58,58,0,43,44,15,14,2023,5
"Adelaide-Port Lincoln","Adelaide","Port Lincoln","Rex Airlines","May-23",165,153,12,100,95,53,58,2023,5
"Albury-Sydney","Albury","Sydney","Rex Airlines","May-23",110,109,1,81,77,28,32,2023,5
"Armidale-Sydney","Armidale","Sydney","Rex Airlines","May-23",67,66,1,52,44,14,22,2023,5
"Brisbane-Melbourne","Brisbane","Melbourne","Rex Airlines","May-23",54,54,0,44,44,10,10,2023,5
"Brisbane-Sydney","Brisbane","Sydney","Rex Airlines","May-23",147,146,1,121,116,25,30,2023,5
"Cairns-Townsville","Cairns","Townsville","Rex Airlines","May-23",13,12,1,10,10,2,2,2023,5
"Canberra-Melbourne","Canberra","Melbourne","Rex Airlines","May-23",31,31,0,27,25,4,6,2023,5
"Coffs Harbour-Sydney","Coffs Harbour","Sydney","Rex Airlines","May-23",117,116,1,89,81,27,35,2023,5
"Devonport-Melbourne","Devonport","Melbourne","Rex Airlines","May-23",53,50,3,38,37,12,13,2023,5
"Dubbo-Sydney","Dubbo","Sydney","Rex Airlines","May-23",133,133,0,104,97,29,36,2023,5
"Gold Coast-Melbourne","Gold Coast","Melbourne","Rex Airlines","May-23",31,31,0,27,25,4,6,2023,5
"Gold Coast-Sydney","Gold Coast","Sydney","Rex Airlines","May-23",31,31,0,26,27,5,4,2023,5
"Melbourne-Adelaide","Melbourne","Adelaide","Rex Airlines","May-23",58,58,0,43,43,15,15,2023,5
"Melbourne-Brisbane","Melbourne","Brisbane","Rex Airlines","May-23",54,54,0,47,47,7,7,2023,5
"Melbourne-Canberra","Melbourne","Canberra","Rex Airlines","May-23",31,31,0,28,26,3,5,2023,5
"Melbourne-Devonport","Melbourne","Devonport","Rex Airlines","May-23",54,51,3,40,40,11,11,2023,5
"Melbourne-Gold Coast","Melbourne","Gold Coast","Rex Airlines","May-23",31,31,0,28,27,3,4,2023,5
"Melbourne-Mildura","Melbourne","Mildura","Rex Airlines","May-23",112,110,2,91,90,19,20,2023,5
"Melbourne-Sydney","Melbourne","Sydney","Rex Airlines","May-23",149,145,4,127,127,18,18,2023,5
"Mildura-Melbourne","Mildura","Melbourne","Rex Airlines","May-23",112,110,2,92,84,18,26,2023,5
"Port Lincoln-Adelaide","Port Lincoln","Adelaide","Rex Airlines","May-23",167,154,13,105,101,49,53,2023,5
"Port Macquarie-Sydney","Port Macquarie","Sydney","Rex Airlines","May-23",105,97,8,81,67,16,30,2023,5
"Sydney-Albury","Sydney","Albury","Rex Airlines","May-23",109,109,0,82,79,27,30,2023,5
"Sydney-Armidale","Sydney","Armidale","Rex Airlines","May-23",65,65,0,54,54,11,11,2023,5
"Sydney-Brisbane","Sydney","Brisbane","Rex Airlines","May-23",147,146,1,128,126,18,20,2023,5
"Sydney-Coffs Harbour","Sydney","Coffs Harbour","Rex Airlines","May-23",118,117,1,89,97,28,20,2023,5
"Sydney-Dubbo","Sydney","Dubbo","Rex Airlines","May-23",137,137,0,101,106,36,31,2023,5
"Sydney-Gold Coast","Sydney","Gold Coast","Rex Airlines","May-23",31,31,0,28,27,3,4,2023,5
"Sydney-Melbourne","Sydney","Melbourne","Rex Airlines","May-23",149,145,4,124,109,21,36,2023,5
"Sydney-Port Macquarie","Sydney","Port Macquarie","Rex Airlines","May-23",104,96,8,73,79,23,17,2023,5
"Sydney-Wagga Wagga","Sydney","Wagga Wagga","Rex Airlines","May-23",96,96,0,73,71,23,25,2023,5
"Townsville-Cairns","Townsville","Cairns","Rex Airlines","May-23",13,12,1,12,12,0,0,2023,5
"Wagga Wagga-Sydney","Wagga Wagga","Sydney","Rex Airlines","May-23",94,94,0,67,65,27,29,2023,5
"Adelaide-Alice Springs","Adelaide","Alice Springs","Virgin Australia","May-23",14,14,0,9,8,5,6,2023,5
"Adelaide-Brisbane","Adelaide","Brisbane","Virgin Australia","May-23",145,137,8,108,101,29,36,2023,5
"Adelaide-Canberra","Adelaide","Canberra","Virgin Australia","May-23",27,27,0,24,24,3,3,2023,5
"Adelaide-Darwin","Adelaide","Darwin","Virgin Australia","May-23",14,14,0,12,12,2,2,2023,5
"Adelaide-Gold Coast","Adelaide","Gold Coast","Virgin Australia","May-23",31,31,0,28,29,3,2,2023,5
"Adelaide-Melbourne","Adelaide","Melbourne","Virgin Australia","May-23",262,259,3,177,180,82,79,2023,5
"Adelaide-Perth","Adelaide","Perth","Virgin Australia","May-23",11,11,0,5,9,6,2,2023,5
"Adelaide-Sydney","Adelaide","Sydney","Virgin Australia","May-23",202,191,11,140,131,51,60,2023,5
"Alice Springs-Adelaide","Alice Springs","Adelaide","Virgin Australia","May-23",14,14,0,2,7,12,7,2023,5
"Ballina-Sydney","Ballina","Sydney","Virgin Australia","May-23",48,48,0,29,27,19,21,2023,5
"Brisbane-Adelaide","Brisbane","Adelaide","Virgin Australia","May-23",145,136,9,106,111,30,25,2023,5
"Brisbane-Cairns","Brisbane","Cairns","Virgin Australia","May-23",143,143,0,113,97,30,46,2023,5
"Brisbane-Canberra","Brisbane","Canberra","Virgin Australia","May-23",115,112,3,90,93,22,19,2023,5
"Brisbane-Darwin","Brisbane","Darwin","Virgin Australia","May-23",32,31,1,22,22,9,9,2023,5
"Brisbane-Emerald","Brisbane","Emerald","Virgin Australia","May-23",27,27,0,17,17,10,10,2023,5
"Brisbane-Gladstone","Brisbane","Gladstone","Virgin Australia","May-23",54,53,1,37,38,16,15,2023,5
"Brisbane-Hamilton Island","Brisbane","Hamilton Island","Virgin Australia","May-23",31,31,0,23,23,8,8,2023,5
"Brisbane-Hobart","Brisbane","Hobart","Virgin Australia","May-23",39,39,0,32,32,7,7,2023,5
"Brisbane-Launceston","Brisbane","Launceston","Virgin Australia","May-23",13,13,0,12,12,1,1,2023,5
"Brisbane-Mackay","Brisbane","Mackay","Virgin Australia","May-23",143,141,2,96,91,45,50,2023,5
"Brisbane-Melbourne","Brisbane","Melbourne","Virgin Australia","May-23",423,410,13,329,309,81,101,2023,5
"Brisbane-Mount Isa","Brisbane","Mount Isa","Virgin Australia","May-23",14,14,0,12,9,2,5,2023,5
"Brisbane-Newcastle","Brisbane","Newcastle","Virgin Australia","May-23",85,85,0,61,61,24,24,2023,5
"Brisbane-Perth","Brisbane","Perth","Virgin Australia","May-23",115,114,1,80,107,34,7,2023,5
"Brisbane-Proserpine","Brisbane","Proserpine","Virgin Australia","May-23",31,31,0,23,24,8,7,2023,5
"Brisbane-Rockhampton","Brisbane","Rockhampton","Virgin Australia","May-23",143,142,1,94,74,48,68,2023,5
"Brisbane-Sydney","Brisbane","Sydney","Virgin Australia","May-23",498,471,27,382,364,89,107,2023,5
"Brisbane-Townsville","Brisbane","Townsville","Virgin Australia","May-23",143,143,0,108,80,35,63,2023,5
"Broome-Perth","Broome","Perth","Virgin Australia","May-23",39,39,0,26,29,13,10,2023,5
"Cairns-Brisbane","Cairns","Brisbane","Virgin Australia","May-23",143,143,0,94,116,49,27,2023,5
"Cairns-Melbourne","Cairns","Melbourne","Virgin Australia","May-23",52,52,0,22,20,30,32,2023,5
"Cairns-Sydney","Cairns","Sydney","Virgin Australia","May-23",75,74,1,60,58,14,16,2023,5
"Canberra-Adelaide","Canberra","Adelaide","Virgin Australia","May-23",27,27,0,22,24,5,3,2023,5
"Canberra-Brisbane","Canberra","Brisbane","Virgin Australia","May-23",115,112,3,90,92,22,20,2023,5
"Canberra-Gold Coast","Canberra","Gold Coast","Virgin Australia","May-23",31,31,0,25,26,6,5,2023,5
"Canberra-Melbourne","Canberra","Melbourne","Virgin Australia","May-23",143,143,0,99,94,44,49,2023,5
"Canberra-Sydney","Canberra","Sydney","Virgin Australia","May-23",262,249,13,184,191,65,58,2023,5
"Darwin-Adelaide","Darwin","Adelaide","virgin Australia","May-23",13,13,0,11,13,2,0,2023,5
"Darwin-Brisbane","Darwin","Brisbane","Virgin Australia","May-23",32,31,1,16,23,15,8,2023,5
"Darwin-Melbourne","Darwin","Melbourne","Virgin Australia","May-23",31,31,0,16,19,15,12,2023,5
"Darwin-Perth","Darwin","Perth","Virgin Australia","May-23",9,9,0,8,8,1,1,2023,5
"Emerald-Brisbane","Emerald","Brisbane","Virgin Australia","May-23",27,27,0,20,21,7,6,2023,5
"Gladstone-Brisbane","Gladstone","Brisbane","Virgin Australia","May-23",54,53,1,38,36,15,17,2023,5
"Gold Coast-Adelaide","Gold Coast","Adelaide","Virgin Australia","May-23",31,31,0,25,24,6,7,2023,5
"Gold Coast-Canberra","Gold Coast","Canberra","Virgin Australia","May-23",31,31,0,27,26,4,5,2023,5
"Gold Coast-Melbourne","Gold Coast","Melbourne","Virgin Australia","May-23",240,238,2,161,179,77,59,2023,5
"Gold Coast-Sydney","Gold Coast","Sydney","Virgin Australia","May-23",286,283,3,209,213,74,70,2023,5
"Hamilton Island-Brisbane","Hamilton Island","Brisbane","Virgin Australia","May-23",31,31,0,20,25,11,6,2023,5
"Hamilton Island-Sydney","Hamilton Island","Sydney","Virgin Australia","May-23",18,18,0,9,10,9,8,2023,5
"Hobart-Brisbane","Hobart","Brisbane","Virgin Australia","May-23",39,39,0,29,27,10,12,2023,5
"Hobart-Melbourne","Hobart","Melbourne","Virgin Australia","May-23",137,135,2,104,83,31,52,2023,5
"Hobart-Sydney","Hobart","Sydney","Virgin Australia","May-23",70,68,2,56,53,12,15,2023,5
"Kalgoorlie-Perth","Kalgoorlie","Perth","Virgin Australia","May-23",49,47,2,33,37,14,10,2023,5
"Karratha-Perth","Karratha","Perth","Virgin Australia","May-23",31,31,0,22,23,9,8,2023,5
"Launceston-Brisbane","Launceston","Brisbane","Virgin Australia","May-23",12,12,0,8,9,4,3,2023,5
"Launceston-Melbourne","Launceston","Melbourne","Virgin Australia","May-23",90,90,0,68,61,22,29,2023,5
"Launceston-Sydney","Launceston","Sydney","Virgin Australia","May-23",23,23,0,16,15,7,8,2023,5
"Mackay-Brisbane","Mackay","Brisbane","Virgin Australia","May-23",143,142,1,88,106,54,36,2023,5
"Melbourne-Adelaide","Melbourne","Adelaide","Virgin Australia","May-23",261,259,2,189,188,70,71,2023,5
"Melbourne-Brisbane","Melbourne","Brisbane","Virgin Australia","May-23",428,413,15,336,326,77,87,2023,5
"Melbourne-Cairns","Melbourne","Cairns","Virgin Australia","May-23",52,52,0,38,39,14,13,2023,5
"Melbourne-Canberra","Melbourne","Canberra","Virgin Australia","May-23",143,143,0,113,110,30,33,2023,5
"Melbourne-Darwin","Melbourne","Darwin","Virgin Australia","May-23",31,31,0,21,19,10,12,2023,5
"Melbourne-Gold Coast","Melbourne","Gold Coast","Virgin Australia","May-23",240,238,2,178,193,60,45,2023,5
"Melbourne-Hobart","Melbourne","Hobart","Virgin Australia","May-23",137,135,2,106,95,29,40,2023,5
"Melbourne-Launceston","Melbourne","Launceston","Virgin Australia","May-23",89,89,0,69,59,20,30,2023,5
"Melbourne-Newcastle","Melbourne","Newcastle","Virgin Australia","May-23",40,40,0,32,30,8,10,2023,5
"Melbourne-Perth","Melbourne","Perth","Virgin Australia","May-23",189,186,3,115,153,71,33,2023,5
"Melbourne-Sunshine Coast","Melbourne","Sunshine Coast","Virgin Australia","May-23",70,70,0,58,58,12,12,2023,5
"Melbourne-Sydney","Melbourne","Sydney","Virgin Australia","May-23",823,747,76,607,552,140,195,2023,5
"Mount Isa-Brisbane","Mount Isa","Brisbane","Virgin Australia","May-23",14,14,0,11,11,3,3,2023,5
"Newcastle-Brisbane","Newcastle","Brisbane","Virgin Australia","May-23",85,85,0,59,61,26,24,2023,5
"Newcastle-Melbourne","Newcastle","Melbourne","Virgin Australia","May-23",40,40,0,25,22,15,18,2023,5
"Newman-Perth","Newman","Perth","Virgin Australia","May-23",35,35,0,24,22,11,13,2023,5
"Perth-Adelaide","Perth","Adelaide","Virgin Australia","May-23",11,11,0,9,7,2,4,2023,5
"Perth-Brisbane","Perth","Brisbane","Virgin Australia","May-23",114,113,1,82,91,31,22,2023,5
"Perth-Broome","Perth","Broome","Virgin Australia","May-23",39,39,0,27,27,12,12,2023,5
"Perth-Darwin","Perth","Darwin","Virgin Australia","May-23",9,9,0,6,7,3,2,2023,5
"Perth-Kalgoorlie","Perth","Kalgoorlie","Virgin Australia","May-23",49,48,1,39,37,9,11,2023,5
"Perth-Karratha","Perth","Karratha","Virgin Australia","May-23",31,31,0,25,23,6,8,2023,5
"Perth-Melbourne","Perth","Melbourne","Virgin Australia","May-23",195,191,4,156,139,35,52,2023,5
"Perth-Newman","Perth","Newman","Virgin Australia","May-23",35,35,0,29,28,6,7,2023,5
"Perth-Port Hedland","Perth","Port Hedland","Virgin Australia","May-23",21,20,1,14,12,6,8,2023,5
"Perth-Sydney","Perth","Sydney","Virgin Australia","May-23",140,135,5,100,113,35,22,2023,5
"Port Hedland-Perth","Port Hedland","Perth","Virgin Australia","May-23",21,20,1,10,12,10,8,2023,5
"Proserpine-Brisbane","Proserpine","Brisbane","Virgin Australia","May-23",31,31,0,16,17,15,14,2023,5
"Rockhampton-Brisbane","Rockhampton","Brisbane","Virgin Australia","May-23",143,142,1,86,81,56,61,2023,5
"Sunshine Coast-Melbourne","Sunshine Coast","Melbourne","Virgin Australia","May-23",70,70,0,56,51,14,19,2023,5
"Sunshine Coast-Sydney","Sunshine Coast","Sydney","Virgin Australia","May-23",62,61,1,43,28,18,33,2023,5
"Sydney-Adelaide","Sydney","Adelaide","Virgin Australia","May-23",203,193,10,152,144,41,49,2023,5
"Sydney-Ballina","Sydney","Ballina","Virgin Australia","May-23",48,48,0,39,37,9,11,2023,5
"Sydney-Brisbane","Sydney","Brisbane","Virgin Australia","May-23",494,470,24,387,371,83,99,2023,5
"Sydney-Cairns","Sydney","Cairns","Virgin Australia","May-23",75,74,1,63,67,11,7,2023,5
"Sydney-Canberra","Sydney","Canberra","Virgin Australia","May-23",262,246,16,191,199,55,47,2023,5
"Sydney-Gold Coast","Sydney","Gold Coast","Virgin Australia","May-23",287,284,3,216,210,68,74,2023,5
"Sydney-Hamilton Island","Sydney","Hamilton Island","Virgin Australia","May-23",17,17,0,13,12,4,5,2023,5
"Sydney-Hobart","Sydney","Hobart","Virgin Australia","May-23",70,69,1,59,57,10,12,2023,5
"Sydney-Launceston","Sydney","Launceston","Virgin Australia","May-23",23,23,0,18,19,5,4,2023,5
"Sydney-Melbourne","Sydney","Melbourne","Virgin Australia","May-23",817,739,78,584,581,155,158,2023,5
"Sydney-Perth","Sydney","Perth","Virgin Australia","May-23",149,143,6,101,118,42,25,2023,5
"Sydney-Sunshine Coast","Sydney","Sunshine Coast","Virgin Australia","May-23",62,61,1,46,42,15,19,2023,5
"Townsville-Brisbane","Townsville","Brisbane","Virgin Australia","May-23",143,143,0,79,88,64,55,2023,5
"Adelaide-Perth","Adelaide","Perth","Virgin Australia Regional Airlines","May-23",47,45,2,16,25,29,20,2023,5
"Broome-Perth","Broome","Perth","Virgin Australia Regional Airlines","May-23",15,13,2,3,7,10,6,2023,5
"Darwin-Perth","Darwin","Perth","Virgin Australia Regional Airlines","May-23",13,13,0,12,13,1,0,2023,5
"Kalgoorlie-Perth","Kalgoorlie","Perth","Virgin Australia Regional Airlines","May-23",34,32,2,27,27,5,5,2023,5
"Karratha-Perth","Karratha","Perth","Virgin Australia Regional Airlines","May-23",23,23,0,13,14,10,9,2023,5
"Newman-Perth","Newman","Perth","Virgin Australia Regional Airlines","May-23",26,25,1,22,21,3,4,2023,5
"Perth-Adelaide","Perth","Adelaide","Virgin Australia Regional Airlines","May-23",47,45,2,33,23,12,22,2023,5
"Perth-Broome","Perth","Broome","Virgin Australia Regional Airlines","May-23",15,13,2,7,8,6,5,2023,5
"Perth-Darwin","Perth","Darwin","Virgin Australia Regional Airlines","May-23",13,13,0,10,13,3,0,2023,5
"Perth-Kalgoorlie","Perth","Kalgoorlie","Virgin Australia Regional Airlines","May-23",33,31,2,28,27,3,4,2023,5
"Perth-Karratha","Perth","Karratha","Virgin Australia Regional Airlines","May-23",23,23,0,14,14,9,9,2023,5
"Perth-Newman","Perth","Newman","Virgin Australia Regional Airlines","May-23",25,25,0,21,22,4,3,2023,5
"Perth-Port Hedland","Perth","Port Hedland","Virgin Australia Regional Airlines","May-23",33,33,0,25,26,8,7,2023,5
"Port Hedland-Perth","Port Hedland","Perth","Virgin Australia Regional Airlines","May-23",33,33,0,14,17,19,16,2023,5
"Adelaide-Alice Springs","Adelaide","Alice Springs","All Airlines","May-23",68,68,0,56,53,12,15,2023,5
"Adelaide-Brisbane","Adelaide","Brisbane","All Airlines","May-23",363,352,11,245,238,107,114,2023,5
"Adelaide-Canberra","Adelaide","Canberra","All Airlines","May-23",141,138,3,123,118,15,20,2023,5
"Adelaide-Darwin","Adelaide","Darwin","All Airlines","May-23",97,96,1,75,64,21,32,2023,5
"Adelaide-Gold Coast","Adelaide","Gold Coast","All Airlines","May-23",58,58,0,51,49,7,9,2023,5
"Adelaide-Melbourne","Adelaide","Melbourne","All Airlines","May-23",726,714,12,475,480,239,234,2023,5
"Adelaide-Perth","Adelaide","Perth","All Airlines","May-23",177,175,2,108,126,67,49,2023,5
"Adelaide-Port Lincoln","Adelaide","Port Lincoln","All Airlines","May-23",308,291,17,215,210,76,81,2023,5
"Adelaide-Sydney","Adelaide","Sydney","All Airlines","May-23",549,525,24,364,346,161,179,2023,5
"Albury-Sydney","Albury","Sydney","All Airlines","May-23",208,204,4,148,141,56,63,2023,5
"Alice Springs-Adelaide","Alice Springs","Adelaide","All Airlines","May-23",68,67,1,47,53,20,14,2023,5
"Armidale-Sydney","Armidale","Sydney","All Airlines","May-23",162,153,9,127,120,26,33,2023,5
"Ballina-Sydney","Ballina","Sydney","All Airlines","May-23",192,188,4,123,122,65,66,2023,5
"Brisbane-Adelaide","Brisbane","Adelaide","All Airlines","May-23",363,351,12,235,240,116,111,2023,5
"Brisbane-Cairns","Brisbane","Cairns","All Airlines","May-23",383,382,1,247,232,135,150,2023,5
"Brisbane-Canberra","Brisbane","Canberra","All Airlines","May-23",322,312,10,206,210,106,102,2023,5
"Brisbane-Darwin","Brisbane","Darwin","All Airlines","May-23",55,53,2,37,37,16,16,2023,5
"Brisbane-Emerald","Brisbane","Emerald","All Airlines","May-23",146,145,1,115,122,30,23,2023,5
"Brisbane-Gladstone","Brisbane","Gladstone","All Airlines","May-23",199,190,9,145,150,45,40,2023,5
"Brisbane-Hamilton Island","Brisbane","Hamilton Island","All Airlines","May-23",53,53,0,37,34,16,19,2023,5
"Brisbane-Hobart","Brisbane","Hobart","All Airlines","May-23",82,82,0,68,68,14,14,2023,5
"Brisbane-Launceston","Brisbane","Launceston","All Airlines","May-23",31,31,0,17,17,14,14,2023,5
"Brisbane-Mackay","Brisbane","Mackay","All Airlines","May-23",282,278,4,182,176,96,102,2023,5
"Brisbane-Melbourne","Brisbane","Melbourne","All Airlines","May-23",1025,992,33,758,746,234,246,2023,5
"Brisbane-Mount Isa","Brisbane","Mount Isa","All Airlines","May-23",62,62,0,54,53,8,9,2023,5
"Brisbane-Newcastle","Brisbane","Newcastle","All Airlines","May-23",286,276,10,210,213,66,63,2023,5
"Brisbane-Perth","Brisbane","Perth","All Airlines","May-23",287,286,1,213,259,73,27,2023,5
"Brisbane-Proserpine","Brisbane","Proserpine","All Airlines","May-23",95,94,1,73,73,21,21,2023,5
"Brisbane-Rockhampton","Brisbane","Rockhampton","All Airlines","May-23",332,327,5,245,227,82,100,2023,5
"Brisbane-Sydney","Brisbane","Sydney","All Airlines","May-23",1358,1300,58,1052,1014,248,286,2023,5
"Brisbane-Townsville","Brisbane","Townsville","All Airlines","May-23",330,330,0,239,204,91,126,2023,5
"Broome-Perth","Broome","Perth","All Airlines","May-23",127,125,2,75,83,50,42,2023,5
"Cairns-Brisbane","Cairns","Brisbane","All Airlines","May-23",383,382,1,222,264,160,118,2023,5
"Cairns-Melbourne","Cairns","Melbourne","All Airlines","May-23",162,160,2,84,84,76,76,2023,5
"Cairns-Sydney","Cairns","Sydney","All Airlines","May-23",184,179,5,110,117,69,62,2023,5
"Cairns-Townsville","Cairns","Townsville","All Airlines","May-23",169,164,5,150,149,14,15,2023,5
"Canberra-Adelaide","Canberra","Adelaide","All Airlines","May-23",141,137,4,112,115,25,22,2023,5
"Canberra-Brisbane","Canberra","Brisbane","All Airlines","May-23",322,311,11,216,230,95,81,2023,5
"Canberra-Gold Coast","Canberra","Gold Coast","All Airlines","May-23",49,49,0,32,38,17,11,2023,5
"Canberra-Melbourne","Canberra","Melbourne","All Airlines","May-23",498,478,20,338,327,140,151,2023,5
"Canberra-Sydney","Canberra","Sydney","All Airlines","May-23",732,668,64,493,494,175,174,2023,5
"Coffs Harbour-Sydney","Coffs Harbour","Sydney","All Airlines","May-23",227,225,2,177,164,48,61,2023,5
"Darwin-Adelaide","Darwin","Adelaide","All Airlines","May-23",98,97,1,76,85,21,12,2023,5
"Darwin-Brisbane","Darwin","Brisbane","All Airlines","May-23",54,52,2,29,38,23,14,2023,5
"Darwin-Melbourne","Darwin","Melbourne","All Airlines","May-23",84,84,0,45,55,39,29,2023,5
"Darwin-Perth","Darwin","Perth","All Airlines","May-23",50,50,0,34,37,16,13,2023,5
"Devonport-Melbourne","Devonport","Melbourne","All Airlines","May-23",159,155,4,115,114,40,41,2023,5
"Dubbo-Sydney","Dubbo","Sydney","All Airlines","May-23",242,240,2,184,175,56,65,2023,5
"Emerald-Brisbane","Emerald","Brisbane","All Airlines","May-23",145,144,1,122,119,22,25,2023,5
"Gladstone-Brisbane","Gladstone","Brisbane","All Airlines","May-23",199,188,11,147,150,41,38,2023,5
"Gold Coast-Adelaide","Gold Coast","Adelaide","All Airlines","May-23",58,58,0,48,47,10,11,2023,5
"Gold Coast-Canberra","Gold Coast","Canberra","All Airlines","May-23",48,48,0,39,39,9,9,2023,5
"Gold Coast-Melbourne","Gold Coast","Melbourne","All Airlines","May-23",485,472,13,316,334,156,138,2023,5
"Gold Coast-Sydney","Gold Coast","Sydney","All Airlines","May-23",651,637,14,477,479,160,158,2023,5
"Hamilton Island-Brisbane","Hamilton Island","Brisbane","All Airlines","May-23",53,53,0,31,38,22,15,2023,5
"Hamilton Island-Sydney","Hamilton Island","Sydney","All Airlines","May-23",66,66,0,34,39,32,27,2023,5
"Hobart-Brisbane","Hobart","Brisbane","All Airlines","May-23",82,82,0,67,60,15,22,2023,5
"Hobart-Melbourne","Hobart","Melbourne","All Airlines","May-23",369,364,5,254,230,110,134,2023,5
"Hobart-Sydney","Hobart","Sydney","All Airlines","May-23",217,213,4,155,154,58,59,2023,5
"Kalgoorlie-Perth","Kalgoorlie","Perth","All Airlines","May-23",160,155,5,118,119,37,36,2023,5
"Karratha-Perth","Karratha","Perth","All Airlines","May-23",203,200,3,135,156,65,44,2023,5
"Launceston-Brisbane","Launceston","Brisbane","All Airlines","May-23",30,29,1,11,11,18,18,2023,5
"Launceston-Melbourne","Launceston","Melbourne","All Airlines","May-23",292,286,6,193,198,93,88,2023,5
"Launceston-Sydney","Launceston","Sydney","All Airlines","May-23",80,80,0,45,54,35,26,2023,5
"Mackay-Brisbane","Mackay","Brisbane","All Airlines","May-23",287,282,5,174,198,108,84,2023,5
"Melbourne-Adelaide","Melbourne","Adelaide","All Airlines","May-23",726,718,8,513,518,205,200,2023,5
"Melbourne-Brisbane","Melbourne","Brisbane","All Airlines","May-23",1029,993,36,740,725,253,268,2023,5
"Melbourne-Cairns","Melbourne","Cairns","All Airlines","May-23",162,161,1,108,116,53,45,2023,5
"Melbourne-Canberra","Melbourne","Canberra","All Airlines","May-23",498,480,18,360,363,120,117,2023,5
"Melbourne-Darwin","Melbourne","Darwin","All Airlines","May-23",84,83,1,46,47,37,36,2023,5
"Melbourne-Devonport","Melbourne","Devonport","All Airlines","May-23",160,156,4,121,122,35,34,2023,5
"Melbourne-Gold Coast","Melbourne","Gold Coast","All Airlines","May-23",485,474,11,331,356,143,118,2023,5
"Melbourne-Hobart","Melbourne","Hobart","All Airlines","May-23",369,364,5,252,239,112,125,2023,5
"Melbourne-Launceston","Melbourne","Launceston","All Airlines","May-23",291,286,5,211,205,75,81,2023,5
"Melbourne-Mildura","Melbourne","Mildura","All Airlines","May-23",227,223,4,175,180,48,43,2023,5
"Melbourne-Newcastle","Melbourne","Newcastle","All Airlines","May-23",142,141,1,103,101,38,40,2023,5
"Melbourne-Perth","Melbourne","Perth","All Airlines","May-23",460,448,12,293,352,155,96,2023,5
"Melbourne-Sunshine Coast","Melbourne","Sunshine Coast","All Airlines","May-23",162,162,0,115,115,47,47,2023,5
"Melbourne-Sydney","Melbourne","Sydney","All Airlines","May-23",2336,2153,183,1620,1559,533,594,2023,5
"Mildura-Melbourne","Mildura","Melbourne","All Airlines","May-23",227,222,5,165,163,57,59,2023,5
"Mount Isa-Brisbane","Mount Isa","Brisbane","All Airlines","May-23",62,62,0,51,55,11,7,2023,5
"Newcastle-Brisbane","Newcastle","Brisbane","All Airlines","May-23",287,273,14,211,216,62,57,2023,5
"Newcastle-Melbourne","Newcastle","Melbourne","All Airlines","May-23",142,142,0,102,104,40,38,2023,5
"Newman-Perth","Newman","Perth","All Airlines","May-23",181,177,4,141,119,36,58,2023,5
"Perth-Adelaide","Perth","Adelaide","All Airlines","May-23",177,175,2,124,118,51,57,2023,5
"Perth-Brisbane","Perth","Brisbane","All Airlines","May-23",286,285,1,212,219,73,66,2023,5
"Perth-Broome","Perth","Broome","All Airlines","May-23",127,125,2,88,95,37,30,2023,5
"Perth-Darwin","Perth","Darwin","All Airlines","May-23",50,50,0,39,42,11,8,2023,5
"Perth-Kalgoorlie","Perth","Kalgoorlie","All Airlines","May-23",159,155,4,134,129,21,26,2023,5
"Perth-Karratha","Perth","Karratha","All Airlines","May-23",204,202,2,155,158,47,44,2023,5
"Perth-Melbourne","Perth","Melbourne","All Airlines","May-23",467,454,13,344,317,110,137,2023,5
"Perth-Newman","Perth","Newman","All Airlines","May-23",180,178,2,154,153,24,25,2023,5
"Perth-Port Hedland","Perth","Port Hedland","All Airlines","May-23",191,189,2,153,156,36,33,2023,5
"Perth-Sydney","Perth","Sydney","All Airlines","May-23",405,394,11,290,294,104,100,2023,5
"Port Hedland-Perth","Port Hedland","Perth","All Airlines","May-23",191,189,2,122,129,67,60,2023,5
"Port Lincoln-Adelaide","Port Lincoln","Adelaide","All Airlines","May-23",310,292,18,229,222,63,70,2023,5
"Port Macquarie-Sydney","Port Macquarie","Sydney","All Airlines","May-23",211,203,8,164,148,39,55,2023,5
"Proserpine-Brisbane","Proserpine","Brisbane","All Airlines","May-23",95,93,2,52,57,41,36,2023,5
"Rockhampton-Brisbane","Rockhampton","Brisbane","All Airlines","May-23",332,325,7,243,241,82,84,2023,5
"Sunshine Coast-Melbourne","Sunshine Coast","Melbourne","All Airlines","May-23",162,162,0,108,100,54,62,2023,5
"Sunshine Coast-Sydney","Sunshine Coast","Sydney","All Airlines","May-23",194,189,5,134,108,55,81,2023,5
"Sydney-Adelaide","Sydney","Adelaide","All Airlines","May-23",550,526,24,351,343,175,183,2023,5
"Sydney-Albury","Sydney","Albury","All Airlines","May-23",206,203,3,152,146,51,57,2023,5
"Sydney-Armidale","Sydney","Armidale","All Airlines","May-23",159,151,8,123,134,28,17,2023,5
"Sydney-Ballina","Sydney","Ballina","All Airlines","May-23",191,187,4,144,144,43,43,2023,5
"Sydney-Brisbane","Sydney","Brisbane","All Airlines","May-23",1353,1302,51,983,949,319,353,2023,5
"Sydney-Cairns","Sydney","Cairns","All Airlines","May-23",184,179,5,129,127,50,52,2023,5
"Sydney-Canberra","Sydney","Canberra","All Airlines","May-23",731,674,57,530,533,144,141,2023,5
"Sydney-Coffs Harbour","Sydney","Coffs Harbour","All Airlines","May-23",228,226,2,158,186,68,40,2023,5
"Sydney-Dubbo","Sydney","Dubbo","All Airlines","May-23",246,244,2,173,192,71,52,2023,5
"Sydney-Gold Coast","Sydney","Gold Coast","All Airlines","May-23",651,637,14,477,472,160,165,2023,5
"Sydney-Hamilton Island","Sydney","Hamilton Island","All Airlines","May-23",66,66,0,41,40,25,26,2023,5
"Sydney-Hobart","Sydney","Hobart","All Airlines","May-23",217,215,2,155,152,60,63,2023,5
"Sydney-Launceston","Sydney","Launceston","All Airlines","May-23",80,80,0,58,58,22,22,2023,5
"Sydney-Melbourne","Sydney","Melbourne","All Airlines","May-23",2331,2151,180,1586,1557,565,594,2023,5
"Sydney-Perth","Sydney","Perth","All Airlines","May-23",415,406,9,265,304,141,102,2023,5
"Sydney-Port Macquarie","Sydney","Port Macquarie","All Airlines","May-23",210,202,8,147,162,55,40,2023,5
"Sydney-Sunshine Coast","Sydney","Sunshine Coast","All Airlines","May-23",195,192,3,139,138,53,54,2023,5
"Sydney-Wagga Wagga","Sydney","Wagga Wagga","All Airlines","May-23",199,199,0,152,154,47,45,2023,5
"Townsville-Brisbane","Townsville","Brisbane","All Airlines","May-23",330,329,1,208,221,121,108,2023,5
"Townsville-Cairns","Townsville","Cairns","All Airlines","May-23",169,163,6,150,150,13,13,2023,5
"Wagga Wagga-Sydney","Wagga Wagga","Sydney","All Airlines","May-23",197,196,1,143,146,53,50,2023,5
"Adelaide-Brisbane","Adelaide","Brisbane","Jetstar","Jun-23",30,30,0,18,19,12,11,2023,6
"Adelaide-Darwin","Adelaide","Darwin","Jetstar","Jun-23",26,26,0,21,14,5,12,2023,6
"Adelaide-Gold Coast","Adelaide","Gold Coast","Jetstar","Jun-23",25,23,2,21,21,2,2,2023,6
"Adelaide-Melbourne","Adelaide","Melbourne","Jetstar","Jun-23",92,88,4,45,52,43,36,2023,6
"Adelaide-Perth","Adelaide","Perth","Jetstar","Jun-23",26,25,1,21,19,4,6,2023,6
"Adelaide-Sydney","Adelaide","Sydney","Jetstar","Jun-23",113,106,7,76,81,30,25,2023,6
"Ballina-Sydney","Ballina","Sydney","Jetstar","Jun-23",61,60,1,34,37,26,23,2023,6
"Brisbane-Adelaide","Brisbane","Adelaide","Jetstar","Jun-23",30,30,0,18,19,12,11,2023,6
"Brisbane-Cairns","Brisbane","Cairns","Jetstar","Jun-23",76,75,1,52,47,23,28,2023,6
"Brisbane-Canberra","Brisbane","Canberra","Jetstar","Jun-23",30,30,0,18,18,12,12,2023,6
"Brisbane-Darwin","Brisbane","Darwin","Jetstar","Jun-23",23,22,1,19,19,3,3,2023,6
"Brisbane-Hobart","Brisbane","Hobart","Jetstar","Jun-23",21,21,0,19,18,2,3,2023,6
"Brisbane-Launceston","Brisbane","Launceston","Jetstar","Jun-23",21,21,0,12,13,9,8,2023,6
"Brisbane-Mackay","Brisbane","Mackay","Jetstar","Jun-23",24,23,1,14,13,9,10,2023,6
"Brisbane-Melbourne","Brisbane","Melbourne","Jetstar","Jun-23",140,133,7,84,79,49,54,2023,6
"Brisbane-Newcastle","Brisbane","Newcastle","Jetstar","Jun-23",58,56,2,45,45,11,11,2023,6
"Brisbane-Perth","Brisbane","Perth","Jetstar","Jun-23",22,21,1,14,11,7,10,2023,6
"Brisbane-Proserpine","Brisbane","Proserpine","Jetstar","Jun-23",30,30,0,23,22,7,8,2023,6
"Brisbane-Sydney","Brisbane","Sydney","Jetstar","Jun-23",153,141,12,93,95,48,46,2023,6
"Brisbane-Townsville","Brisbane","Townsville","Jetstar","Jun-23",50,50,0,32,30,18,20,2023,6
"Cairns-Brisbane","Cairns","Brisbane","Jetstar","Jun-23",76,75,1,54,58,21,17,2023,6
"Cairns-Melbourne","Cairns","Melbourne","Jetstar","Jun-23",94,89,5,47,55,42,34,2023,6
"Cairns-Sydney","Cairns","Sydney","Jetstar","Jun-23",82,81,1,47,59,34,22,2023,6
"Canberra-Brisbane","Canberra","Brisbane","Jetstar","Jun-23",30,30,0,17,18,13,12,2023,6
"Canberra-Gold Coast","Canberra","Gold Coast","Jetstar","Jun-23",17,17,0,13,15,4,2,2023,6
"Canberra-Melbourne","Canberra","Melbourne","Jetstar","Jun-23",30,29,1,15,17,14,12,2023,6
"Darwin-Adelaide","Darwin","Adelaide","Jetstar","Jun-23",25,25,0,11,18,14,7,2023,6
"Darwin-Brisbane","Darwin","Brisbane","Jetstar","Jun-23",24,23,1,15,17,8,6,2023,6
"Darwin-Melbourne","Darwin","Melbourne","Jetstar","Jun-23",26,24,2,5,11,19,13,2023,6
"Gold Coast-Adelaide","Gold Coast","Adelaide","Jetstar","Jun-23",25,23,2,21,21,2,2,2023,6
"Gold Coast-Canberra","Gold Coast","Canberra","Jetstar","Jun-23",17,17,0,14,15,3,2,2023,6
"Gold Coast-Melbourne","Gold Coast","Melbourne","Jetstar","Jun-23",173,166,7,118,111,48,55,2023,6
"Gold Coast-Sydney","Gold Coast","Sydney","Jetstar","Jun-23",238,223,15,172,167,51,56,2023,6
"Hamilton Island-Sydney","Hamilton Island","Sydney","Jetstar","Jun-23",22,22,0,11,11,11,11,2023,6
"Hobart-Brisbane","Hobart","Brisbane","Jetstar","Jun-23",22,22,0,16,11,6,11,2023,6
"Hobart-Melbourne","Hobart","Melbourne","Jetstar","Jun-23",119,116,3,71,69,45,47,2023,6
"Hobart-Sydney","Hobart","Sydney","Jetstar","Jun-23",70,69,1,54,52,15,17,2023,6
"Launceston-Brisbane","Launceston","Brisbane","Jetstar","Jun-23",21,21,0,9,11,12,10,2023,6
"Launceston-Melbourne","Launceston","Melbourne","Jetstar","Jun-23",75,73,2,38,41,35,32,2023,6
"Launceston-Sydney","Launceston","Sydney","Jetstar","Jun-23",31,30,1,20,19,10,11,2023,6
"Mackay-Brisbane","Mackay","Brisbane","Jetstar","Jun-23",24,23,1,11,14,12,9,2023,6
"Melbourne-Adelaide","Melbourne","Adelaide","Jetstar","Jun-23",92,89,3,51,51,38,38,2023,6
"Melbourne-Brisbane","Melbourne","Brisbane","Jetstar","Jun-23",140,134,6,68,66,66,68,2023,6
"Melbourne-Cairns","Melbourne","Cairns","Jetstar","Jun-23",94,92,2,55,53,37,39,2023,6
"Melbourne-Canberra","Melbourne","Canberra","Jetstar","Jun-23",30,29,1,15,17,14,12,2023,6
"Melbourne-Darwin","Melbourne","Darwin","Jetstar","Jun-23",25,24,1,14,7,10,17,2023,6
"Melbourne-Gold Coast","Melbourne","Gold Coast","Jetstar","Jun-23",173,167,6,91,116,76,51,2023,6
"Melbourne-Hobart","Melbourne","Hobart","Jetstar","Jun-23",119,117,2,73,73,44,44,2023,6
"Melbourne-Launceston","Melbourne","Launceston","Jetstar","Jun-23",73,72,1,45,44,27,28,2023,6
"Melbourne-Newcastle","Melbourne","Newcastle","Jetstar","Jun-23",42,41,1,27,29,14,12,2023,6
"Melbourne-Perth","Melbourne","Perth","Jetstar","Jun-23",64,59,5,39,41,20,18,2023,6
"Melbourne-Sunshine Coast","Melbourne","Sunshine Coast","Jetstar","Jun-23",61,61,0,36,37,25,24,2023,6
"Melbourne-Sydney","Melbourne","Sydney","Jetstar","Jun-23",363,333,30,216,233,117,100,2023,6
"Newcastle-Brisbane","Newcastle","Brisbane","Jetstar","Jun-23",59,57,2,42,44,15,13,2023,6
"Newcastle-Melbourne","Newcastle","Melbourne","Jetstar","Jun-23",43,39,4,25,25,14,14,2023,6
"Perth-Adelaide","Perth","Adelaide","Jetstar","Jun-23",26,25,1,17,18,8,7,2023,6
"Perth-Brisbane","Perth","Brisbane","Jetstar","Jun-23",22,21,1,5,11,16,10,2023,6
"Perth-Melbourne","Perth","Melbourne","Jetstar","Jun-23",63,58,5,30,34,28,24,2023,6
"Perth-Sydney","Perth","Sydney","Jetstar","Jun-23",46,43,3,13,17,30,26,2023,6
"Proserpine-Brisbane","Proserpine","Brisbane","Jetstar","Jun-23",31,31,0,20,22,11,9,2023,6
"Sunshine Coast-Melbourne","Sunshine Coast","Melbourne","Jetstar","Jun-23",61,60,1,34,27,26,33,2023,6
"Sunshine Coast-Sydney","Sunshine Coast","Sydney","Jetstar","Jun-23",81,80,1,58,49,22,31,2023,6
"Sydney-Adelaide","Sydney","Adelaide","Jetstar","Jun-23",113,106,7,71,63,35,43,2023,6
"Sydney-Ballina","Sydney","Ballina","Jetstar","Jun-23",61,61,0,42,41,19,20,2023,6
"Sydney-Brisbane","Sydney","Brisbane","Jetstar","Jun-23",153,141,12,91,92,50,49,2023,6
"Sydney-Cairns","Sydney","Cairns","Jetstar","Jun-23",82,81,1,54,54,27,27,2023,6
"Sydney-Gold Coast","Sydney","Gold Coast","Jetstar","Jun-23",237,224,13,174,179,50,45,2023,6
"Sydney-Hamilton Island","Sydney","Hamilton Island","Jetstar","Jun-23",22,22,0,17,17,5,5,2023,6
"Sydney-Hobart","Sydney","Hobart","Jetstar","Jun-23",70,69,1,53,56,16,13,2023,6
"Sydney-Launceston","Sydney","Launceston","Jetstar","Jun-23",31,30,1,22,23,8,7,2023,6
"Sydney-Melbourne","Sydney","Melbourne","Jetstar","Jun-23",362,333,29,249,236,84,97,2023,6
"Sydney-Perth","Sydney","Perth","Jetstar","Jun-23",45,44,1,32,22,12,22,2023,6
"Sydney-Sunshine Coast","Sydney","Sunshine Coast","Jetstar","Jun-23",81,80,1,66,65,14,15,2023,6
"Townsville-Brisbane","Townsville","Brisbane","Jetstar","Jun-23",51,50,1,24,23,26,27,2023,6
"Adelaide-Melbourne","Adelaide","Melbourne","Qantas","Jun-23",250,245,5,161,172,84,73,2023,6
"Adelaide-Perth","Adelaide","Perth","Qantas","Jun-23",91,88,3,70,73,18,15,2023,6
"Adelaide-Sydney","Adelaide","Sydney","Qantas","Jun-23",219,212,7,120,130,92,82,2023,6
"Brisbane-Cairns","Brisbane","Cairns","Qantas","Jun-23",76,76,0,50,55,26,21,2023,6
"Brisbane-Canberra","Brisbane","Canberra","Qantas","Jun-23",8,8,0,7,7,1,1,2023,6
"Brisbane-Darwin","Brisbane","Darwin","Qantas","Jun-23",42,41,1,30,30,11,11,2023,6
"Brisbane-Hamilton Island","Brisbane","Hamilton Island","Qantas","Jun-23",22,22,0,17,18,5,4,2023,6
"Brisbane-Mackay","Brisbane","Mackay","Qantas","Jun-23",94,93,1,74,78,19,15,2023,6
"Brisbane-Melbourne","Brisbane","Melbourne","Qantas","Jun-23",394,383,11,300,256,83,127,2023,6
"Brisbane-Mount Isa","Brisbane","Mount Isa","Qantas","Jun-23",48,48,0,44,45,4,3,2023,6
"Brisbane-Perth","Brisbane","Perth","Qantas","Jun-23",147,145,2,100,90,45,55,2023,6
"Brisbane-Sydney","Brisbane","Sydney","Qantas","Jun-23",548,535,13,438,411,97,124,2023,6
"Brisbane-Townsville","Brisbane","Townsville","Qantas","Jun-23",71,69,2,52,54,17,15,2023,6
"Broome-Perth","Broome","Perth","Qantas","Jun-23",26,26,0,16,15,10,11,2023,6
"Cairns-Brisbane","Cairns","Brisbane","Qantas","Jun-23",76,76,0,62,64,14,12,2023,6
"Cairns-Melbourne","Cairns","Melbourne","Qantas","Jun-23",30,30,0,7,8,23,22,2023,6
"Cairns-Sydney","Cairns","Sydney","Qantas","Jun-23",39,39,0,15,18,24,21,2023,6
"Canberra-Brisbane","Canberra","Brisbane","Qantas","Jun-23",8,8,0,7,7,1,1,2023,6
"Darwin-Brisbane","Darwin","Brisbane","Qantas","Jun-23",41,40,1,14,31,26,9,2023,6
"Darwin-Melbourne","Darwin","Melbourne","Qantas","Jun-23",30,28,2,6,14,22,14,2023,6
"Gold Coast-Melbourne","Gold Coast","Melbourne","Qantas","Jun-23",25,25,0,16,13,9,12,2023,6
"Gold Coast-Sydney","Gold Coast","Sydney","Qantas","Jun-23",90,90,0,59,50,31,40,2023,6
"Hamilton Island-Brisbane","Hamilton Island","Brisbane","Qantas","Jun-23",22,22,0,18,19,4,3,2023,6
"Hamilton Island-Sydney","Hamilton Island","Sydney","Qantas","Jun-23",30,29,1,18,19,11,10,2023,6
"Hobart-Melbourne","Hobart","Melbourne","Qantas","Jun-23",38,38,0,28,28,10,10,2023,6
"Hobart-Sydney","Hobart","Sydney","Qantas","Jun-23",41,40,1,34,33,6,7,2023,6
"Kalgoorlie-Perth","Kalgoorlie","Perth","Qantas","Jun-23",28,27,1,12,13,15,14,2023,6
"Karratha-Perth","Karratha","Perth","Qantas","Jun-23",28,27,1,13,12,14,15,2023,6
"Mackay-Brisbane","Mackay","Brisbane","Qantas","Jun-23",95,94,1,69,77,25,17,2023,6
"Melbourne-Adelaide","Melbourne","Adelaide","Qantas","Jun-23",250,248,2,168,151,80,97,2023,6
"Melbourne-Brisbane","Melbourne","Brisbane","Qantas","Jun-23",395,387,8,263,271,124,116,2023,6
"Melbourne-Cairns","Melbourne","Cairns","Qantas","Jun-23",30,30,0,12,12,18,18,2023,6
"Melbourne-Darwin","Melbourne","Darwin","Qantas","Jun-23",30,29,1,5,4,24,25,2023,6
"Melbourne-Gold Coast","Melbourne","Gold Coast","Qantas","Jun-23",24,24,0,18,18,6,6,2023,6
"Melbourne-Hobart","Melbourne","Hobart","Qantas","Jun-23",38,38,0,17,18,21,20,2023,6
"Melbourne-Perth","Melbourne","Perth","Qantas","Jun-23",203,194,9,122,118,72,76,2023,6
"Melbourne-Sunshine Coast","Melbourne","Sunshine Coast","Qantas","Jun-23",30,29,1,17,19,12,10,2023,6
"Melbourne-Sydney","Melbourne","Sydney","Qantas","Jun-23",939,858,81,592,571,266,287,2023,6
"Mount Isa-Brisbane","Mount Isa","Brisbane","Qantas","Jun-23",48,47,1,38,43,9,4,2023,6
"Newman-Perth","Newman","Perth","Qantas","Jun-23",22,21,1,17,14,4,7,2023,6
"Perth-Adelaide","Perth","Adelaide","Qantas","Jun-23",92,90,2,52,61,38,29,2023,6
"Perth-Brisbane","Perth","Brisbane","Qantas","Jun-23",146,145,1,88,101,57,44,2023,6
"Perth-Broome","Perth","Broome","Qantas","Jun-23",27,27,0,18,18,9,9,2023,6
"Perth-Kalgoorlie","Perth","Kalgoorlie","Qantas","Jun-23",28,27,1,19,17,8,10,2023,6
"Perth-Karratha","Perth","Karratha","Qantas","Jun-23",28,27,1,19,20,8,7,2023,6
"Perth-Melbourne","Perth","Melbourne","Qantas","Jun-23",203,193,10,122,133,71,60,2023,6
"Perth-Newman","Perth","Newman","Qantas","Jun-23",22,21,1,19,18,2,3,2023,6
"Perth-Port Hedland","Perth","Port Hedland","Qantas","Jun-23",43,42,1,30,30,12,12,2023,6
"Perth-Sydney","Perth","Sydney","Qantas","Jun-23",215,206,9,119,151,87,55,2023,6
"Port Hedland-Perth","Port Hedland","Perth","Qantas","Jun-23",43,42,1,24,25,18,17,2023,6
"Sunshine Coast-Melbourne","Sunshine Coast","Melbourne","Qantas","Jun-23",30,29,1,15,12,14,17,2023,6
"Sunshine Coast-Sydney","Sunshine Coast","Sydney","Qantas","Jun-23",52,52,0,36,32,16,20,2023,6
"Sydney-Adelaide","Sydney","Adelaide","Qantas","Jun-23",219,213,6,143,103,70,110,2023,6
"Sydney-Brisbane","Sydney","Brisbane","Qantas","Jun-23",548,530,18,372,362,158,168,2023,6
"Sydney-Cairns","Sydney","Cairns","Qantas","Jun-23",39,39,0,19,16,20,23,2023,6
"Sydney-Gold Coast","Sydney","Gold Coast","Qantas","Jun-23",90,90,0,49,55,41,35,2023,6
"Sydney-Hamilton Island","Sydney","Hamilton Island","Qantas","Jun-23",30,29,1,18,17,11,12,2023,6
"Sydney-Hobart","Sydney","Hobart","Qantas","Jun-23",42,42,0,32,32,10,10,2023,6
"Sydney-Melbourne","Sydney","Melbourne","Qantas","Jun-23",938,860,78,567,486,293,374,2023,6
"Sydney-Perth","Sydney","Perth","Qantas","Jun-23",214,208,6,121,88,87,120,2023,6
"Sydney-Sunshine Coast","Sydney","Sunshine Coast","Qantas","Jun-23",52,52,0,26,31,26,21,2023,6
"Townsville-Brisbane","Townsville","Brisbane","Qantas","Jun-23",69,68,1,54,57,14,11,2023,6
"Adelaide-Alice Springs","Adelaide","Alice Springs","QantasLink","Jun-23",52,52,0,46,26,6,26,2023,6
"Adelaide-Brisbane","Adelaide","Brisbane","QantasLink","Jun-23",181,181,0,92,111,89,70,2023,6
"Adelaide-Canberra","Adelaide","Canberra","QantasLink","Jun-23",111,110,1,96,96,14,14,2023,6
"Adelaide-Darwin","Adelaide","Darwin","QantasLink","Jun-23",59,59,0,46,21,13,38,2023,6
"Adelaide-Melbourne","Adelaide","Melbourne","QantasLink","Jun-23",13,10,3,6,8,4,2,2023,6
"Adelaide-Port Lincoln","Adelaide","Port Lincoln","QantasLink","Jun-23",138,130,8,105,101,25,29,2023,6
"Albury-Sydney","Albury","Sydney","QantasLink","Jun-23",107,107,0,74,79,33,28,2023,6
"Alice Springs-Adelaide","Alice Springs","Adelaide","QantasLink","Jun-23",52,52,0,21,34,31,18,2023,6
"Armidale-Sydney","Armidale","Sydney","QantasLink","Jun-23",108,98,10,82,81,16,17,2023,6
"Ballina-Sydney","Ballina","Sydney","QantasLink","Jun-23",95,93,2,76,74,17,19,2023,6
"Brisbane-Adelaide","Brisbane","Adelaide","QantasLink","Jun-23",180,178,2,111,56,67,122,2023,6
"Brisbane-Cairns","Brisbane","Cairns","QantasLink","Jun-23",79,79,0,37,36,42,43,2023,6
"Brisbane-Canberra","Brisbane","Canberra","QantasLink","Jun-23",161,161,0,109,105,52,56,2023,6
"Brisbane-Emerald","Brisbane","Emerald","QantasLink","Jun-23",117,116,1,91,96,25,20,2023,6
"Brisbane-Gladstone","Brisbane","Gladstone","QantasLink","Jun-23",137,128,9,99,110,29,18,2023,6
"Brisbane-Hobart","Brisbane","Hobart","QantasLink","Jun-23",25,24,1,20,19,4,5,2023,6
"Brisbane-Mackay","Brisbane","Mackay","QantasLink","Jun-23",17,15,2,14,13,1,2,2023,6
"Brisbane-Newcastle","Brisbane","Newcastle","QantasLink","Jun-23",133,122,11,105,109,17,13,2023,6
"Brisbane-Proserpine","Brisbane","Proserpine","QantasLink","Jun-23",27,27,0,20,23,7,4,2023,6
"Brisbane-Rockhampton","Brisbane","Rockhampton","QantasLink","Jun-23",181,172,9,146,148,26,24,2023,6
"Brisbane-Townsville","Brisbane","Townsville","QantasLink","Jun-23",65,65,0,43,40,22,25,2023,6
"Broome-Perth","Broome","Perth","QantasLink","Jun-23",61,61,0,35,36,26,25,2023,6
"Cairns-Brisbane","Cairns","Brisbane","QantasLink","Jun-23",79,77,2,24,30,53,47,2023,6
"Cairns-Townsville","Cairns","Townsville","QantasLink","Jun-23",153,149,4,138,139,11,10,2023,6
"Canberra-Adelaide","Canberra","Adelaide","QantasLink","Jun-23",111,110,1,85,69,25,41,2023,6
"Canberra-Brisbane","Canberra","Brisbane","QantasLink","Jun-23",161,160,1,118,124,42,36,2023,6
"Canberra-Melbourne","Canberra","Melbourne","QantasLink","Jun-23",273,259,14,189,183,70,76,2023,6
"Canberra-Sydney","Canberra","Sydney","QantasLink","Jun-23",461,403,58,299,301,104,102,2023,6
"Coffs Harbour-Sydney","Coffs Harbour","Sydney","QantasLink","Jun-23",114,111,3,79,80,32,31,2023,6
"Darwin-Adelaide","Darwin","Adelaide","QantasLink","Jun-23",59,59,0,40,51,19,8,2023,6
"Darwin-Perth","Darwin","Perth","QantasLink","Jun-23",30,30,0,10,12,20,18,2023,6
"Devonport-Melbourne","Devonport","Melbourne","QantasLink","Jun-23",108,107,1,87,83,20,24,2023,6
"Dubbo-Sydney","Dubbo","Sydney","QantasLink","Jun-23",111,105,6,71,75,34,30,2023,6
"Emerald-Brisbane","Emerald","Brisbane","QantasLink","Jun-23",117,116,1,96,97,20,19,2023,6
"Gladstone-Brisbane","Gladstone","Brisbane","QantasLink","Jun-23",137,126,11,108,112,18,14,2023,6
"Hobart-Brisbane","Hobart","Brisbane","QantasLink","Jun-23",25,23,2,17,17,6,6,2023,6
"Hobart-Melbourne","Hobart","Melbourne","QantasLink","Jun-23",61,60,1,38,34,22,26,2023,6
"Hobart-Sydney","Hobart","Sydney","QantasLink","Jun-23",40,36,4,28,27,8,9,2023,6
"Kalgoorlie-Perth","Kalgoorlie","Perth","QantasLink","Jun-23",46,46,0,33,28,13,18,2023,6
"Karratha-Perth","Karratha","Perth","QantasLink","Jun-23",115,115,0,76,87,39,28,2023,6
"Launceston-Melbourne","Launceston","Melbourne","QantasLink","Jun-23",111,102,9,73,77,29,25,2023,6
"Launceston-Sydney","Launceston","Sydney","QantasLink","Jun-23",30,30,0,18,19,12,11,2023,6
"Mackay-Brisbane","Mackay","Brisbane","QantasLink","Jun-23",21,19,2,15,16,4,3,2023,6
"Melbourne-Adelaide","Melbourne","Adelaide","QantasLink","Jun-23",14,11,3,10,10,1,1,2023,6
"Melbourne-Canberra","Melbourne","Canberra","QantasLink","Jun-23",273,259,14,197,194,62,65,2023,6
"Melbourne-Devonport","Melbourne","Devonport","QantasLink","Jun-23",108,107,1,85,87,22,20,2023,6
"Melbourne-Hobart","Melbourne","Hobart","QantasLink","Jun-23",61,61,0,39,34,22,27,2023,6
"Melbourne-Launceston","Melbourne","Launceston","QantasLink","Jun-23",111,105,6,68,70,37,35,2023,6
"Melbourne-Mildura","Melbourne","Mildura","QantasLink","Jun-23",118,114,4,78,73,36,41,2023,6
"Melbourne-Newcastle","Melbourne","Newcastle","QantasLink","Jun-23",56,54,2,31,33,23,21,2023,6
"Mildura-Melbourne","Mildura","Melbourne","QantasLink","Jun-23",119,113,6,62,68,51,45,2023,6
"Newcastle-Brisbane","Newcastle","Brisbane","QantasLink","Jun-23",133,120,13,101,106,19,14,2023,6
"Newcastle-Melbourne","Newcastle","Melbourne","QantasLink","Jun-23",56,53,3,42,40,11,13,2023,6
"Newman-Perth","Newman","Perth","QantasLink","Jun-23",93,90,3,64,52,26,38,2023,6
"Perth-Broome","Perth","Broome","QantasLink","Jun-23",61,61,0,42,48,19,13,2023,6
"Perth-Darwin","Perth","Darwin","QantasLink","Jun-23",30,30,0,18,15,12,15,2023,6
"Perth-Kalgoorlie","Perth","Kalgoorlie","QantasLink","Jun-23",46,46,0,36,34,10,12,2023,6
"Perth-Karratha","Perth","Karratha","QantasLink","Jun-23",115,115,0,88,91,27,24,2023,6
"Perth-Newman","Perth","Newman","QantasLink","Jun-23",94,93,1,70,73,23,20,2023,6
"Perth-Port Hedland","Perth","Port Hedland","QantasLink","Jun-23",92,89,3,73,75,16,14,2023,6
"Port Hedland-Perth","Port Hedland","Perth","QantasLink","Jun-23",92,89,3,68,61,21,28,2023,6
"Port Lincoln-Adelaide","Port Lincoln","Adelaide","QantasLink","Jun-23",138,129,9,106,104,23,25,2023,6
"Port Macquarie-Sydney","Port Macquarie","Sydney","QantasLink","Jun-23",110,107,3,80,78,27,29,2023,6
"Proserpine-Brisbane","Proserpine","Brisbane","QantasLink","Jun-23",27,26,1,22,22,4,4,2023,6
"Rockhampton-Brisbane","Rockhampton","Brisbane","QantasLink","Jun-23",182,171,11,119,122,52,49,2023,6
"Sydney-Albury","Sydney","Albury","QantasLink","Jun-23",108,108,0,83,82,25,26,2023,6
"Sydney-Armidale","Sydney","Armidale","QantasLink","Jun-23",108,98,10,75,85,23,13,2023,6
"Sydney-Ballina","Sydney","Ballina","QantasLink","Jun-23",96,93,3,71,78,22,15,2023,6
"Sydney-Canberra","Sydney","Canberra","QantasLink","Jun-23",461,408,53,312,311,96,97,2023,6
"Sydney-Coffs Harbour","Sydney","Coffs Harbour","QantasLink","Jun-23",114,111,3,79,84,32,27,2023,6
"Sydney-Dubbo","Sydney","Dubbo","QantasLink","Jun-23",111,106,5,72,76,34,30,2023,6
"Sydney-Hobart","Sydney","Hobart","QantasLink","Jun-23",40,38,2,30,28,8,10,2023,6
"Sydney-Launceston","Sydney","Launceston","QantasLink","Jun-23",30,30,0,21,20,9,10,2023,6
"Sydney-Port Macquarie","Sydney","Port Macquarie","QantasLink","Jun-23",110,106,4,73,80,33,26,2023,6
"Sydney-Wagga Wagga","Sydney","Wagga Wagga","QantasLink","Jun-23",110,109,1,80,77,29,32,2023,6
"Townsville-Brisbane","Townsville","Brisbane","QantasLink","Jun-23",64,64,0,29,35,35,29,2023,6
"Townsville-Cairns","Townsville","Cairns","QantasLink","Jun-23",152,150,2,121,127,29,23,2023,6
"Wagga Wagga-Sydney","Wagga Wagga","Sydney","QantasLink","Jun-23",109,108,1,82,89,26,19,2023,6
"Adelaide-Melbourne","Adelaide","Melbourne","Rex Airlines","Jun-23",56,56,0,44,45,12,11,2023,6
"Adelaide-Port Lincoln","Adelaide","Port Lincoln","Rex Airlines","Jun-23",139,130,9,101,91,29,39,2023,6
"Albury-Sydney","Albury","Sydney","Rex Airlines","Jun-23",97,97,0,73,73,24,24,2023,6
"Armidale-Sydney","Armidale","Sydney","Rex Airlines","Jun-23",51,49,2,35,29,14,20,2023,6
"Brisbane-Melbourne","Brisbane","Melbourne","Rex Airlines","Jun-23",53,51,2,38,29,13,22,2023,6
"Brisbane-Sydney","Brisbane","Sydney","Rex Airlines","Jun-23",142,136,6,107,97,29,39,2023,6
"Cairns-Townsville","Cairns","Townsville","Rex Airlines","Jun-23",13,13,0,12,12,1,1,2023,6
"Canberra-Melbourne","Canberra","Melbourne","Rex Airlines","Jun-23",30,30,0,21,20,9,10,2023,6
"Coffs Harbour-Sydney","Coffs Harbour","Sydney","Rex Airlines","Jun-23",103,103,0,78,69,25,34,2023,6
"Devonport-Melbourne","Devonport","Melbourne","Rex Airlines","Jun-23",45,42,3,27,25,15,17,2023,6
"Dubbo-Sydney","Dubbo","Sydney","Rex Airlines","Jun-23",112,111,1,82,76,29,35,2023,6
"Gold Coast-Melbourne","Gold Coast","Melbourne","Rex Airlines","Jun-23",30,30,0,27,21,3,9,2023,6
"Gold Coast-Sydney","Gold Coast","Sydney","Rex Airlines","Jun-23",30,30,0,22,24,8,6,2023,6
"Melbourne-Adelaide","Melbourne","Adelaide","Rex Airlines","Jun-23",56,56,0,33,30,23,26,2023,6
"Melbourne-Brisbane","Melbourne","Brisbane","Rex Airlines","Jun-23",53,53,0,44,43,9,10,2023,6
"Melbourne-Canberra","Melbourne","Canberra","Rex Airlines","Jun-23",30,30,0,23,21,7,9,2023,6
"Melbourne-Devonport","Melbourne","Devonport","Rex Airlines","Jun-23",45,42,3,30,31,12,11,2023,6
"Melbourne-Gold Coast","Melbourne","Gold Coast","Rex Airlines","Jun-23",30,30,0,27,27,3,3,2023,6
"Melbourne-Mildura","Melbourne","Mildura","Rex Airlines","Jun-23",98,95,3,62,56,33,39,2023,6
"Melbourne-Sydney","Melbourne","Sydney","Rex Airlines","Jun-23",146,141,5,112,110,29,31,2023,6
"Mildura-Melbourne","Mildura","Melbourne","Rex Airlines","Jun-23",95,90,5,57,53,33,37,2023,6
"Port Lincoln-Adelaide","Port Lincoln","Adelaide","Rex Airlines","Jun-23",139,131,8,93,95,38,36,2023,6
"Port Macquarie-Sydney","Port Macquarie","Sydney","Rex Airlines","Jun-23",86,84,2,66,55,18,29,2023,6
"Sydney-Albury","Sydney","Albury","Rex Airlines","Jun-23",96,96,0,74,79,22,17,2023,6
"Sydney-Armidale","Sydney","Armidale","Rex Airlines","Jun-23",51,50,1,40,40,10,10,2023,6
"Sydney-Brisbane","Sydney","Brisbane","Rex Airlines","Jun-23",142,135,7,108,105,27,30,2023,6
"Sydney-Coffs Harbour","Sydney","Coffs Harbour","Rex Airlines","Jun-23",103,103,0,78,85,25,18,2023,6
"Sydney-Dubbo","Sydney","Dubbo","Rex Airlines","Jun-23",120,119,1,89,92,30,27,2023,6
"Sydney-Gold Coast","Sydney","Gold Coast","Rex Airlines","Jun-23",30,30,0,25,24,5,6,2023,6
"Sydney-Melbourne","Sydney","Melbourne","Rex Airlines","Jun-23",145,144,1,110,88,34,56,2023,6
"Sydney-Port Macquarie","Sydney","Port Macquarie","Rex Airlines","Jun-23",87,84,3,69,68,15,16,2023,6
"Sydney-Wagga Wagga","Sydney","Wagga Wagga","Rex Airlines","Jun-23",82,82,0,62,58,20,24,2023,6
"Townsville-Cairns","Townsville","Cairns","Rex Airlines","Jun-23",13,13,0,12,12,1,1,2023,6
"Wagga Wagga-Sydney","Wagga Wagga","Sydney","Rex Airlines","Jun-23",81,81,0,62,60,19,21,2023,6
"Adelaide-Alice Springs","Adelaide","Alice Springs","Virgin Australia","Jun-23",14,14,0,7,3,7,11,2023,6
"Adelaide-Brisbane","Adelaide","Brisbane","Virgin Australia","Jun-23",139,129,10,72,78,57,51,2023,6
"Adelaide-Canberra","Adelaide","Canberra","Virgin Australia","Jun-23",20,20,0,15,16,5,4,2023,6
"Adelaide-Darwin","Adelaide","Darwin","Virgin Australia","Jun-23",13,13,0,8,5,5,8,2023,6
"Adelaide-Gold Coast","Adelaide","Gold Coast","Virgin Australia","Jun-23",37,37,0,32,34,5,3,2023,6
"Adelaide-Melbourne","Adelaide","Melbourne","Virgin Australia","Jun-23",245,240,5,138,137,102,103,2023,6
"Adelaide-Perth","Adelaide","Perth","Virgin Australia","Jun-23",18,17,1,8,8,9,9,2023,6
"Adelaide-Sydney","Adelaide","Sydney","Virgin Australia","Jun-23",180,169,11,101,103,68,66,2023,6
"Alice Springs-Adelaide","Alice Springs","Adelaide","Virgin Australia","Jun-23",14,14,0,0,1,14,13,2023,6
"Ballina-Sydney","Ballina","Sydney","Virgin Australia","Jun-23",49,48,1,18,17,30,31,2023,6
"Brisbane-Adelaide","Brisbane","Adelaide","Virgin Australia","Jun-23",139,129,10,82,72,47,57,2023,6
"Brisbane-Cairns","Brisbane","Cairns","Virgin Australia","Jun-23",142,141,1,96,94,45,47,2023,6
"Brisbane-Canberra","Brisbane","Canberra","Virgin Australia","Jun-23",99,97,2,78,76,19,21,2023,6
"Brisbane-Darwin","Brisbane","Darwin","Virgin Australia","Jun-23",37,37,0,28,31,9,6,2023,6
"Brisbane-Emerald","Brisbane","Emerald","Virgin Australia","Jun-23",26,26,0,21,18,5,8,2023,6
"Brisbane-Gladstone","Brisbane","Gladstone","Virgin Australia","Jun-23",52,52,0,37,36,15,16,2023,6
"Brisbane-Hamilton Island","Brisbane","Hamilton Island","Virgin Australia","Jun-23",32,32,0,24,26,8,6,2023,6
"Brisbane-Hobart","Brisbane","Hobart","Virgin Australia","Jun-23",47,47,0,32,31,15,16,2023,6
"Brisbane-Launceston","Brisbane","Launceston","Virgin Australia","Jun-23",14,14,0,9,8,5,6,2023,6
"Brisbane-Mackay","Brisbane","Mackay","Virgin Australia","Jun-23",134,134,0,79,80,55,54,2023,6
"Brisbane-Melbourne","Brisbane","Melbourne","Virgin Australia","Jun-23",394,379,15,267,224,112,155,2023,6
"Brisbane-Mount Isa","Brisbane","Mount Isa","Virgin Australia","Jun-23",13,13,0,11,8,2,5,2023,6
"Brisbane-Newcastle","Brisbane","Newcastle","Virgin Australia","Jun-23",82,81,1,51,48,30,33,2023,6
"Brisbane-Perth","Brisbane","Perth","Virgin Australia","Jun-23",112,107,5,67,69,40,38,2023,6
"Brisbane-Proserpine","Brisbane","Proserpine","Virgin Australia","Jun-23",32,32,0,23,26,9,6,2023,6
"Brisbane-Rockhampton","Brisbane","Rockhampton","Virgin Australia","Jun-23",138,136,2,91,77,45,59,2023,6
"Brisbane-Sydney","Brisbane","Sydney","Virgin Australia","Jun-23",483,443,40,300,265,143,178,2023,6
"Brisbane-Townsville","Brisbane","Townsville","Virgin Australia","Jun-23",135,132,3,82,70,50,62,2023,6
"Broome-Perth","Broome","Perth","Virgin Australia","Jun-23",33,32,1,18,24,14,8,2023,6
"Cairns-Brisbane","Cairns","Brisbane","Virgin Australia","Jun-23",141,140,1,98,112,42,28,2023,6
"Cairns-Melbourne","Cairns","Melbourne","Virgin Australia","Jun-23",73,73,0,33,31,40,42,2023,6
"Cairns-Sydney","Cairns","Sydney","Virgin Australia","Jun-23",79,79,0,55,57,24,22,2023,6
"Canberra-Adelaide","Canberra","Adelaide","Virgin Australia","Jun-23",20,20,0,17,14,3,6,2023,6
"Canberra-Brisbane","Canberra","Brisbane","Virgin Australia","Jun-23",99,98,1,81,84,17,14,2023,6
"Canberra-Gold Coast","Canberra","Gold Coast","Virgin Australia","Jun-23",30,30,0,20,18,10,12,2023,6
"Canberra-Melbourne","Canberra","Melbourne","Virgin Australia","Jun-23",120,117,3,82,74,35,43,2023,6
"Canberra-Sydney","Canberra","Sydney","Virgin Australia","Jun-23",250,240,10,185,184,55,56,2023,6
"Darwin-Adelaide","Darwin","Adelaide","virgin Australia","Jun-23",13,13,0,10,13,3,0,2023,6
"Darwin-Brisbane","Darwin","Brisbane","Virgin Australia","Jun-23",35,34,1,22,28,12,6,2023,6
"Darwin-Melbourne","Darwin","Melbourne","Virgin Australia","Jun-23",38,37,1,11,23,26,14,2023,6
"Darwin-Perth","Darwin","Perth","Virgin Australia","Jun-23",9,9,0,6,6,3,3,2023,6
"Emerald-Brisbane","Emerald","Brisbane","Virgin Australia","Jun-23",26,26,0,20,21,6,5,2023,6
"Gladstone-Brisbane","Gladstone","Brisbane","Virgin Australia","Jun-23",52,52,0,37,29,15,23,2023,6
"Gold Coast-Adelaide","Gold Coast","Adelaide","Virgin Australia","Jun-23",37,37,0,29,23,8,14,2023,6
"Gold Coast-Canberra","Gold Coast","Canberra","Virgin Australia","Jun-23",30,30,0,21,20,9,10,2023,6
"Gold Coast-Melbourne","Gold Coast","Melbourne","Virgin Australia","Jun-23",244,239,5,152,141,87,98,2023,6
"Gold Coast-Sydney","Gold Coast","Sydney","Virgin Australia","Jun-23",298,291,7,192,186,99,105,2023,6
"Hamilton Island-Brisbane","Hamilton Island","Brisbane","Virgin Australia","Jun-23",32,32,0,22,25,10,7,2023,6
"Hamilton Island-Sydney","Hamilton Island","Sydney","Virgin Australia","Jun-23",26,25,1,16,17,9,8,2023,6
"Hobart-Brisbane","Hobart","Brisbane","Virgin Australia","Jun-23",46,46,0,25,22,21,24,2023,6
"Hobart-Melbourne","Hobart","Melbourne","Virgin Australia","Jun-23",139,139,0,101,84,38,55,2023,6
"Hobart-Sydney","Hobart","Sydney","Virgin Australia","Jun-23",73,69,4,51,46,18,23,2023,6
"Kalgoorlie-Perth","Kalgoorlie","Perth","Virgin Australia","Jun-23",48,47,1,33,33,14,14,2023,6
"Karratha-Perth","Karratha","Perth","Virgin Australia","Jun-23",39,38,1,27,26,11,12,2023,6
"Launceston-Brisbane","Launceston","Brisbane","Virgin Australia","Jun-23",14,14,0,8,9,6,5,2023,6
"Launceston-Melbourne","Launceston","Melbourne","Virgin Australia","Jun-23",87,87,0,73,66,14,21,2023,6
"Launceston-Sydney","Launceston","Sydney","Virgin Australia","Jun-23",28,27,1,23,19,4,8,2023,6
"Mackay-Brisbane","Mackay","Brisbane","Virgin Australia","Jun-23",134,133,1,79,92,54,41,2023,6
"Melbourne-Adelaide","Melbourne","Adelaide","Virgin Australia","Jun-23",245,241,4,146,137,95,104,2023,6
"Melbourne-Brisbane","Melbourne","Brisbane","Virgin Australia","Jun-23",404,388,16,257,268,131,120,2023,6
"Melbourne-Cairns","Melbourne","Cairns","Virgin Australia","Jun-23",73,73,0,55,47,18,26,2023,6
"Melbourne-Canberra","Melbourne","Canberra","Virgin Australia","Jun-23",120,116,4,76,78,40,38,2023,6
"Melbourne-Darwin","Melbourne","Darwin","Virgin Australia","Jun-23",37,36,1,19,12,17,24,2023,6
"Melbourne-Gold Coast","Melbourne","Gold Coast","Virgin Australia","Jun-23",244,240,4,150,163,90,77,2023,6
"Melbourne-Hobart","Melbourne","Hobart","Virgin Australia","Jun-23",139,139,0,96,87,43,52,2023,6
"Melbourne-Launceston","Melbourne","Launceston","Virgin Australia","Jun-23",87,87,0,60,53,27,34,2023,6
"Melbourne-Newcastle","Melbourne","Newcastle","Virgin Australia","Jun-23",37,37,0,25,25,12,12,2023,6
"Melbourne-Perth","Melbourne","Perth","Virgin Australia","Jun-23",179,169,10,109,112,60,57,2023,6
"Melbourne-Sunshine Coast","Melbourne","Sunshine Coast","Virgin Australia","Jun-23",72,71,1,57,56,14,15,2023,6
"Melbourne-Sydney","Melbourne","Sydney","Virgin Australia","Jun-23",754,675,79,496,483,179,192,2023,6
"Mount Isa-Brisbane","Mount Isa","Brisbane","Virgin Australia","Jun-23",13,13,0,8,8,5,5,2023,6
"Newcastle-Brisbane","Newcastle","Brisbane","Virgin Australia","Jun-23",82,81,1,53,54,28,27,2023,6
"Newcastle-Melbourne","Newcastle","Melbourne","Virgin Australia","Jun-23",37,37,0,22,17,15,20,2023,6
"Newman-Perth","Newman","Perth","Virgin Australia","Jun-23",34,31,3,20,18,11,13,2023,6
"Perth-Adelaide","Perth","Adelaide","Virgin Australia","Jun-23",18,17,1,11,10,6,7,2023,6
"Perth-Brisbane","Perth","Brisbane","Virgin Australia","Jun-23",113,107,6,62,81,45,26,2023,6
"Perth-Broome","Perth","Broome","Virgin Australia","Jun-23",32,31,1,20,24,11,7,2023,6
"Perth-Darwin","Perth","Darwin","Virgin Australia","Jun-23",9,9,0,6,5,3,4,2023,6
"Perth-Kalgoorlie","Perth","Kalgoorlie","Virgin Australia","Jun-23",48,47,1,40,38,7,9,2023,6
"Perth-Karratha","Perth","Karratha","Virgin Australia","Jun-23",39,38,1,33,28,5,10,2023,6
"Perth-Melbourne","Perth","Melbourne","Virgin Australia","Jun-23",190,178,12,126,133,52,45,2023,6
"Perth-Newman","Perth","Newman","Virgin Australia","Jun-23",34,32,2,27,25,5,7,2023,6
"Perth-Port Hedland","Perth","Port Hedland","Virgin Australia","Jun-23",25,24,1,15,16,9,8,2023,6
"Perth-Sydney","Perth","Sydney","Virgin Australia","Jun-23",135,132,3,74,108,58,24,2023,6
"Port Hedland-Perth","Port Hedland","Perth","Virgin Australia","Jun-23",25,24,1,13,12,11,12,2023,6
"Proserpine-Brisbane","Proserpine","Brisbane","Virgin Australia","Jun-23",32,32,0,24,24,8,8,2023,6
"Rockhampton-Brisbane","Rockhampton","Brisbane","Virgin Australia","Jun-23",140,137,3,82,75,55,62,2023,6
"Sunshine Coast-Melbourne","Sunshine Coast","Melbourne","Virgin Australia","Jun-23",72,71,1,52,38,19,33,2023,6
"Sunshine Coast-Sydney","Sunshine Coast","Sydney","Virgin Australia","Jun-23",68,68,0,43,28,25,40,2023,6
"Sydney-Adelaide","Sydney","Adelaide","Virgin Australia","Jun-23",180,168,12,130,102,38,66,2023,6
"Sydney-Ballina","Sydney","Ballina","Virgin Australia","Jun-23",49,48,1,31,30,17,18,2023,6
"Sydney-Brisbane","Sydney","Brisbane","Virgin Australia","Jun-23",476,439,37,340,324,99,115,2023,6
"Sydney-Cairns","Sydney","Cairns","Virgin Australia","Jun-23",79,79,0,54,59,25,20,2023,6
"Sydney-Canberra","Sydney","Canberra","Virgin Australia","Jun-23",249,237,12,178,184,59,53,2023,6
"Sydney-Gold Coast","Sydney","Gold Coast","Virgin Australia","Jun-23",298,290,8,194,177,96,113,2023,6
"Sydney-Hamilton Island","Sydney","Hamilton Island","Virgin Australia","Jun-23",26,26,0,19,17,7,9,2023,6
"Sydney-Hobart","Sydney","Hobart","Virgin Australia","Jun-23",73,69,4,55,51,14,18,2023,6
"Sydney-Launceston","Sydney","Launceston","Virgin Australia","Jun-23",28,27,1,23,24,4,3,2023,6
"Sydney-Melbourne","Sydney","Melbourne","Virgin Australia","Jun-23",751,674,77,497,418,177,256,2023,6
"Sydney-Perth","Sydney","Perth","Virgin Australia","Jun-23",145,139,6,92,85,47,54,2023,6
"Sydney-Sunshine Coast","Sydney","Sunshine Coast","Virgin Australia","Jun-23",68,68,0,47,42,21,26,2023,6
"Townsville-Brisbane","Townsville","Brisbane","Virgin Australia","Jun-23",136,133,3,57,63,76,70,2023,6
"Adelaide-Perth","Adelaide","Perth","Virgin Australia Regional Airlines","Jun-23",40,33,7,14,16,19,17,2023,6
"Broome-Perth","Broome","Perth","Virgin Australia Regional Airlines","Jun-23",20,19,1,7,10,12,9,2023,6
"Darwin-Perth","Darwin","Perth","Virgin Australia Regional Airlines","Jun-23",12,12,0,10,9,2,3,2023,6
"Kalgoorlie-Perth","Kalgoorlie","Perth","Virgin Australia Regional Airlines","Jun-23",30,29,1,18,19,11,10,2023,6
"Karratha-Perth","Karratha","Perth","Virgin Australia Regional Airlines","Jun-23",13,12,1,6,8,6,4,2023,6
"Newman-Perth","Newman","Perth","Virgin Australia Regional Airlines","Jun-23",22,20,2,11,11,9,9,2023,6
"Perth-Adelaide","Perth","Adelaide","Virgin Australia Regional Airlines","Jun-23",40,33,7,23,22,10,11,2023,6
"Perth-Broome","Perth","Broome","Virgin Australia Regional Airlines","Jun-23",21,20,1,13,14,7,6,2023,6
"Perth-Darwin","Perth","Darwin","Virgin Australia Regional Airlines","Jun-23",12,12,0,9,10,3,2,2023,6
"Perth-Kalgoorlie","Perth","Kalgoorlie","Virgin Australia Regional Airlines","Jun-23",30,29,1,21,19,8,10,2023,6
"Perth-Karratha","Perth","Karratha","Virgin Australia Regional Airlines","Jun-23",13,12,1,8,6,4,6,2023,6
"Perth-Newman","Perth","Newman","Virgin Australia Regional Airlines","Jun-23",22,20,2,11,10,9,10,2023,6
"Perth-Port Hedland","Perth","Port Hedland","Virgin Australia Regional Airlines","Jun-23",27,25,2,16,16,9,9,2023,6
"Port Hedland-Perth","Port Hedland","Perth","Virgin Australia Regional Airlines","Jun-23",27,25,2,12,11,13,14,2023,6
"Adelaide-Alice Springs","Adelaide","Alice Springs","All Airlines","Jun-23",66,66,0,53,29,13,37,2023,6
"Adelaide-Brisbane","Adelaide","Brisbane","All Airlines","Jun-23",350,340,10,182,208,158,132,2023,6
"Adelaide-Canberra","Adelaide","Canberra","All Airlines","Jun-23",131,130,1,111,112,19,18,2023,6
"Adelaide-Darwin","Adelaide","Darwin","All Airlines","Jun-23",98,98,0,75,40,23,58,2023,6
"Adelaide-Gold Coast","Adelaide","Gold Coast","All Airlines","Jun-23",62,60,2,53,55,7,5,2023,6
"Adelaide-Melbourne","Adelaide","Melbourne","All Airlines","Jun-23",656,639,17,394,414,245,225,2023,6
"Adelaide-Perth","Adelaide","Perth","All Airlines","Jun-23",175,163,12,113,116,50,47,2023,6
"Adelaide-Port Lincoln","Adelaide","Port Lincoln","All Airlines","Jun-23",277,260,17,206,192,54,68,2023,6
"Adelaide-Sydney","Adelaide","Sydney","All Airlines","Jun-23",512,487,25,297,314,190,173,2023,6
"Albury-Sydney","Albury","Sydney","All Airlines","Jun-23",204,204,0,147,152,57,52,2023,6
"Alice Springs-Adelaide","Alice Springs","Adelaide","All Airlines","Jun-23",66,66,0,21,35,45,31,2023,6
"Armidale-Sydney","Armidale","Sydney","All Airlines","Jun-23",159,147,12,117,110,30,37,2023,6
"Ballina-Sydney","Ballina","Sydney","All Airlines","Jun-23",205,201,4,128,128,73,73,2023,6
"Brisbane-Adelaide","Brisbane","Adelaide","All Airlines","Jun-23",349,337,12,211,147,126,190,2023,6
"Brisbane-Cairns","Brisbane","Cairns","All Airlines","Jun-23",373,371,2,235,232,136,139,2023,6
"Brisbane-Canberra","Brisbane","Canberra","All Airlines","Jun-23",298,296,2,212,206,84,90,2023,6
"Brisbane-Darwin","Brisbane","Darwin","All Airlines","Jun-23",102,100,2,77,80,23,20,2023,6
"Brisbane-Emerald","Brisbane","Emerald","All Airlines","Jun-23",143,142,1,112,114,30,28,2023,6
"Brisbane-Gladstone","Brisbane","Gladstone","All Airlines","Jun-23",189,180,9,136,146,44,34,2023,6
"Brisbane-Hamilton Island","Brisbane","Hamilton Island","All Airlines","Jun-23",54,54,0,41,44,13,10,2023,6
"Brisbane-Hobart","Brisbane","Hobart","All Airlines","Jun-23",93,92,1,71,68,21,24,2023,6
"Brisbane-Launceston","Brisbane","Launceston","All Airlines","Jun-23",35,35,0,21,21,14,14,2023,6
"Brisbane-Mackay","Brisbane","Mackay","All Airlines","Jun-23",269,265,4,181,184,84,81,2023,6
"Brisbane-Melbourne","Brisbane","Melbourne","All Airlines","Jun-23",981,946,35,689,588,257,358,2023,6
"Brisbane-Mount Isa","Brisbane","Mount Isa","All Airlines","Jun-23",61,61,0,55,53,6,8,2023,6
"Brisbane-Newcastle","Brisbane","Newcastle","All Airlines","Jun-23",273,259,14,201,202,58,57,2023,6
"Brisbane-Perth","Brisbane","Perth","All Airlines","Jun-23",281,273,8,181,170,92,103,2023,6
"Brisbane-Proserpine","Brisbane","Proserpine","All Airlines","Jun-23",89,89,0,66,71,23,18,2023,6
"Brisbane-Rockhampton","Brisbane","Rockhampton","All Airlines","Jun-23",319,308,11,237,225,71,83,2023,6
"Brisbane-Sydney","Brisbane","Sydney","All Airlines","Jun-23",1326,1255,71,938,868,317,387,2023,6
"Brisbane-Townsville","Brisbane","Townsville","All Airlines","Jun-23",321,316,5,209,194,107,122,2023,6
"Broome-Perth","Broome","Perth","All Airlines","Jun-23",140,138,2,76,85,62,53,2023,6
"Cairns-Brisbane","Cairns","Brisbane","All Airlines","Jun-23",372,368,4,238,264,130,104,2023,6
"Cairns-Melbourne","Cairns","Melbourne","All Airlines","Jun-23",197,192,5,87,94,105,98,2023,6
"Cairns-Sydney","Cairns","Sydney","All Airlines","Jun-23",200,199,1,117,134,82,65,2023,6
"Cairns-Townsville","Cairns","Townsville","All Airlines","Jun-23",166,162,4,150,151,12,11,2023,6
"Canberra-Adelaide","Canberra","Adelaide","All Airlines","Jun-23",131,130,1,102,83,28,47,2023,6
"Canberra-Brisbane","Canberra","Brisbane","All Airlines","Jun-23",298,296,2,223,233,73,63,2023,6
"Canberra-Gold Coast","Canberra","Gold Coast","All Airlines","Jun-23",47,47,0,33,33,14,14,2023,6
"Canberra-Melbourne","Canberra","Melbourne","All Airlines","Jun-23",453,435,18,307,294,128,141,2023,6
"Canberra-Sydney","Canberra","Sydney","All Airlines","Jun-23",711,643,68,484,485,159,158,2023,6
"Coffs Harbour-Sydney","Coffs Harbour","Sydney","All Airlines","Jun-23",217,214,3,157,149,57,65,2023,6
"Darwin-Adelaide","Darwin","Adelaide","All Airlines","Jun-23",97,97,0,61,82,36,15,2023,6
"Darwin-Brisbane","Darwin","Brisbane","All Airlines","Jun-23",100,97,3,51,76,46,21,2023,6
"Darwin-Melbourne","Darwin","Melbourne","All Airlines","Jun-23",94,89,5,22,48,67,41,2023,6
"Darwin-Perth","Darwin","Perth","All Airlines","Jun-23",51,51,0,26,27,25,24,2023,6
"Devonport-Melbourne","Devonport","Melbourne","All Airlines","Jun-23",153,149,4,114,108,35,41,2023,6
"Dubbo-Sydney","Dubbo","Sydney","All Airlines","Jun-23",223,216,7,153,151,63,65,2023,6
"Emerald-Brisbane","Emerald","Brisbane","All Airlines","Jun-23",143,142,1,116,118,26,24,2023,6
"Gladstone-Brisbane","Gladstone","Brisbane","All Airlines","Jun-23",189,178,11,145,141,33,37,2023,6
"Gold Coast-Adelaide","Gold Coast","Adelaide","All Airlines","Jun-23",62,60,2,50,44,10,16,2023,6
"Gold Coast-Canberra","Gold Coast","Canberra","All Airlines","Jun-23",47,47,0,35,35,12,12,2023,6
"Gold Coast-Melbourne","Gold Coast","Melbourne","All Airlines","Jun-23",472,460,12,313,286,147,174,2023,6
"Gold Coast-Sydney","Gold Coast","Sydney","All Airlines","Jun-23",656,634,22,445,427,189,207,2023,6
"Hamilton Island-Brisbane","Hamilton Island","Brisbane","All Airlines","Jun-23",54,54,0,40,44,14,10,2023,6
"Hamilton Island-Sydney","Hamilton Island","Sydney","All Airlines","Jun-23",78,76,2,45,47,31,29,2023,6
"Hobart-Brisbane","Hobart","Brisbane","All Airlines","Jun-23",93,91,2,58,50,33,41,2023,6
"Hobart-Melbourne","Hobart","Melbourne","All Airlines","Jun-23",357,353,4,238,215,115,138,2023,6
"Hobart-Sydney","Hobart","Sydney","All Airlines","Jun-23",224,214,10,167,158,47,56,2023,6
"Kalgoorlie-Perth","Kalgoorlie","Perth","All Airlines","Jun-23",152,149,3,96,93,53,56,2023,6
"Karratha-Perth","Karratha","Perth","All Airlines","Jun-23",195,192,3,122,133,70,59,2023,6
"Launceston-Brisbane","Launceston","Brisbane","All Airlines","Jun-23",35,35,0,17,20,18,15,2023,6
"Launceston-Melbourne","Launceston","Melbourne","All Airlines","Jun-23",273,262,11,184,184,78,78,2023,6
"Launceston-Sydney","Launceston","Sydney","All Airlines","Jun-23",89,87,2,61,57,26,30,2023,6
"Mackay-Brisbane","Mackay","Brisbane","All Airlines","Jun-23",274,269,5,174,199,95,70,2023,6
"Melbourne-Adelaide","Melbourne","Adelaide","All Airlines","Jun-23",657,645,12,408,379,237,266,2023,6
"Melbourne-Brisbane","Melbourne","Brisbane","All Airlines","Jun-23",992,962,30,632,648,330,314,2023,6
"Melbourne-Cairns","Melbourne","Cairns","All Airlines","Jun-23",197,195,2,122,112,73,83,2023,6
"Melbourne-Canberra","Melbourne","Canberra","All Airlines","Jun-23",453,434,19,311,310,123,124,2023,6
"Melbourne-Darwin","Melbourne","Darwin","All Airlines","Jun-23",92,89,3,38,23,51,66,2023,6
"Melbourne-Devonport","Melbourne","Devonport","All Airlines","Jun-23",153,149,4,115,118,34,31,2023,6
"Melbourne-Gold Coast","Melbourne","Gold Coast","All Airlines","Jun-23",471,461,10,286,324,175,137,2023,6
"Melbourne-Hobart","Melbourne","Hobart","All Airlines","Jun-23",357,355,2,225,212,130,143,2023,6
"Melbourne-Launceston","Melbourne","Launceston","All Airlines","Jun-23",271,264,7,173,167,91,97,2023,6
"Melbourne-Mildura","Melbourne","Mildura","All Airlines","Jun-23",216,209,7,140,129,69,80,2023,6
"Melbourne-Newcastle","Melbourne","Newcastle","All Airlines","Jun-23",135,132,3,83,87,49,45,2023,6
"Melbourne-Perth","Melbourne","Perth","All Airlines","Jun-23",446,422,24,270,271,152,151,2023,6
"Melbourne-Sunshine Coast","Melbourne","Sunshine Coast","All Airlines","Jun-23",163,161,2,110,112,51,49,2023,6
"Melbourne-Sydney","Melbourne","Sydney","All Airlines","Jun-23",2202,2007,195,1416,1397,591,610,2023,6
"Mildura-Melbourne","Mildura","Melbourne","All Airlines","Jun-23",214,203,11,119,121,84,82,2023,6
"Mount Isa-Brisbane","Mount Isa","Brisbane","All Airlines","Jun-23",61,60,1,46,51,14,9,2023,6
"Newcastle-Brisbane","Newcastle","Brisbane","All Airlines","Jun-23",274,258,16,196,204,62,54,2023,6
"Newcastle-Melbourne","Newcastle","Melbourne","All Airlines","Jun-23",136,129,7,89,82,40,47,2023,6
"Newman-Perth","Newman","Perth","All Airlines","Jun-23",171,162,9,112,95,50,67,2023,6
"Perth-Adelaide","Perth","Adelaide","All Airlines","Jun-23",176,165,11,103,111,62,54,2023,6
"Perth-Brisbane","Perth","Brisbane","All Airlines","Jun-23",281,273,8,155,193,118,80,2023,6
"Perth-Broome","Perth","Broome","All Airlines","Jun-23",141,139,2,93,104,46,35,2023,6
"Perth-Darwin","Perth","Darwin","All Airlines","Jun-23",51,51,0,33,30,18,21,2023,6
"Perth-Kalgoorlie","Perth","Kalgoorlie","All Airlines","Jun-23",152,149,3,116,108,33,41,2023,6
"Perth-Karratha","Perth","Karratha","All Airlines","Jun-23",195,192,3,148,145,44,47,2023,6
"Perth-Melbourne","Perth","Melbourne","All Airlines","Jun-23",456,429,27,278,300,151,129,2023,6
"Perth-Newman","Perth","Newman","All Airlines","Jun-23",172,166,6,127,126,39,40,2023,6
"Perth-Port Hedland","Perth","Port Hedland","All Airlines","Jun-23",187,180,7,134,137,46,43,2023,6
"Perth-Sydney","Perth","Sydney","All Airlines","Jun-23",396,381,15,206,276,175,105,2023,6
"Port Hedland-Perth","Port Hedland","Perth","All Airlines","Jun-23",187,180,7,117,109,63,71,2023,6
"Port Lincoln-Adelaide","Port Lincoln","Adelaide","All Airlines","Jun-23",277,260,17,199,199,61,61,2023,6
"Port Macquarie-Sydney","Port Macquarie","Sydney","All Airlines","Jun-23",196,191,5,146,133,45,58,2023,6
"Proserpine-Brisbane","Proserpine","Brisbane","All Airlines","Jun-23",90,89,1,66,68,23,21,2023,6
"Rockhampton-Brisbane","Rockhampton","Brisbane","All Airlines","Jun-23",322,308,14,201,197,107,111,2023,6
"Sunshine Coast-Melbourne","Sunshine Coast","Melbourne","All Airlines","Jun-23",163,160,3,101,77,59,83,2023,6
"Sunshine Coast-Sydney","Sunshine Coast","Sydney","All Airlines","Jun-23",201,200,1,137,109,63,91,2023,6
"Sydney-Adelaide","Sydney","Adelaide","All Airlines","Jun-23",512,487,25,344,268,143,219,2023,6
"Sydney-Albury","Sydney","Albury","All Airlines","Jun-23",204,204,0,157,161,47,43,2023,6
"Sydney-Armidale","Sydney","Armidale","All Airlines","Jun-23",159,148,11,115,125,33,23,2023,6
"Sydney-Ballina","Sydney","Ballina","All Airlines","Jun-23",206,202,4,144,149,58,53,2023,6
"Sydney-Brisbane","Sydney","Brisbane","All Airlines","Jun-23",1319,1245,74,911,883,334,362,2023,6
"Sydney-Cairns","Sydney","Cairns","All Airlines","Jun-23",200,199,1,127,129,72,70,2023,6
"Sydney-Canberra","Sydney","Canberra","All Airlines","Jun-23",710,645,65,490,495,155,150,2023,6
"Sydney-Coffs Harbour","Sydney","Coffs Harbour","All Airlines","Jun-23",217,214,3,157,169,57,45,2023,6
"Sydney-Dubbo","Sydney","Dubbo","All Airlines","Jun-23",231,225,6,161,168,64,57,2023,6
"Sydney-Gold Coast","Sydney","Gold Coast","All Airlines","Jun-23",655,634,21,442,435,192,199,2023,6
"Sydney-Hamilton Island","Sydney","Hamilton Island","All Airlines","Jun-23",78,77,1,54,51,23,26,2023,6
"Sydney-Hobart","Sydney","Hobart","All Airlines","Jun-23",225,218,7,170,167,48,51,2023,6
"Sydney-Launceston","Sydney","Launceston","All Airlines","Jun-23",89,87,2,66,67,21,20,2023,6
"Sydney-Melbourne","Sydney","Melbourne","All Airlines","Jun-23",2196,2011,185,1423,1228,588,783,2023,6
"Sydney-Perth","Sydney","Perth","All Airlines","Jun-23",404,391,13,245,195,146,196,2023,6
"Sydney-Port Macquarie","Sydney","Port Macquarie","All Airlines","Jun-23",197,190,7,142,148,48,42,2023,6
"Sydney-Sunshine Coast","Sydney","Sunshine Coast","All Airlines","Jun-23",201,200,1,139,138,61,62,2023,6
"Sydney-Wagga Wagga","Sydney","Wagga Wagga","All Airlines","Jun-23",192,191,1,142,135,49,56,2023,6
"Townsville-Brisbane","Townsville","Brisbane","All Airlines","Jun-23",320,315,5,164,178,151,137,2023,6
"Townsville-Cairns","Townsville","Cairns","All Airlines","Jun-23",165,163,2,133,139,30,24,2023,6
"Wagga Wagga-Sydney","Wagga Wagga","Sydney","All Airlines","Jun-23",190,189,1,144,149,45,40,2023,6
"Adelaide-Brisbane","Adelaide","Brisbane","Jetstar","Jul-23",36,34,2,21,24,13,10,2023,7
"Adelaide-Darwin","Adelaide","Darwin","Jetstar","Jul-23",30,28,2,23,21,5,7,2023,7
"Adelaide-Gold Coast","Adelaide","Gold Coast","Jetstar","Jul-23",35,34,1,26,27,8,7,2023,7
"Adelaide-Melbourne","Adelaide","Melbourne","Jetstar","Jul-23",103,101,2,64,71,37,30,2023,7
"Adelaide-Perth","Adelaide","Perth","Jetstar","Jul-23",30,29,1,26,21,3,8,2023,7
"Adelaide-Sydney","Adelaide","Sydney","Jetstar","Jul-23",120,104,16,82,87,22,17,2023,7
"Ballina-Sydney","Ballina","Sydney","Jetstar","Jul-23",79,78,1,56,54,22,24,2023,7
"Brisbane-Adelaide","Brisbane","Adelaide","Jetstar","Jul-23",36,34,2,22,26,12,8,2023,7
"Brisbane-Cairns","Brisbane","Cairns","Jetstar","Jul-23",93,91,2,63,58,28,33,2023,7
"Brisbane-Canberra","Brisbane","Canberra","Jetstar","Jul-23",31,31,0,21,20,10,11,2023,7
"Brisbane-Darwin","Brisbane","Darwin","Jetstar","Jul-23",27,27,0,23,23,4,4,2023,7
"Brisbane-Hobart","Brisbane","Hobart","Jetstar","Jul-23",25,25,0,21,21,4,4,2023,7
"Brisbane-Launceston","Brisbane","Launceston","Jetstar","Jul-23",25,25,0,14,15,11,10,2023,7
"Brisbane-Mackay","Brisbane","Mackay","Jetstar","Jul-23",29,29,0,14,13,15,16,2023,7
"Brisbane-Melbourne","Brisbane","Melbourne","Jetstar","Jul-23",157,147,10,88,86,59,61,2023,7
"Brisbane-Newcastle","Brisbane","Newcastle","Jetstar","Jul-23",55,53,2,42,40,11,13,2023,7
"Brisbane-Perth","Brisbane","Perth","Jetstar","Jul-23",24,22,2,13,14,9,8,2023,7
"Brisbane-Proserpine","Brisbane","Proserpine","Jetstar","Jul-23",36,36,0,27,27,9,9,2023,7
"Brisbane-Sydney","Brisbane","Sydney","Jetstar","Jul-23",202,191,11,132,137,59,54,2023,7
"Brisbane-Townsville","Brisbane","Townsville","Jetstar","Jul-23",50,50,0,33,32,17,18,2023,7
"Cairns-Brisbane","Cairns","Brisbane","Jetstar","Jul-23",93,92,1,76,81,16,11,2023,7
"Cairns-Melbourne","Cairns","Melbourne","Jetstar","Jul-23",124,120,4,75,83,45,37,2023,7
"Cairns-Sydney","Cairns","Sydney","Jetstar","Jul-23",121,119,2,72,80,47,39,2023,7
"Canberra-Brisbane","Canberra","Brisbane","Jetstar","Jul-23",31,31,0,16,21,15,10,2023,7
"Canberra-Gold Coast","Canberra","Gold Coast","Jetstar","Jul-23",18,18,0,11,15,7,3,2023,7
"Canberra-Melbourne","Canberra","Melbourne","Jetstar","Jul-23",31,30,1,17,17,13,13,2023,7
"Darwin-Adelaide","Darwin","Adelaide","Jetstar","Jul-23",32,29,3,13,24,16,5,2023,7
"Darwin-Brisbane","Darwin","Brisbane","Jetstar","Jul-23",27,26,1,16,17,10,9,2023,7
"Darwin-Melbourne","Darwin","Melbourne","Jetstar","Jul-23",31,31,0,9,16,22,15,2023,7
"Gold Coast-Adelaide","Gold Coast","Adelaide","Jetstar","Jul-23",35,34,1,24,23,10,11,2023,7
"Gold Coast-Canberra","Gold Coast","Canberra","Jetstar","Jul-23",18,18,0,16,14,2,4,2023,7
"Gold Coast-Melbourne","Gold Coast","Melbourne","Jetstar","Jul-23",223,218,5,158,151,60,67,2023,7
"Gold Coast-Sydney","Gold Coast","Sydney","Jetstar","Jul-23",281,270,11,198,199,72,71,2023,7
"Hamilton Island-Sydney","Hamilton Island","Sydney","Jetstar","Jul-23",29,29,0,15,15,14,14,2023,7
"Hobart-Brisbane","Hobart","Brisbane","Jetstar","Jul-23",25,25,0,17,15,8,10,2023,7
"Hobart-Melbourne","Hobart","Melbourne","Jetstar","Jul-23",114,113,1,70,69,43,44,2023,7
"Hobart-Sydney","Hobart","Sydney","Jetstar","Jul-23",81,80,1,60,58,20,22,2023,7
"Launceston-Brisbane","Launceston","Brisbane","Jetstar","Jul-23",25,25,0,10,14,15,11,2023,7
"Launceston-Melbourne","Launceston","Melbourne","Jetstar","Jul-23",89,86,3,41,45,45,41,2023,7
"Launceston-Sydney","Launceston","Sydney","Jetstar","Jul-23",57,56,1,28,28,28,28,2023,7
"Mackay-Brisbane","Mackay","Brisbane","Jetstar","Jul-23",29,29,0,11,13,18,16,2023,7
"Melbourne-Adelaide","Melbourne","Adelaide","Jetstar","Jul-23",103,101,2,72,71,29,30,2023,7
"Melbourne-Brisbane","Melbourne","Brisbane","Jetstar","Jul-23",160,150,10,82,84,68,66,2023,7
"Melbourne-Cairns","Melbourne","Cairns","Jetstar","Jul-23",123,119,4,73,82,46,37,2023,7
"Melbourne-Canberra","Melbourne","Canberra","Jetstar","Jul-23",31,30,1,17,18,13,12,2023,7
"Melbourne-Darwin","Melbourne","Darwin","Jetstar","Jul-23",31,31,0,24,16,7,15,2023,7
"Melbourne-Gold Coast","Melbourne","Gold Coast","Jetstar","Jul-23",223,218,5,134,153,84,65,2023,7
"Melbourne-Hobart","Melbourne","Hobart","Jetstar","Jul-23",113,113,0,68,67,45,46,2023,7
"Melbourne-Launceston","Melbourne","Launceston","Jetstar","Jul-23",89,86,3,56,51,30,35,2023,7
"Melbourne-Newcastle","Melbourne","Newcastle","Jetstar","Jul-23",55,55,0,42,43,13,12,2023,7
"Melbourne-Perth","Melbourne","Perth","Jetstar","Jul-23",69,66,3,47,47,19,19,2023,7
"Melbourne-Sunshine Coast","Melbourne","Sunshine Coast","Jetstar","Jul-23",59,59,0,35,38,24,21,2023,7
"Melbourne-Sydney","Melbourne","Sydney","Jetstar","Jul-23",387,356,31,237,258,119,98,2023,7
"Newcastle-Brisbane","Newcastle","Brisbane","Jetstar","Jul-23",55,53,2,39,36,14,17,2023,7
"Newcastle-Melbourne","Newcastle","Melbourne","Jetstar","Jul-23",55,55,0,41,43,14,12,2023,7
"Perth-Adelaide","Perth","Adelaide","Jetstar","Jul-23",30,29,1,17,23,12,6,2023,7
"Perth-Brisbane","Perth","Brisbane","Jetstar","Jul-23",26,22,4,8,13,14,9,2023,7
"Perth-Melbourne","Perth","Melbourne","Jetstar","Jul-23",71,65,6,34,46,31,19,2023,7
"Perth-Sydney","Perth","Sydney","Jetstar","Jul-23",59,56,3,12,26,44,30,2023,7
"Proserpine-Brisbane","Proserpine","Brisbane","Jetstar","Jul-23",37,36,1,25,25,11,11,2023,7
"Sunshine Coast-Melbourne","Sunshine Coast","Melbourne","Jetstar","Jul-23",60,60,0,28,28,32,32,2023,7
"Sunshine Coast-Sydney","Sunshine Coast","Sydney","Jetstar","Jul-23",109,107,2,76,59,31,48,2023,7
"Sydney-Adelaide","Sydney","Adelaide","Jetstar","Jul-23",120,105,15,69,71,36,34,2023,7
"Sydney-Ballina","Sydney","Ballina","Jetstar","Jul-23",79,78,1,60,63,18,15,2023,7
"Sydney-Brisbane","Sydney","Brisbane","Jetstar","Jul-23",201,194,7,122,121,72,73,2023,7
"Sydney-Cairns","Sydney","Cairns","Jetstar","Jul-23",121,119,2,77,77,42,42,2023,7
"Sydney-Gold Coast","Sydney","Gold Coast","Jetstar","Jul-23",281,271,10,199,207,72,64,2023,7
"Sydney-Hamilton Island","Sydney","Hamilton Island","Jetstar","Jul-23",29,29,0,21,25,8,4,2023,7
"Sydney-Hobart","Sydney","Hobart","Jetstar","Jul-23",81,80,1,59,61,21,19,2023,7
"Sydney-Launceston","Sydney","Launceston","Jetstar","Jul-23",56,56,0,30,30,26,26,2023,7
"Sydney-Melbourne","Sydney","Melbourne","Jetstar","Jul-23",386,354,32,247,238,107,116,2023,7
"Sydney-Perth","Sydney","Perth","Jetstar","Jul-23",58,56,2,30,26,26,30,2023,7
"Sydney-Sunshine Coast","Sydney","Sunshine Coast","Jetstar","Jul-23",109,107,2,79,84,28,23,2023,7
"Townsville-Brisbane","Townsville","Brisbane","Jetstar","Jul-23",50,50,0,27,26,23,24,2023,7
"Adelaide-Melbourne","Adelaide","Melbourne","Qantas","Jul-23",235,229,6,167,171,62,58,2023,7
"Adelaide-Perth","Adelaide","Perth","Qantas","Jul-23",91,91,0,78,78,13,13,2023,7
"Adelaide-Sydney","Adelaide","Sydney","Qantas","Jul-23",216,214,2,144,153,70,61,2023,7
"Brisbane-Cairns","Brisbane","Cairns","Qantas","Jul-23",110,110,0,90,92,20,18,2023,7
"Brisbane-Canberra","Brisbane","Canberra","Qantas","Jul-23",5,5,0,4,4,1,1,2023,7
"Brisbane-Darwin","Brisbane","Darwin","Qantas","Jul-23",42,42,0,36,36,6,6,2023,7
"Brisbane-Hamilton Island","Brisbane","Hamilton Island","Qantas","Jul-23",26,26,0,17,18,9,8,2023,7
"Brisbane-Mackay","Brisbane","Mackay","Qantas","Jul-23",92,92,0,73,73,19,19,2023,7
"Brisbane-Melbourne","Brisbane","Melbourne","Qantas","Jul-23",386,378,8,273,260,105,118,2023,7
"Brisbane-Mount Isa","Brisbane","Mount Isa","Qantas","Jul-23",47,47,0,40,43,7,4,2023,7
"Brisbane-Perth","Brisbane","Perth","Qantas","Jul-23",148,147,1,93,88,54,59,2023,7
"Brisbane-Sydney","Brisbane","Sydney","Qantas","Jul-23",537,514,23,416,390,98,124,2023,7
"Brisbane-Townsville","Brisbane","Townsville","Qantas","Jul-23",66,66,0,47,47,19,19,2023,7
"Broome-Perth","Broome","Perth","Qantas","Jul-23",10,9,1,4,5,5,4,2023,7
"Cairns-Brisbane","Cairns","Brisbane","Qantas","Jul-23",109,109,0,91,96,18,13,2023,7
"Cairns-Melbourne","Cairns","Melbourne","Qantas","Jul-23",31,31,0,16,15,15,16,2023,7
"Cairns-Sydney","Cairns","Sydney","Qantas","Jul-23",40,39,1,19,22,20,17,2023,7
"Canberra-Brisbane","Canberra","Brisbane","Qantas","Jul-23",5,5,0,4,4,1,1,2023,7
"Darwin-Brisbane","Darwin","Brisbane","Qantas","Jul-23",42,41,1,30,35,11,6,2023,7
"Darwin-Melbourne","Darwin","Melbourne","Qantas","Jul-23",31,31,0,16,22,15,9,2023,7
"Gold Coast-Melbourne","Gold Coast","Melbourne","Qantas","Jul-23",19,19,0,9,10,10,9,2023,7
"Gold Coast-Sydney","Gold Coast","Sydney","Qantas","Jul-23",82,81,1,62,60,19,21,2023,7
"Hamilton Island-Brisbane","Hamilton Island","Brisbane","Qantas","Jul-23",27,26,1,17,18,9,8,2023,7
"Hamilton Island-Sydney","Hamilton Island","Sydney","Qantas","Jul-23",31,30,1,21,21,9,9,2023,7
"Hobart-Melbourne","Hobart","Melbourne","Qantas","Jul-23",36,36,0,24,25,12,11,2023,7
"Hobart-Sydney","Hobart","Sydney","Qantas","Jul-23",39,38,1,33,35,5,3,2023,7
"Kalgoorlie-Perth","Kalgoorlie","Perth","Qantas","Jul-23",27,25,2,17,14,8,11,2023,7
"Karratha-Perth","Karratha","Perth","Qantas","Jul-23",19,19,0,15,14,4,5,2023,7
"Mackay-Brisbane","Mackay","Brisbane","Qantas","Jul-23",93,92,1,71,70,21,22,2023,7
"Melbourne-Adelaide","Melbourne","Adelaide","Qantas","Jul-23",234,228,6,169,153,59,75,2023,7
"Melbourne-Brisbane","Melbourne","Brisbane","Qantas","Jul-23",387,381,6,250,268,131,113,2023,7
"Melbourne-Cairns","Melbourne","Cairns","Qantas","Jul-23",30,30,0,20,24,10,6,2023,7
"Melbourne-Darwin","Melbourne","Darwin","Qantas","Jul-23",31,30,1,13,12,17,18,2023,7
"Melbourne-Gold Coast","Melbourne","Gold Coast","Qantas","Jul-23",19,19,0,12,13,7,6,2023,7
"Melbourne-Hobart","Melbourne","Hobart","Qantas","Jul-23",36,36,0,16,18,20,18,2023,7
"Melbourne-Perth","Melbourne","Perth","Qantas","Jul-23",195,184,11,110,90,74,94,2023,7
"Melbourne-Sunshine Coast","Melbourne","Sunshine Coast","Qantas","Jul-23",31,31,0,19,23,12,8,2023,7
"Melbourne-Sydney","Melbourne","Sydney","Qantas","Jul-23",914,841,73,619,610,222,231,2023,7
"Mount Isa-Brisbane","Mount Isa","Brisbane","Qantas","Jul-23",47,47,0,37,42,10,5,2023,7
"Newman-Perth","Newman","Perth","Qantas","Jul-23",21,19,2,16,12,3,7,2023,7
"Perth-Adelaide","Perth","Adelaide","Qantas","Jul-23",93,93,0,61,81,32,12,2023,7
"Perth-Brisbane","Perth","Brisbane","Qantas","Jul-23",149,146,3,95,110,51,36,2023,7
"Perth-Broome","Perth","Broome","Qantas","Jul-23",10,9,1,8,9,1,0,2023,7
"Perth-Kalgoorlie","Perth","Kalgoorlie","Qantas","Jul-23",27,25,2,21,19,4,6,2023,7
"Perth-Karratha","Perth","Karratha","Qantas","Jul-23",19,19,0,17,17,2,2,2023,7
"Perth-Melbourne","Perth","Melbourne","Qantas","Jul-23",195,183,12,97,128,86,55,2023,7
"Perth-Newman","Perth","Newman","Qantas","Jul-23",21,19,2,16,16,3,3,2023,7
"Perth-Port Hedland","Perth","Port Hedland","Qantas","Jul-23",24,24,0,20,21,4,3,2023,7
"Perth-Sydney","Perth","Sydney","Qantas","Jul-23",212,199,13,107,149,92,50,2023,7
"Port Hedland-Perth","Port Hedland","Perth","Qantas","Jul-23",24,24,0,17,19,7,5,2023,7
"Sunshine Coast-Melbourne","Sunshine Coast","Melbourne","Qantas","Jul-23",31,31,0,9,11,22,20,2023,7
"Sunshine Coast-Sydney","Sunshine Coast","Sydney","Qantas","Jul-23",47,47,0,27,28,20,19,2023,7
"Sydney-Adelaide","Sydney","Adelaide","Qantas","Jul-23",215,214,1,146,126,68,88,2023,7
"Sydney-Brisbane","Sydney","Brisbane","Qantas","Jul-23",538,520,18,354,347,166,173,2023,7
"Sydney-Cairns","Sydney","Cairns","Qantas","Jul-23",40,40,0,28,25,12,15,2023,7
"Sydney-Gold Coast","Sydney","Gold Coast","Qantas","Jul-23",82,82,0,50,54,32,28,2023,7
"Sydney-Hamilton Island","Sydney","Hamilton Island","Qantas","Jul-23",31,30,1,21,19,9,11,2023,7
"Sydney-Hobart","Sydney","Hobart","Qantas","Jul-23",38,37,1,24,26,13,11,2023,7
"Sydney-Melbourne","Sydney","Melbourne","Qantas","Jul-23",918,844,74,597,527,247,317,2023,7
"Sydney-Perth","Sydney","Perth","Qantas","Jul-23",212,202,10,102,91,100,111,2023,7
"Sydney-Sunshine Coast","Sydney","Sunshine Coast","Qantas","Jul-23",46,46,0,25,28,21,18,2023,7
"Townsville-Brisbane","Townsville","Brisbane","Qantas","Jul-23",64,64,0,45,46,19,18,2023,7
"Gold Coast-Adelaide","Gold Coast","Adelaide","QantasLink","Jul-23",6,6,0,4,1,2,5,2023,7
"Gold Coast-Melbourne","Gold Coast","Melbourne","QantasLink","Jul-23",12,12,0,4,4,8,8,2023,7
"Gold Coast-Sydney","Gold Coast","Sydney","QantasLink","Jul-23",11,11,0,7,7,4,4,2023,7
"Melbourne-Darwin","Melbourne","Darwin","QantasLink","Jul-23",9,9,0,4,0,5,9,2023,7
"Melbourne-Gold Coast","Melbourne","Gold Coast","QantasLink","Jul-23",12,12,0,7,6,5,6,2023,7
"Melbourne-Sydney","Melbourne","Sydney","QantasLink","Jul-23",5,5,0,5,4,0,1,2023,7
"Darwin-Brisbane","Darwin","Brisbane","QantasLink","Jul-23",12,12,0,5,5,7,7,2023,7
"Darwin-Melbourne","Darwin","Melbourne","QantasLink","Jul-23",9,9,0,7,9,2,0,2023,7
"Brisbane-Darwin","Brisbane","Darwin","QantasLink","Jul-23",12,12,0,9,7,3,5,2023,7
"Brisbane-Mount Isa","Brisbane","Mount Isa","QantasLink","Jul-23",5,5,0,4,5,1,0,2023,7
"Sydney-Gold Coast","Sydney","Gold Coast","QantasLink","Jul-23",11,11,0,7,7,4,4,2023,7
"Sydney-Melbourne","Sydney","Melbourne","QantasLink","Jul-23",5,5,0,4,4,1,1,2023,7
"Adelaide-Gold Coast","Adelaide","Gold Coast","QantasLink","Jul-23",6,6,0,4,5,2,1,2023,7
"Mount Isa-Brisbane","Mount Isa","Brisbane","QantasLink","Jul-23",5,5,0,4,5,1,0,2023,7
"Adelaide-Alice Springs","Adelaide","Alice Springs","QantasLink","Jul-23",52,52,0,44,36,8,16,2023,7
"Adelaide-Brisbane","Adelaide","Brisbane","QantasLink","Jul-23",185,182,3,98,120,84,62,2023,7
"Adelaide-Canberra","Adelaide","Canberra","QantasLink","Jul-23",114,112,2,97,97,15,15,2023,7
"Adelaide-Darwin","Adelaide","Darwin","QantasLink","Jul-23",62,62,0,48,36,14,26,2023,7
"Adelaide-Melbourne","Adelaide","Melbourne","QantasLink","Jul-23",13,13,0,3,3,10,10,2023,7
"Adelaide-Port Lincoln","Adelaide","Port Lincoln","QantasLink","Jul-23",140,132,8,114,112,18,20,2023,7
"Albury-Sydney","Albury","Sydney","QantasLink","Jul-23",114,111,3,71,77,40,34,2023,7
"Alice Springs-Adelaide","Alice Springs","Adelaide","QantasLink","Jul-23",52,52,0,30,35,22,17,2023,7
"Armidale-Sydney","Armidale","Sydney","QantasLink","Jul-23",114,105,9,81,87,24,18,2023,7
"Ballina-Sydney","Ballina","Sydney","QantasLink","Jul-23",102,96,6,83,80,13,16,2023,7
"Brisbane-Adelaide","Brisbane","Adelaide","QantasLink","Jul-23",184,182,2,114,80,68,102,2023,7
"Brisbane-Cairns","Brisbane","Cairns","QantasLink","Jul-23",45,45,0,31,31,14,14,2023,7
"Brisbane-Canberra","Brisbane","Canberra","QantasLink","Jul-23",169,168,1,111,109,57,59,2023,7
"Brisbane-Emerald","Brisbane","Emerald","QantasLink","Jul-23",122,122,0,97,99,25,23,2023,7
"Brisbane-Gladstone","Brisbane","Gladstone","QantasLink","Jul-23",143,128,15,100,109,28,19,2023,7
"Brisbane-Hobart","Brisbane","Hobart","QantasLink","Jul-23",26,25,1,18,16,7,9,2023,7
"Brisbane-Mackay","Brisbane","Mackay","QantasLink","Jul-23",19,19,0,10,12,9,7,2023,7
"Brisbane-Newcastle","Brisbane","Newcastle","QantasLink","Jul-23",134,123,11,101,111,22,12,2023,7
"Brisbane-Proserpine","Brisbane","Proserpine","QantasLink","Jul-23",30,30,0,26,25,4,5,2023,7
"Brisbane-Rockhampton","Brisbane","Rockhampton","QantasLink","Jul-23",181,166,15,124,131,42,35,2023,7
"Brisbane-Townsville","Brisbane","Townsville","QantasLink","Jul-23",76,76,0,52,51,24,25,2023,7
"Broome-Perth","Broome","Perth","QantasLink","Jul-23",85,85,0,43,42,42,43,2023,7
"Cairns-Brisbane","Cairns","Brisbane","QantasLink","Jul-23",45,45,0,23,18,22,27,2023,7
"Cairns-Townsville","Cairns","Townsville","QantasLink","Jul-23",152,143,9,127,126,16,17,2023,7
"Canberra-Adelaide","Canberra","Adelaide","QantasLink","Jul-23",114,112,2,96,78,16,34,2023,7
"Canberra-Brisbane","Canberra","Brisbane","QantasLink","Jul-23",169,168,1,117,123,51,45,2023,7
"Canberra-Melbourne","Canberra","Melbourne","QantasLink","Jul-23",270,255,15,176,167,79,88,2023,7
"Canberra-Sydney","Canberra","Sydney","QantasLink","Jul-23",461,408,53,291,281,117,127,2023,7
"Coffs Harbour-Sydney","Coffs Harbour","Sydney","QantasLink","Jul-23",114,109,5,79,74,30,35,2023,7
"Darwin-Adelaide","Darwin","Adelaide","QantasLink","Jul-23",62,62,0,53,57,9,5,2023,7
"Darwin-Perth","Darwin","Perth","QantasLink","Jul-23",38,38,0,19,21,19,17,2023,7
"Devonport-Melbourne","Devonport","Melbourne","QantasLink","Jul-23",119,117,2,90,90,27,27,2023,7
"Dubbo-Sydney","Dubbo","Sydney","QantasLink","Jul-23",114,114,0,81,87,33,27,2023,7
"Emerald-Brisbane","Emerald","Brisbane","QantasLink","Jul-23",122,121,1,96,96,25,25,2023,7
"Gladstone-Brisbane","Gladstone","Brisbane","QantasLink","Jul-23",144,129,15,105,108,24,21,2023,7
"Hobart-Brisbane","Hobart","Brisbane","QantasLink","Jul-23",26,25,1,16,20,9,5,2023,7
"Hobart-Melbourne","Hobart","Melbourne","QantasLink","Jul-23",68,66,2,42,37,24,29,2023,7
"Hobart-Sydney","Hobart","Sydney","QantasLink","Jul-23",44,43,1,26,28,17,15,2023,7
"Kalgoorlie-Perth","Kalgoorlie","Perth","QantasLink","Jul-23",46,45,1,28,21,17,24,2023,7
"Karratha-Perth","Karratha","Perth","QantasLink","Jul-23",125,125,0,67,78,58,47,2023,7
"Launceston-Melbourne","Launceston","Melbourne","QantasLink","Jul-23",119,113,6,69,80,44,33,2023,7
"Launceston-Sydney","Launceston","Sydney","QantasLink","Jul-23",31,30,1,21,23,9,7,2023,7
"Mackay-Brisbane","Mackay","Brisbane","QantasLink","Jul-23",23,23,0,15,15,8,8,2023,7
"Melbourne-Adelaide","Melbourne","Adelaide","QantasLink","Jul-23",13,12,1,8,5,4,7,2023,7
"Melbourne-Canberra","Melbourne","Canberra","QantasLink","Jul-23",270,259,11,186,183,73,76,2023,7
"Melbourne-Devonport","Melbourne","Devonport","QantasLink","Jul-23",119,117,2,90,94,27,23,2023,7
"Melbourne-Hobart","Melbourne","Hobart","QantasLink","Jul-23",68,67,1,46,41,21,26,2023,7
"Melbourne-Launceston","Melbourne","Launceston","QantasLink","Jul-23",119,113,6,72,78,41,35,2023,7
"Melbourne-Mildura","Melbourne","Mildura","QantasLink","Jul-23",136,133,3,89,89,44,44,2023,7
"Melbourne-Newcastle","Melbourne","Newcastle","QantasLink","Jul-23",57,54,3,36,34,18,20,2023,7
"Mildura-Melbourne","Mildura","Melbourne","QantasLink","Jul-23",136,131,5,90,89,41,42,2023,7
"Newcastle-Brisbane","Newcastle","Brisbane","QantasLink","Jul-23",135,121,14,93,104,28,17,2023,7
"Newcastle-Melbourne","Newcastle","Melbourne","QantasLink","Jul-23",57,56,1,39,38,17,18,2023,7
"Newman-Perth","Newman","Perth","QantasLink","Jul-23",92,90,2,65,52,25,38,2023,7
"Perth-Broome","Perth","Broome","QantasLink","Jul-23",85,85,0,52,61,33,24,2023,7
"Perth-Darwin","Perth","Darwin","QantasLink","Jul-23",38,38,0,28,28,10,10,2023,7
"Perth-Kalgoorlie","Perth","Kalgoorlie","QantasLink","Jul-23",46,45,1,27,28,18,17,2023,7
"Perth-Karratha","Perth","Karratha","QantasLink","Jul-23",125,125,0,76,84,49,41,2023,7
"Perth-Newman","Perth","Newman","QantasLink","Jul-23",93,93,0,69,70,24,23,2023,7
"Perth-Port Hedland","Perth","Port Hedland","QantasLink","Jul-23",116,114,2,72,74,42,40,2023,7
"Port Hedland-Perth","Port Hedland","Perth","QantasLink","Jul-23",116,113,3,70,63,43,50,2023,7
"Port Lincoln-Adelaide","Port Lincoln","Adelaide","QantasLink","Jul-23",140,130,10,111,113,19,17,2023,7
"Port Macquarie-Sydney","Port Macquarie","Sydney","QantasLink","Jul-23",114,113,1,88,84,25,29,2023,7
"Proserpine-Brisbane","Proserpine","Brisbane","QantasLink","Jul-23",30,30,0,21,22,9,8,2023,7
"Rockhampton-Brisbane","Rockhampton","Brisbane","QantasLink","Jul-23",181,164,17,108,116,56,48,2023,7
"Sydney-Albury","Sydney","Albury","QantasLink","Jul-23",114,111,3,76,74,35,37,2023,7
"Sydney-Armidale","Sydney","Armidale","QantasLink","Jul-23",113,107,6,77,88,30,19,2023,7
"Sydney-Ballina","Sydney","Ballina","QantasLink","Jul-23",101,96,5,76,83,20,13,2023,7
"Sydney-Canberra","Sydney","Canberra","QantasLink","Jul-23",462,412,50,312,305,100,107,2023,7
"Sydney-Coffs Harbour","Sydney","Coffs Harbour","QantasLink","Jul-23",114,110,4,66,82,44,28,2023,7
"Sydney-Dubbo","Sydney","Dubbo","QantasLink","Jul-23",114,114,0,72,77,42,37,2023,7
"Sydney-Hobart","Sydney","Hobart","QantasLink","Jul-23",45,44,1,26,29,18,15,2023,7
"Sydney-Launceston","Sydney","Launceston","QantasLink","Jul-23",31,30,1,21,19,9,11,2023,7
"Sydney-Port Macquarie","Sydney","Port Macquarie","QantasLink","Jul-23",114,114,0,82,89,32,25,2023,7
"Sydney-Wagga Wagga","Sydney","Wagga Wagga","QantasLink","Jul-23",114,112,2,80,85,32,27,2023,7
"Townsville-Brisbane","Townsville","Brisbane","QantasLink","Jul-23",77,77,0,43,41,34,36,2023,7
"Townsville-Cairns","Townsville","Cairns","QantasLink","Jul-23",152,141,11,108,109,33,32,2023,7
"Wagga Wagga-Sydney","Wagga Wagga","Sydney","QantasLink","Jul-23",114,111,3,85,89,26,22,2023,7
"Adelaide-Melbourne","Adelaide","Melbourne","Rex Airlines","Jul-23",57,57,0,41,40,16,17,2023,7
"Adelaide-Port Lincoln","Adelaide","Port Lincoln","Rex Airlines","Jul-23",144,139,5,120,113,19,26,2023,7
"Albury-Sydney","Albury","Sydney","Rex Airlines","Jul-23",92,90,2,73,69,17,21,2023,7
"Armidale-Sydney","Armidale","Sydney","Rex Airlines","Jul-23",52,48,4,30,29,18,19,2023,7
"Brisbane-Melbourne","Brisbane","Melbourne","Rex Airlines","Jul-23",57,57,0,42,37,15,20,2023,7
"Brisbane-Sydney","Brisbane","Sydney","Rex Airlines","Jul-23",143,143,0,106,92,37,51,2023,7
"Cairns-Townsville","Cairns","Townsville","Rex Airlines","Jul-23",13,13,0,10,10,3,3,2023,7
"Canberra-Melbourne","Canberra","Melbourne","Rex Airlines","Jul-23",31,31,0,18,19,13,12,2023,7
"Coffs Harbour-Sydney","Coffs Harbour","Sydney","Rex Airlines","Jul-23",92,92,0,72,63,20,29,2023,7
"Devonport-Melbourne","Devonport","Melbourne","Rex Airlines","Jul-23",50,49,1,44,41,5,8,2023,7
"Dubbo-Sydney","Dubbo","Sydney","Rex Airlines","Jul-23",112,108,4,89,82,19,26,2023,7
"Gold Coast-Melbourne","Gold Coast","Melbourne","Rex Airlines","Jul-23",31,31,0,26,21,5,10,2023,7
"Gold Coast-Sydney","Gold Coast","Sydney","Rex Airlines","Jul-23",31,31,0,23,25,8,6,2023,7
"Melbourne-Adelaide","Melbourne","Adelaide","Rex Airlines","Jul-23",57,57,0,39,40,18,17,2023,7
"Melbourne-Brisbane","Melbourne","Brisbane","Rex Airlines","Jul-23",57,57,0,49,47,8,10,2023,7
"Melbourne-Canberra","Melbourne","Canberra","Rex Airlines","Jul-23",31,31,0,24,21,7,10,2023,7
"Melbourne-Devonport","Melbourne","Devonport","Rex Airlines","Jul-23",50,49,1,44,45,5,4,2023,7
"Melbourne-Gold Coast","Melbourne","Gold Coast","Rex Airlines","Jul-23",31,31,0,29,29,2,2,2023,7
"Melbourne-Mildura","Melbourne","Mildura","Rex Airlines","Jul-23",101,101,0,89,86,12,15,2023,7
"Melbourne-Sydney","Melbourne","Sydney","Rex Airlines","Jul-23",193,184,9,158,157,26,27,2023,7
"Mildura-Melbourne","Mildura","Melbourne","Rex Airlines","Jul-23",101,101,0,88,83,13,18,2023,7
"Port Lincoln-Adelaide","Port Lincoln","Adelaide","Rex Airlines","Jul-23",145,139,6,109,107,30,32,2023,7
"Port Macquarie-Sydney","Port Macquarie","Sydney","Rex Airlines","Jul-23",78,75,3,62,54,13,21,2023,7
"Sydney-Albury","Sydney","Albury","Rex Airlines","Jul-23",92,90,2,71,72,19,18,2023,7
"Sydney-Armidale","Sydney","Armidale","Rex Airlines","Jul-23",48,44,4,30,29,14,15,2023,7
"Sydney-Brisbane","Sydney","Brisbane","Rex Airlines","Jul-23",143,142,1,106,97,36,45,2023,7
"Sydney-Coffs Harbour","Sydney","Coffs Harbour","Rex Airlines","Jul-23",92,92,0,74,77,18,15,2023,7
"Sydney-Dubbo","Sydney","Dubbo","Rex Airlines","Jul-23",115,115,0,96,97,19,18,2023,7
"Sydney-Gold Coast","Sydney","Gold Coast","Rex Airlines","Jul-23",31,31,0,22,23,9,8,2023,7
"Sydney-Melbourne","Sydney","Melbourne","Rex Airlines","Jul-23",194,185,9,145,127,40,58,2023,7
"Sydney-Port Macquarie","Sydney","Port Macquarie","Rex Airlines","Jul-23",81,79,2,65,68,14,11,2023,7
"Sydney-Wagga Wagga","Sydney","Wagga Wagga","Rex Airlines","Jul-23",84,84,0,63,62,21,22,2023,7
"Townsville-Cairns","Townsville","Cairns","Rex Airlines","Jul-23",13,13,0,11,11,2,2,2023,7
"Wagga Wagga-Sydney","Wagga Wagga","Sydney","Rex Airlines","Jul-23",86,86,0,70,67,16,19,2023,7
"Adelaide-Alice Springs","Adelaide","Alice Springs","Virgin Australia","Jul-23",16,16,0,9,7,7,9,2023,7
"Adelaide-Brisbane","Adelaide","Brisbane","Virgin Australia","Jul-23",144,139,5,73,80,66,59,2023,7
"Adelaide-Canberra","Adelaide","Canberra","Virgin Australia","Jul-23",17,15,2,7,8,8,7,2023,7
"Adelaide-Darwin","Adelaide","Darwin","Virgin Australia","Jul-23",16,16,0,13,12,3,4,2023,7
"Adelaide-Gold Coast","Adelaide","Gold Coast","Virgin Australia","Jul-23",38,38,0,32,35,6,3,2023,7
"Adelaide-Melbourne","Adelaide","Melbourne","Virgin Australia","Jul-23",251,249,2,151,147,98,102,2023,7
"Adelaide-Perth","Adelaide","Perth","Virgin Australia","Jul-23",16,14,2,13,8,1,6,2023,7
"Adelaide-Sydney","Adelaide","Sydney","Virgin Australia","Jul-23",185,168,17,98,104,70,64,2023,7
"Alice Springs-Adelaide","Alice Springs","Adelaide","Virgin Australia","Jul-23",16,16,0,2,4,14,12,2023,7
"Ballina-Sydney","Ballina","Sydney","Virgin Australia","Jul-23",49,47,2,19,17,28,30,2023,7
"Brisbane-Adelaide","Brisbane","Adelaide","Virgin Australia","Jul-23",144,138,6,81,74,57,64,2023,7
"Brisbane-Cairns","Brisbane","Cairns","Virgin Australia","Jul-23",145,144,1,88,98,56,46,2023,7
"Brisbane-Canberra","Brisbane","Canberra","Virgin Australia","Jul-23",96,95,1,55,51,40,44,2023,7
"Brisbane-Darwin","Brisbane","Darwin","Virgin Australia","Jul-23",35,35,0,17,25,18,10,2023,7
"Brisbane-Emerald","Brisbane","Emerald","Virgin Australia","Jul-23",26,26,0,22,23,4,3,2023,7
"Brisbane-Gladstone","Brisbane","Gladstone","Virgin Australia","Jul-23",52,50,2,29,29,21,21,2023,7
"Brisbane-Hamilton Island","Brisbane","Hamilton Island","Virgin Australia","Jul-23",35,34,1,22,23,12,11,2023,7
"Brisbane-Hobart","Brisbane","Hobart","Virgin Australia","Jul-23",42,38,4,25,28,13,10,2023,7
"Brisbane-Launceston","Brisbane","Launceston","Virgin Australia","Jul-23",16,16,0,11,9,5,7,2023,7
"Brisbane-Mackay","Brisbane","Mackay","Virgin Australia","Jul-23",138,134,4,75,84,59,50,2023,7
"Brisbane-Melbourne","Brisbane","Melbourne","Virgin Australia","Jul-23",389,358,31,188,175,170,183,2023,7
"Brisbane-Mount Isa","Brisbane","Mount Isa","Virgin Australia","Jul-23",12,12,0,10,10,2,2,2023,7
"Brisbane-Newcastle","Brisbane","Newcastle","Virgin Australia","Jul-23",83,82,1,44,40,38,42,2023,7
"Brisbane-Perth","Brisbane","Perth","Virgin Australia","Jul-23",115,107,8,50,63,57,44,2023,7
"Brisbane-Proserpine","Brisbane","Proserpine","Virgin Australia","Jul-23",37,36,1,21,23,15,13,2023,7
"Brisbane-Rockhampton","Brisbane","Rockhampton","Virgin Australia","Jul-23",140,139,1,80,72,59,67,2023,7
"Brisbane-Sydney","Brisbane","Sydney","Virgin Australia","Jul-23",484,436,48,261,241,175,195,2023,7
"Brisbane-Townsville","Brisbane","Townsville","Virgin Australia","Jul-23",141,140,1,64,66,76,74,2023,7
"Broome-Perth","Broome","Perth","Virgin Australia","Jul-23",27,27,0,8,15,19,12,2023,7
"Cairns-Brisbane","Cairns","Brisbane","Virgin Australia","Jul-23",145,144,1,83,96,61,48,2023,7
"Cairns-Melbourne","Cairns","Melbourne","Virgin Australia","Jul-23",91,85,6,42,35,43,50,2023,7
"Cairns-Sydney","Cairns","Sydney","Virgin Australia","Jul-23",94,92,2,64,68,28,24,2023,7
"Canberra-Adelaide","Canberra","Adelaide","Virgin Australia","Jul-23",17,15,2,7,8,8,7,2023,7
"Canberra-Brisbane","Canberra","Brisbane","Virgin Australia","Jul-23",96,94,2,51,56,43,38,2023,7
"Canberra-Gold Coast","Canberra","Gold Coast","Virgin Australia","Jul-23",31,31,0,15,17,16,14,2023,7
"Canberra-Melbourne","Canberra","Melbourne","Virgin Australia","Jul-23",112,108,4,54,37,54,71,2023,7
"Canberra-Sydney","Canberra","Sydney","Virgin Australia","Jul-23",250,241,9,173,188,68,53,2023,7
"Darwin-Adelaide","Darwin","Adelaide","virgin Australia","Jul-23",16,16,0,9,14,7,2,2023,7
"Darwin-Brisbane","Darwin","Brisbane","Virgin Australia","Jul-23",36,36,0,12,22,24,14,2023,7
"Darwin-Melbourne","Darwin","Melbourne","Virgin Australia","Jul-23",44,44,0,17,21,27,23,2023,7
"Darwin-Perth","Darwin","Perth","Virgin Australia","Jul-23",6,6,0,3,3,3,3,2023,7
"Emerald-Brisbane","Emerald","Brisbane","Virgin Australia","Jul-23",26,26,0,24,24,2,2,2023,7
"Gladstone-Brisbane","Gladstone","Brisbane","Virgin Australia","Jul-23",52,50,2,31,30,19,20,2023,7
"Gold Coast-Adelaide","Gold Coast","Adelaide","Virgin Australia","Jul-23",38,38,0,24,19,14,19,2023,7
"Gold Coast-Canberra","Gold Coast","Canberra","Virgin Australia","Jul-23",31,31,0,15,14,16,17,2023,7
"Gold Coast-Melbourne","Gold Coast","Melbourne","Virgin Australia","Jul-23",261,248,13,120,121,128,127,2023,7
"Gold Coast-Sydney","Gold Coast","Sydney","Virgin Australia","Jul-23",320,303,17,184,184,119,119,2023,7
"Hamilton Island-Brisbane","Hamilton Island","Brisbane","Virgin Australia","Jul-23",34,33,1,18,21,15,12,2023,7
"Hamilton Island-Sydney","Hamilton Island","Sydney","Virgin Australia","Jul-23",32,31,1,12,14,19,17,2023,7
"Hobart-Brisbane","Hobart","Brisbane","Virgin Australia","Jul-23",42,38,4,18,18,20,20,2023,7
"Hobart-Melbourne","Hobart","Melbourne","Virgin Australia","Jul-23",126,125,1,84,65,41,60,2023,7
"Hobart-Sydney","Hobart","Sydney","Virgin Australia","Jul-23",76,73,3,55,46,18,27,2023,7
"Kalgoorlie-Perth","Kalgoorlie","Perth","Virgin Australia","Jul-23",43,40,3,32,28,8,12,2023,7
"Karratha-Perth","Karratha","Perth","Virgin Australia","Jul-23",32,30,2,15,19,15,11,2023,7
"Launceston-Brisbane","Launceston","Brisbane","Virgin Australia","Jul-23",16,16,0,11,10,5,6,2023,7
"Launceston-Melbourne","Launceston","Melbourne","Virgin Australia","Jul-23",91,89,2,66,58,23,31,2023,7
"Launceston-Sydney","Launceston","Sydney","Virgin Australia","Jul-23",30,30,0,20,21,10,9,2023,7
"Mackay-Brisbane","Mackay","Brisbane","Virgin Australia","Jul-23",138,134,4,73,94,61,40,2023,7
"Melbourne-Adelaide","Melbourne","Adelaide","Virgin Australia","Jul-23",251,248,3,140,145,108,103,2023,7
"Melbourne-Brisbane","Melbourne","Brisbane","Virgin Australia","Jul-23",391,359,32,189,197,170,162,2023,7
"Melbourne-Cairns","Melbourne","Cairns","Virgin Australia","Jul-23",91,85,6,59,59,26,26,2023,7
"Melbourne-Canberra","Melbourne","Canberra","Virgin Australia","Jul-23",112,110,2,58,58,52,52,2023,7
"Melbourne-Darwin","Melbourne","Darwin","Virgin Australia","Jul-23",43,43,0,22,18,21,25,2023,7
"Melbourne-Gold Coast","Melbourne","Gold Coast","Virgin Australia","Jul-23",261,248,13,135,147,113,101,2023,7
"Melbourne-Hobart","Melbourne","Hobart","Virgin Australia","Jul-23",126,125,1,70,63,55,62,2023,7
"Melbourne-Launceston","Melbourne","Launceston","Virgin Australia","Jul-23",91,89,2,46,38,43,51,2023,7
"Melbourne-Newcastle","Melbourne","Newcastle","Virgin Australia","Jul-23",36,36,0,22,23,14,13,2023,7
"Melbourne-Perth","Melbourne","Perth","Virgin Australia","Jul-23",192,179,13,85,92,94,87,2023,7
"Melbourne-Sunshine Coast","Melbourne","Sunshine Coast","Virgin Australia","Jul-23",73,72,1,43,51,29,21,2023,7
"Melbourne-Sydney","Melbourne","Sydney","Virgin Australia","Jul-23",750,671,79,434,413,237,258,2023,7
"Mount Isa-Brisbane","Mount Isa","Brisbane","Virgin Australia","Jul-23",13,12,1,9,9,3,3,2023,7
"Newcastle-Brisbane","Newcastle","Brisbane","Virgin Australia","Jul-23",83,82,1,38,42,44,40,2023,7
"Newcastle-Melbourne","Newcastle","Melbourne","Virgin Australia","Jul-23",36,35,1,22,20,13,15,2023,7
"Newman-Perth","Newman","Perth","Virgin Australia","Jul-23",31,30,1,25,22,5,8,2023,7
"Perth-Adelaide","Perth","Adelaide","Virgin Australia","Jul-23",16,14,2,11,12,3,2,2023,7
"Perth-Brisbane","Perth","Brisbane","Virgin Australia","Jul-23",114,106,8,62,81,44,25,2023,7
"Perth-Broome","Perth","Broome","Virgin Australia","Jul-23",26,26,0,12,15,14,11,2023,7
"Perth-Darwin","Perth","Darwin","Virgin Australia","Jul-23",6,6,0,5,4,1,2,2023,7
"Perth-Kalgoorlie","Perth","Kalgoorlie","Virgin Australia","Jul-23",44,41,3,35,35,6,6,2023,7
"Perth-Karratha","Perth","Karratha","Virgin Australia","Jul-23",32,30,2,22,16,8,14,2023,7
"Perth-Melbourne","Perth","Melbourne","Virgin Australia","Jul-23",198,183,15,110,138,73,45,2023,7
"Perth-Newman","Perth","Newman","Virgin Australia","Jul-23",31,30,1,27,25,3,5,2023,7
"Perth-Port Hedland","Perth","Port Hedland","Virgin Australia","Jul-23",26,25,1,20,18,5,7,2023,7
"Perth-Sydney","Perth","Sydney","Virgin Australia","Jul-23",142,136,6,66,111,70,25,2023,7
"Port Hedland-Perth","Port Hedland","Perth","Virgin Australia","Jul-23",26,25,1,16,16,9,9,2023,7
"Proserpine-Brisbane","Proserpine","Brisbane","Virgin Australia","Jul-23",37,36,1,15,21,21,15,2023,7
"Rockhampton-Brisbane","Rockhampton","Brisbane","Virgin Australia","Jul-23",140,139,1,81,73,58,66,2023,7
"Sunshine Coast-Melbourne","Sunshine Coast","Melbourne","Virgin Australia","Jul-23",73,72,1,32,26,40,46,2023,7
"Sunshine Coast-Sydney","Sunshine Coast","Sydney","Virgin Australia","Jul-23",69,69,0,42,29,27,40,2023,7
"Sydney-Adelaide","Sydney","Adelaide","Virgin Australia","Jul-23",185,170,15,128,112,42,58,2023,7
"Sydney-Ballina","Sydney","Ballina","Virgin Australia","Jul-23",49,48,1,21,22,27,26,2023,7
"Sydney-Brisbane","Sydney","Brisbane","Virgin Australia","Jul-23",479,433,46,273,269,160,164,2023,7
"Sydney-Cairns","Sydney","Cairns","Virgin Australia","Jul-23",94,93,1,66,75,27,18,2023,7
"Sydney-Canberra","Sydney","Canberra","Virgin Australia","Jul-23",250,241,9,177,188,64,53,2023,7
"Sydney-Gold Coast","Sydney","Gold Coast","Virgin Australia","Jul-23",320,304,16,191,180,113,124,2023,7
"Sydney-Hamilton Island","Sydney","Hamilton Island","Virgin Australia","Jul-23",32,31,1,17,17,14,14,2023,7
"Sydney-Hobart","Sydney","Hobart","Virgin Australia","Jul-23",76,73,3,56,53,17,20,2023,7
"Sydney-Launceston","Sydney","Launceston","Virgin Australia","Jul-23",30,30,0,21,23,9,7,2023,7
"Sydney-Melbourne","Sydney","Melbourne","Virgin Australia","Jul-23",744,663,81,412,371,251,292,2023,7
"Sydney-Perth","Sydney","Perth","Virgin Australia","Jul-23",151,142,9,75,70,67,72,2023,7
"Sydney-Sunshine Coast","Sydney","Sunshine Coast","Virgin Australia","Jul-23",68,68,0,45,38,23,30,2023,7
"Townsville-Brisbane","Townsville","Brisbane","Virgin Australia","Jul-23",140,138,2,49,45,89,93,2023,7
"Adelaide-Perth","Adelaide","Perth","Virgin Australia Regional Airlines","Jul-23",46,37,9,13,20,24,17,2023,7
"Broome-Perth","Broome","Perth","Virgin Australia Regional Airlines","Jul-23",24,20,4,10,9,10,11,2023,7
"Darwin-Perth","Darwin","Perth","Virgin Australia Regional Airlines","Jul-23",17,15,2,8,8,7,7,2023,7
"Kalgoorlie-Perth","Kalgoorlie","Perth","Virgin Australia Regional Airlines","Jul-23",34,31,3,23,21,8,10,2023,7
"Karratha-Perth","Karratha","Perth","Virgin Australia Regional Airlines","Jul-23",20,18,2,4,5,14,13,2023,7
"Newman-Perth","Newman","Perth","Virgin Australia Regional Airlines","Jul-23",24,21,3,18,16,3,5,2023,7
"Perth-Adelaide","Perth","Adelaide","Virgin Australia Regional Airlines","Jul-23",46,37,9,25,25,12,12,2023,7
"Perth-Broome","Perth","Broome","Virgin Australia Regional Airlines","Jul-23",25,21,4,11,14,10,7,2023,7
"Perth-Darwin","Perth","Darwin","Virgin Australia Regional Airlines","Jul-23",17,15,2,9,9,6,6,2023,7
"Perth-Kalgoorlie","Perth","Kalgoorlie","Virgin Australia Regional Airlines","Jul-23",33,31,2,23,21,8,10,2023,7
"Perth-Karratha","Perth","Karratha","Virgin Australia Regional Airlines","Jul-23",20,18,2,10,8,8,10,2023,7
"Perth-Newman","Perth","Newman","Virgin Australia Regional Airlines","Jul-23",24,21,3,16,17,5,4,2023,7
"Perth-Port Hedland","Perth","Port Hedland","Virgin Australia Regional Airlines","Jul-23",26,25,1,17,17,8,8,2023,7
"Port Hedland-Perth","Port Hedland","Perth","Virgin Australia Regional Airlines","Jul-23",26,25,1,14,17,11,8,2023,7
"Adelaide-Alice Springs","Adelaide","Alice Springs","All Airlines","Jul-23",68,68,0,53,43,15,25,2023,7
"Adelaide-Brisbane","Adelaide","Brisbane","All Airlines","Jul-23",365,355,10,192,224,163,131,2023,7
"Adelaide-Canberra","Adelaide","Canberra","All Airlines","Jul-23",131,127,4,104,105,23,22,2023,7
"Adelaide-Darwin","Adelaide","Darwin","All Airlines","Jul-23",108,106,2,84,69,22,37,2023,7
"Adelaide-Gold Coast","Adelaide","Gold Coast","All Airlines","Jul-23",79,78,1,62,67,16,11,2023,7
"Adelaide-Melbourne","Adelaide","Melbourne","All Airlines","Jul-23",659,649,10,426,432,223,217,2023,7
"Adelaide-Perth","Adelaide","Perth","All Airlines","Jul-23",183,171,12,130,127,41,44,2023,7
"Adelaide-Port Lincoln","Adelaide","Port Lincoln","All Airlines","Jul-23",284,271,13,234,225,37,46,2023,7
"Adelaide-Sydney","Adelaide","Sydney","All Airlines","Jul-23",521,486,35,324,344,162,142,2023,7
"Albury-Sydney","Albury","Sydney","All Airlines","Jul-23",206,201,5,144,146,57,55,2023,7
"Alice Springs-Adelaide","Alice Springs","Adelaide","All Airlines","Jul-23",68,68,0,32,39,36,29,2023,7
"Armidale-Sydney","Armidale","Sydney","All Airlines","Jul-23",166,153,13,111,116,42,37,2023,7
"Ballina-Sydney","Ballina","Sydney","All Airlines","Jul-23",230,221,9,158,151,63,70,2023,7
"Brisbane-Adelaide","Brisbane","Adelaide","All Airlines","Jul-23",364,354,10,217,180,137,174,2023,7
"Brisbane-Cairns","Brisbane","Cairns","All Airlines","Jul-23",393,390,3,272,279,118,111,2023,7
"Brisbane-Canberra","Brisbane","Canberra","All Airlines","Jul-23",301,299,2,191,184,108,115,2023,7
"Brisbane-Darwin","Brisbane","Darwin","All Airlines","Jul-23",116,116,0,85,91,31,25,2023,7
"Brisbane-Emerald","Brisbane","Emerald","All Airlines","Jul-23",148,148,0,119,122,29,26,2023,7
"Brisbane-Gladstone","Brisbane","Gladstone","All Airlines","Jul-23",195,178,17,129,138,49,40,2023,7
"Brisbane-Hamilton Island","Brisbane","Hamilton Island","All Airlines","Jul-23",61,60,1,39,41,21,19,2023,7
"Brisbane-Hobart","Brisbane","Hobart","All Airlines","Jul-23",93,88,5,64,65,24,23,2023,7
"Brisbane-Launceston","Brisbane","Launceston","All Airlines","Jul-23",41,41,0,25,24,16,17,2023,7
"Brisbane-Mackay","Brisbane","Mackay","All Airlines","Jul-23",278,274,4,172,182,102,92,2023,7
"Brisbane-Melbourne","Brisbane","Melbourne","All Airlines","Jul-23",989,940,49,591,558,349,382,2023,7
"Brisbane-Mount Isa","Brisbane","Mount Isa","All Airlines","Jul-23",64,64,0,54,58,10,6,2023,7
"Brisbane-Newcastle","Brisbane","Newcastle","All Airlines","Jul-23",272,258,14,187,191,71,67,2023,7
"Brisbane-Perth","Brisbane","Perth","All Airlines","Jul-23",287,276,11,156,165,120,111,2023,7
"Brisbane-Proserpine","Brisbane","Proserpine","All Airlines","Jul-23",103,102,1,74,75,28,27,2023,7
"Brisbane-Rockhampton","Brisbane","Rockhampton","All Airlines","Jul-23",321,305,16,204,203,101,102,2023,7
"Brisbane-Sydney","Brisbane","Sydney","All Airlines","Jul-23",1366,1284,82,915,860,369,424,2023,7
"Brisbane-Townsville","Brisbane","Townsville","All Airlines","Jul-23",333,332,1,196,196,136,136,2023,7
"Broome-Perth","Broome","Perth","All Airlines","Jul-23",146,141,5,65,71,76,70,2023,7
"Cairns-Brisbane","Cairns","Brisbane","All Airlines","Jul-23",392,390,2,273,291,117,99,2023,7
"Cairns-Melbourne","Cairns","Melbourne","All Airlines","Jul-23",246,236,10,133,133,103,103,2023,7
"Cairns-Sydney","Cairns","Sydney","All Airlines","Jul-23",255,250,5,155,170,95,80,2023,7
"Cairns-Townsville","Cairns","Townsville","All Airlines","Jul-23",165,156,9,137,136,19,20,2023,7
"Canberra-Adelaide","Canberra","Adelaide","All Airlines","Jul-23",131,127,4,103,86,24,41,2023,7
"Canberra-Brisbane","Canberra","Brisbane","All Airlines","Jul-23",301,298,3,188,204,110,94,2023,7
"Canberra-Gold Coast","Canberra","Gold Coast","All Airlines","Jul-23",49,49,0,26,32,23,17,2023,7
"Canberra-Melbourne","Canberra","Melbourne","All Airlines","Jul-23",444,424,20,265,240,159,184,2023,7
"Canberra-Sydney","Canberra","Sydney","All Airlines","Jul-23",711,649,62,464,469,185,180,2023,7
"Coffs Harbour-Sydney","Coffs Harbour","Sydney","All Airlines","Jul-23",206,201,5,151,137,50,64,2023,7
"Darwin-Adelaide","Darwin","Adelaide","All Airlines","Jul-23",110,107,3,75,95,32,12,2023,7
"Darwin-Brisbane","Darwin","Brisbane","All Airlines","Jul-23",117,115,2,63,79,52,36,2023,7
"Darwin-Melbourne","Darwin","Melbourne","All Airlines","Jul-23",115,115,0,49,68,66,47,2023,7
"Darwin-Perth","Darwin","Perth","All Airlines","Jul-23",61,59,2,30,32,29,27,2023,7
"Devonport-Melbourne","Devonport","Melbourne","All Airlines","Jul-23",169,166,3,134,131,32,35,2023,7
"Dubbo-Sydney","Dubbo","Sydney","All Airlines","Jul-23",226,222,4,170,169,52,53,2023,7
"Emerald-Brisbane","Emerald","Brisbane","All Airlines","Jul-23",148,147,1,120,120,27,27,2023,7
"Gladstone-Brisbane","Gladstone","Brisbane","All Airlines","Jul-23",196,179,17,136,138,43,41,2023,7
"Gold Coast-Adelaide","Gold Coast","Adelaide","All Airlines","Jul-23",79,78,1,52,43,26,35,2023,7
"Gold Coast-Canberra","Gold Coast","Canberra","All Airlines","Jul-23",49,49,0,31,28,18,21,2023,7
"Gold Coast-Melbourne","Gold Coast","Melbourne","All Airlines","Jul-23",546,528,18,317,307,211,221,2023,7
"Gold Coast-Sydney","Gold Coast","Sydney","All Airlines","Jul-23",725,696,29,474,475,222,221,2023,7
"Hamilton Island-Brisbane","Hamilton Island","Brisbane","All Airlines","Jul-23",61,59,2,35,39,24,20,2023,7
"Hamilton Island-Sydney","Hamilton Island","Sydney","All Airlines","Jul-23",92,90,2,48,50,42,40,2023,7
"Hobart-Brisbane","Hobart","Brisbane","All Airlines","Jul-23",93,88,5,51,53,37,35,2023,7
"Hobart-Melbourne","Hobart","Melbourne","All Airlines","Jul-23",344,340,4,220,196,120,144,2023,7
"Hobart-Sydney","Hobart","Sydney","All Airlines","Jul-23",240,234,6,174,167,60,67,2023,7
"Kalgoorlie-Perth","Kalgoorlie","Perth","All Airlines","Jul-23",150,141,9,100,84,41,57,2023,7
"Karratha-Perth","Karratha","Perth","All Airlines","Jul-23",196,192,4,101,116,91,76,2023,7
"Launceston-Brisbane","Launceston","Brisbane","All Airlines","Jul-23",41,41,0,21,24,20,17,2023,7
"Launceston-Melbourne","Launceston","Melbourne","All Airlines","Jul-23",299,288,11,176,183,112,105,2023,7
"Launceston-Sydney","Launceston","Sydney","All Airlines","Jul-23",118,116,2,69,72,47,44,2023,7
"Mackay-Brisbane","Mackay","Brisbane","All Airlines","Jul-23",283,278,5,170,192,108,86,2023,7
"Melbourne-Adelaide","Melbourne","Adelaide","All Airlines","Jul-23",658,646,12,428,414,218,232,2023,7
"Melbourne-Brisbane","Melbourne","Brisbane","All Airlines","Jul-23",995,947,48,570,596,377,351,2023,7
"Melbourne-Cairns","Melbourne","Cairns","All Airlines","Jul-23",244,234,10,152,165,82,69,2023,7
"Melbourne-Canberra","Melbourne","Canberra","All Airlines","Jul-23",444,430,14,285,280,145,150,2023,7
"Melbourne-Darwin","Melbourne","Darwin","All Airlines","Jul-23",114,113,1,63,46,50,67,2023,7
"Melbourne-Devonport","Melbourne","Devonport","All Airlines","Jul-23",169,166,3,134,139,32,27,2023,7
"Melbourne-Gold Coast","Melbourne","Gold Coast","All Airlines","Jul-23",546,528,18,317,348,211,180,2023,7
"Melbourne-Hobart","Melbourne","Hobart","All Airlines","Jul-23",343,341,2,200,189,141,152,2023,7
"Melbourne-Launceston","Melbourne","Launceston","All Airlines","Jul-23",299,288,11,174,167,114,121,2023,7
"Melbourne-Mildura","Melbourne","Mildura","All Airlines","Jul-23",237,234,3,178,175,56,59,2023,7
"Melbourne-Newcastle","Melbourne","Newcastle","All Airlines","Jul-23",148,145,3,100,100,45,45,2023,7
"Melbourne-Perth","Melbourne","Perth","All Airlines","Jul-23",456,429,27,242,229,187,200,2023,7
"Melbourne-Sunshine Coast","Melbourne","Sunshine Coast","All Airlines","Jul-23",163,162,1,97,112,65,50,2023,7
"Melbourne-Sydney","Melbourne","Sydney","All Airlines","Jul-23",2249,2057,192,1453,1442,604,615,2023,7
"Mildura-Melbourne","Mildura","Melbourne","All Airlines","Jul-23",237,232,5,178,172,54,60,2023,7
"Mount Isa-Brisbane","Mount Isa","Brisbane","All Airlines","Jul-23",65,64,1,50,56,14,8,2023,7
"Newcastle-Brisbane","Newcastle","Brisbane","All Airlines","Jul-23",273,256,17,170,182,86,74,2023,7
"Newcastle-Melbourne","Newcastle","Melbourne","All Airlines","Jul-23",148,146,2,102,101,44,45,2023,7
"Newman-Perth","Newman","Perth","All Airlines","Jul-23",168,160,8,124,102,36,58,2023,7
"Perth-Adelaide","Perth","Adelaide","All Airlines","Jul-23",185,173,12,114,141,59,32,2023,7
"Perth-Brisbane","Perth","Brisbane","All Airlines","Jul-23",289,274,15,165,204,109,70,2023,7
"Perth-Broome","Perth","Broome","All Airlines","Jul-23",146,141,5,83,99,58,42,2023,7
"Perth-Darwin","Perth","Darwin","All Airlines","Jul-23",61,59,2,42,41,17,18,2023,7
"Perth-Kalgoorlie","Perth","Kalgoorlie","All Airlines","Jul-23",150,142,8,106,103,36,39,2023,7
"Perth-Karratha","Perth","Karratha","All Airlines","Jul-23",196,192,4,125,125,67,67,2023,7
"Perth-Melbourne","Perth","Melbourne","All Airlines","Jul-23",464,431,33,241,312,190,119,2023,7
"Perth-Newman","Perth","Newman","All Airlines","Jul-23",169,163,6,128,128,35,35,2023,7
"Perth-Port Hedland","Perth","Port Hedland","All Airlines","Jul-23",192,188,4,129,130,59,58,2023,7
"Perth-Sydney","Perth","Sydney","All Airlines","Jul-23",413,391,22,185,286,206,105,2023,7
"Port Hedland-Perth","Port Hedland","Perth","All Airlines","Jul-23",192,187,5,117,115,70,72,2023,7
"Port Lincoln-Adelaide","Port Lincoln","Adelaide","All Airlines","Jul-23",285,269,16,220,220,49,49,2023,7
"Port Macquarie-Sydney","Port Macquarie","Sydney","All Airlines","Jul-23",192,188,4,150,138,38,50,2023,7
"Proserpine-Brisbane","Proserpine","Brisbane","All Airlines","Jul-23",104,102,2,61,68,41,34,2023,7
"Rockhampton-Brisbane","Rockhampton","Brisbane","All Airlines","Jul-23",321,303,18,189,189,114,114,2023,7
"Sunshine Coast-Melbourne","Sunshine Coast","Melbourne","All Airlines","Jul-23",164,163,1,69,65,94,98,2023,7
"Sunshine Coast-Sydney","Sunshine Coast","Sydney","All Airlines","Jul-23",225,223,2,145,116,78,107,2023,7
"Sydney-Adelaide","Sydney","Adelaide","All Airlines","Jul-23",520,489,31,343,309,146,180,2023,7
"Sydney-Albury","Sydney","Albury","All Airlines","Jul-23",206,201,5,147,146,54,55,2023,7
"Sydney-Armidale","Sydney","Armidale","All Airlines","Jul-23",161,151,10,107,117,44,34,2023,7
"Sydney-Ballina","Sydney","Ballina","All Airlines","Jul-23",229,222,7,157,168,65,54,2023,7
"Sydney-Brisbane","Sydney","Brisbane","All Airlines","Jul-23",1361,1289,72,855,834,434,455,2023,7
"Sydney-Cairns","Sydney","Cairns","All Airlines","Jul-23",255,252,3,171,177,81,75,2023,7
"Sydney-Canberra","Sydney","Canberra","All Airlines","Jul-23",712,653,59,489,493,164,160,2023,7
"Sydney-Coffs Harbour","Sydney","Coffs Harbour","All Airlines","Jul-23",206,202,4,140,159,62,43,2023,7
"Sydney-Dubbo","Sydney","Dubbo","All Airlines","Jul-23",229,229,0,168,174,61,55,2023,7
"Sydney-Gold Coast","Sydney","Gold Coast","All Airlines","Jul-23",725,699,26,469,471,230,228,2023,7
"Sydney-Hamilton Island","Sydney","Hamilton Island","All Airlines","Jul-23",92,90,2,59,61,31,29,2023,7
"Sydney-Hobart","Sydney","Hobart","All Airlines","Jul-23",240,234,6,165,169,69,65,2023,7
"Sydney-Launceston","Sydney","Launceston","All Airlines","Jul-23",117,116,1,72,72,44,44,2023,7
"Sydney-Melbourne","Sydney","Melbourne","All Airlines","Jul-23",2247,2051,196,1405,1267,646,784,2023,7
"Sydney-Perth","Sydney","Perth","All Airlines","Jul-23",421,400,21,207,187,193,213,2023,7
"Sydney-Port Macquarie","Sydney","Port Macquarie","All Airlines","Jul-23",195,193,2,147,157,46,36,2023,7
"Sydney-Sunshine Coast","Sydney","Sunshine Coast","All Airlines","Jul-23",223,221,2,149,150,72,71,2023,7
"Sydney-Wagga Wagga","Sydney","Wagga Wagga","All Airlines","Jul-23",198,196,2,143,147,53,49,2023,7
"Townsville-Brisbane","Townsville","Brisbane","All Airlines","Jul-23",331,329,2,164,158,165,171,2023,7
"Townsville-Cairns","Townsville","Cairns","All Airlines","Jul-23",165,154,11,119,120,35,34,2023,7
"Wagga Wagga-Sydney","Wagga Wagga","Sydney","All Airlines","Jul-23",200,197,3,155,156,42,41,2023,7
"Adelaide-Brisbane","Adelaide","Brisbane","Jetstar","Aug-23",31,30,1,17,22,13,8,2023,8
"Adelaide-Cairns","Adelaide","Cairns","Jetstar","Aug-23",31,31,0,29,31,2,0,2023,8
"Adelaide-Darwin","Adelaide","Darwin","Jetstar","Aug-23",26,26,0,23,24,3,2,2023,8
"Adelaide-Gold Coast","Adelaide","Gold Coast","Jetstar","Aug-23",26,25,1,19,20,6,5,2023,8
"Adelaide-Melbourne","Adelaide","Melbourne","Jetstar","Aug-23",105,100,5,66,69,34,31,2023,8
"Adelaide-Perth","Adelaide","Perth","Jetstar","Aug-23",27,27,0,24,19,3,8,2023,8
"Adelaide-Sydney","Adelaide","Sydney","Jetstar","Aug-23",93,87,6,70,66,17,21,2023,8
"Ballina-Sydney","Ballina","Sydney","Jetstar","Aug-23",78,78,0,54,56,24,22,2023,8
"Brisbane-Adelaide","Brisbane","Adelaide","Jetstar","Aug-23",31,30,1,18,21,12,9,2023,8
"Brisbane-Cairns","Brisbane","Cairns","Jetstar","Aug-23",93,93,0,72,71,21,22,2023,8
"Brisbane-Canberra","Brisbane","Canberra","Jetstar","Aug-23",31,31,0,22,21,9,10,2023,8
"Brisbane-Darwin","Brisbane","Darwin","Jetstar","Aug-23",21,21,0,12,14,9,7,2023,8
"Brisbane-Hobart","Brisbane","Hobart","Jetstar","Aug-23",17,17,0,12,12,5,5,2023,8
"Brisbane-Launceston","Brisbane","Launceston","Jetstar","Aug-23",21,21,0,12,15,9,6,2023,8
"Brisbane-Mackay","Brisbane","Mackay","Jetstar","Aug-23",26,26,0,12,13,14,13,2023,8
"Brisbane-Melbourne","Brisbane","Melbourne","Jetstar","Aug-23",130,123,7,71,73,52,50,2023,8
"Brisbane-Newcastle","Brisbane","Newcastle","Jetstar","Aug-23",53,52,1,41,40,11,12,2023,8
"Brisbane-Perth","Brisbane","Perth","Jetstar","Aug-23",22,21,1,12,16,9,5,2023,8
"Brisbane-Proserpine","Brisbane","Proserpine","Jetstar","Aug-23",31,31,0,20,21,11,10,2023,8
"Brisbane-Sydney","Brisbane","Sydney","Jetstar","Aug-23",178,169,9,119,122,50,47,2023,8
"Brisbane-Townsville","Brisbane","Townsville","Jetstar","Aug-23",36,36,0,21,22,15,14,2023,8
"Cairns-Adelaide","Cairns","Adelaide","Jetstar","Aug-23",31,31,0,25,23,6,8,2023,8
"Cairns-Brisbane","Cairns","Brisbane","Jetstar","Aug-23",93,93,0,78,73,15,20,2023,8
"Cairns-Melbourne","Cairns","Melbourne","Jetstar","Aug-23",116,114,2,80,79,34,35,2023,8
"Cairns-Sydney","Cairns","Sydney","Jetstar","Aug-23",108,104,4,80,76,24,28,2023,8
"Canberra-Brisbane","Canberra","Brisbane","Jetstar","Aug-23",31,31,0,15,24,16,7,2023,8
"Canberra-Gold Coast","Canberra","Gold Coast","Jetstar","Aug-23",18,17,1,12,13,5,4,2023,8
"Canberra-Melbourne","Canberra","Melbourne","Jetstar","Aug-23",31,29,2,17,17,12,12,2023,8
"Darwin-Adelaide","Darwin","Adelaide","Jetstar","Aug-23",27,27,0,15,17,12,10,2023,8
"Darwin-Brisbane","Darwin","Brisbane","Jetstar","Aug-23",22,22,0,11,12,11,10,2023,8
"Darwin-Melbourne","Darwin","Melbourne","Jetstar","Aug-23",30,30,0,15,20,15,10,2023,8
"Gold Coast-Adelaide","Gold Coast","Adelaide","Jetstar","Aug-23",26,25,1,24,24,1,1,2023,8
"Gold Coast-Canberra","Gold Coast","Canberra","Jetstar","Aug-23",17,17,0,14,14,3,3,2023,8
"Gold Coast-Melbourne","Gold Coast","Melbourne","Jetstar","Aug-23",212,206,6,149,148,57,58,2023,8
"Gold Coast-Sydney","Gold Coast","Sydney","Jetstar","Aug-23",269,257,12,204,204,53,53,2023,8
"Hamilton Island-Sydney","Hamilton Island","Sydney","Jetstar","Aug-23",26,25,1,16,11,9,14,2023,8
"Hobart-Brisbane","Hobart","Brisbane","Jetstar","Aug-23",17,17,0,10,10,7,7,2023,8
"Hobart-Melbourne","Hobart","Melbourne","Jetstar","Aug-23",112,110,2,73,71,37,39,2023,8
"Hobart-Sydney","Hobart","Sydney","Jetstar","Aug-23",62,62,0,45,38,17,24,2023,8
"Launceston-Brisbane","Launceston","Brisbane","Jetstar","Aug-23",21,21,0,9,13,12,8,2023,8
"Launceston-Melbourne","Launceston","Melbourne","Jetstar","Aug-23",83,82,1,41,45,41,37,2023,8
"Launceston-Sydney","Launceston","Sydney","Jetstar","Aug-23",35,34,1,21,21,13,13,2023,8
"Mackay-Brisbane","Mackay","Brisbane","Jetstar","Aug-23",26,26,0,12,13,14,13,2023,8
"Melbourne-Adelaide","Melbourne","Adelaide","Jetstar","Aug-23",105,102,3,70,74,32,28,2023,8
"Melbourne-Brisbane","Melbourne","Brisbane","Jetstar","Aug-23",130,122,8,72,66,50,56,2023,8
"Melbourne-Cairns","Melbourne","Cairns","Jetstar","Aug-23",116,115,1,76,90,39,25,2023,8
"Melbourne-Canberra","Melbourne","Canberra","Jetstar","Aug-23",31,30,1,20,18,10,12,2023,8
"Melbourne-Darwin","Melbourne","Darwin","Jetstar","Aug-23",31,31,0,25,24,6,7,2023,8
"Melbourne-Gold Coast","Melbourne","Gold Coast","Jetstar","Aug-23",212,207,5,141,151,66,56,2023,8
"Melbourne-Hobart","Melbourne","Hobart","Jetstar","Aug-23",112,111,1,76,74,35,37,2023,8
"Melbourne-Launceston","Melbourne","Launceston","Jetstar","Aug-23",83,82,1,53,52,29,30,2023,8
"Melbourne-Newcastle","Melbourne","Newcastle","Jetstar","Aug-23",43,43,0,33,33,10,10,2023,8
"Melbourne-Perth","Melbourne","Perth","Jetstar","Aug-23",59,58,1,39,40,19,18,2023,8
"Melbourne-Sunshine Coast","Melbourne","Sunshine Coast","Jetstar","Aug-23",62,62,0,37,37,25,25,2023,8
"Melbourne-Sydney","Melbourne","Sydney","Jetstar","Aug-23",398,364,34,269,278,95,86,2023,8
"Newcastle-Brisbane","Newcastle","Brisbane","Jetstar","Aug-23",54,53,1,38,42,15,11,2023,8
"Newcastle-Melbourne","Newcastle","Melbourne","Jetstar","Aug-23",43,42,1,26,28,16,14,2023,8
"Perth-Adelaide","Perth","Adelaide","Jetstar","Aug-23",27,27,0,17,19,10,8,2023,8
"Perth-Brisbane","Perth","Brisbane","Jetstar","Aug-23",22,21,1,10,18,11,3,2023,8
"Perth-Melbourne","Perth","Melbourne","Jetstar","Aug-23",60,59,1,38,41,21,18,2023,8
"Perth-Sydney","Perth","Sydney","Jetstar","Aug-23",48,45,3,14,28,31,17,2023,8
"Proserpine-Brisbane","Proserpine","Brisbane","Jetstar","Aug-23",32,32,0,17,18,15,14,2023,8
"Sunshine Coast-Melbourne","Sunshine Coast","Melbourne","Jetstar","Aug-23",62,62,0,30,30,32,32,2023,8
"Sunshine Coast-Sydney","Sunshine Coast","Sydney","Jetstar","Aug-23",83,82,1,53,50,29,32,2023,8
"Sydney-Adelaide","Sydney","Adelaide","Jetstar","Aug-23",93,87,6,58,61,29,26,2023,8
"Sydney-Ballina","Sydney","Ballina","Jetstar","Aug-23",78,78,0,57,59,21,19,2023,8
"Sydney-Brisbane","Sydney","Brisbane","Jetstar","Aug-23",176,169,7,115,117,54,52,2023,8
"Sydney-Cairns","Sydney","Cairns","Jetstar","Aug-23",106,104,2,66,74,38,30,2023,8
"Sydney-Gold Coast","Sydney","Gold Coast","Jetstar","Aug-23",269,259,10,206,213,53,46,2023,8
"Sydney-Hamilton Island","Sydney","Hamilton Island","Jetstar","Aug-23",26,26,0,19,20,7,6,2023,8
"Sydney-Hobart","Sydney","Hobart","Jetstar","Aug-23",62,62,0,43,48,19,14,2023,8
"Sydney-Launceston","Sydney","Launceston","Jetstar","Aug-23",35,34,1,22,24,12,10,2023,8
"Sydney-Melbourne","Sydney","Melbourne","Jetstar","Aug-23",398,366,32,267,265,99,101,2023,8
"Sydney-Perth","Sydney","Perth","Jetstar","Aug-23",48,46,2,32,25,14,21,2023,8
"Sydney-Sunshine Coast","Sydney","Sunshine Coast","Jetstar","Aug-23",83,82,1,62,64,20,18,2023,8
"Townsville-Brisbane","Townsville","Brisbane","Jetstar","Aug-23",36,36,0,19,20,17,16,2023,8
"Adelaide-Melbourne","Adelaide","Melbourne","Qantas","Aug-23",258,257,1,186,192,71,65,2023,8
"Adelaide-Perth","Adelaide","Perth","Qantas","Aug-23",92,92,0,80,81,12,11,2023,8
"Adelaide-Sydney","Adelaide","Sydney","Qantas","Aug-23",229,223,6,170,165,53,58,2023,8
"Brisbane-Cairns","Brisbane","Cairns","Qantas","Aug-23",119,119,0,96,100,23,19,2023,8
"Brisbane-Canberra","Brisbane","Canberra","Qantas","Aug-23",5,5,0,5,5,0,0,2023,8
"Brisbane-Darwin","Brisbane","Darwin","Qantas","Aug-23",45,45,0,40,43,5,2,2023,8
"Brisbane-Hamilton Island","Brisbane","Hamilton Island","Qantas","Aug-23",22,22,0,18,18,4,4,2023,8
"Brisbane-Mackay","Brisbane","Mackay","Qantas","Aug-23",101,101,0,83,86,18,15,2023,8
"Brisbane-Melbourne","Brisbane","Melbourne","Qantas","Aug-23",395,387,8,319,299,68,88,2023,8
"Brisbane-Mount Isa","Brisbane","Mount Isa","Qantas","Aug-23",49,49,0,43,47,6,2,2023,8
"Brisbane-Perth","Brisbane","Perth","Qantas","Aug-23",158,158,0,121,113,37,45,2023,8
"Brisbane-Sydney","Brisbane","Sydney","Qantas","Aug-23",562,539,23,453,432,86,107,2023,8
"Brisbane-Townsville","Brisbane","Townsville","Qantas","Aug-23",68,68,0,54,58,14,10,2023,8
"Broome-Perth","Broome","Perth","Qantas","Aug-23",6,6,0,3,4,3,2,2023,8
"Cairns-Brisbane","Cairns","Brisbane","Qantas","Aug-23",119,119,0,107,105,12,14,2023,8
"Cairns-Melbourne","Cairns","Melbourne","Qantas","Aug-23",32,32,0,12,12,20,20,2023,8
"Cairns-Sydney","Cairns","Sydney","Qantas","Aug-23",39,39,0,21,18,18,21,2023,8
"Canberra-Brisbane","Canberra","Brisbane","Qantas","Aug-23",5,5,0,4,5,1,0,2023,8
"Darwin-Brisbane","Darwin","Brisbane","Qantas","Aug-23",46,46,0,36,37,10,9,2023,8
"Darwin-Melbourne","Darwin","Melbourne","Qantas","Aug-23",31,31,0,16,15,15,16,2023,8
"Gold Coast-Melbourne","Gold Coast","Melbourne","Qantas","Aug-23",15,15,0,9,9,6,6,2023,8
"Gold Coast-Sydney","Gold Coast","Sydney","Qantas","Aug-23",56,56,0,47,39,9,17,2023,8
"Hamilton Island-Brisbane","Hamilton Island","Brisbane","Qantas","Aug-23",22,22,0,16,15,6,7,2023,8
"Hamilton Island-Sydney","Hamilton Island","Sydney","Qantas","Aug-23",30,30,0,20,20,10,10,2023,8
"Hobart-Melbourne","Hobart","Melbourne","Qantas","Aug-23",40,38,2,27,26,11,12,2023,8
"Hobart-Sydney","Hobart","Sydney","Qantas","Aug-23",4,4,0,2,2,2,2,2023,8
"Kalgoorlie-Perth","Kalgoorlie","Perth","Qantas","Aug-23",28,26,2,20,17,6,9,2023,8
"Karratha-Perth","Karratha","Perth","Qantas","Aug-23",25,25,0,20,18,5,7,2023,8
"Mackay-Brisbane","Mackay","Brisbane","Qantas","Aug-23",101,100,1,81,82,19,18,2023,8
"Melbourne-Adelaide","Melbourne","Adelaide","Qantas","Aug-23",258,257,1,179,182,78,75,2023,8
"Melbourne-Brisbane","Melbourne","Brisbane","Qantas","Aug-23",395,388,7,288,307,100,81,2023,8
"Melbourne-Cairns","Melbourne","Cairns","Qantas","Aug-23",32,32,0,16,18,16,14,2023,8
"Melbourne-Darwin","Melbourne","Darwin","Qantas","Aug-23",31,31,0,17,16,14,15,2023,8
"Melbourne-Gold Coast","Melbourne","Gold Coast","Qantas","Aug-23",15,15,0,8,10,7,5,2023,8
"Melbourne-Hobart","Melbourne","Hobart","Qantas","Aug-23",40,40,0,21,24,19,16,2023,8
"Melbourne-Perth","Melbourne","Perth","Qantas","Aug-23",208,205,3,123,106,82,99,2023,8
"Melbourne-Sunshine Coast","Melbourne","Sunshine Coast","Qantas","Aug-23",31,31,0,20,24,11,7,2023,8
"Melbourne-Sydney","Melbourne","Sydney","Qantas","Aug-23",964,876,88,684,625,192,251,2023,8
"Mount Isa-Brisbane","Mount Isa","Brisbane","Qantas","Aug-23",49,49,0,42,45,7,4,2023,8
"Newman-Perth","Newman","Perth","Qantas","Aug-23",20,19,1,17,14,2,5,2023,8
"Perth-Adelaide","Perth","Adelaide","Qantas","Aug-23",92,92,0,62,78,30,14,2023,8
"Perth-Brisbane","Perth","Brisbane","Qantas","Aug-23",160,159,1,108,125,51,34,2023,8
"Perth-Broome","Perth","Broome","Qantas","Aug-23",6,6,0,4,6,2,0,2023,8
"Perth-Kalgoorlie","Perth","Kalgoorlie","Qantas","Aug-23",27,25,2,22,22,3,3,2023,8
"Perth-Karratha","Perth","Karratha","Qantas","Aug-23",25,25,0,22,23,3,2,2023,8
"Perth-Melbourne","Perth","Melbourne","Qantas","Aug-23",208,204,4,129,147,75,57,2023,8
"Perth-Newman","Perth","Newman","Qantas","Aug-23",20,19,1,18,17,1,2,2023,8
"Perth-Port Hedland","Perth","Port Hedland","Qantas","Aug-23",27,26,1,22,22,4,4,2023,8
"Perth-Sydney","Perth","Sydney","Qantas","Aug-23",219,213,6,125,145,88,68,2023,8
"Port Hedland-Perth","Port Hedland","Perth","Qantas","Aug-23",27,25,2,19,15,6,10,2023,8
"Sunshine Coast-Melbourne","Sunshine Coast","Melbourne","Qantas","Aug-23",31,31,0,14,17,17,14,2023,8
"Sunshine Coast-Sydney","Sunshine Coast","Sydney","Qantas","Aug-23",28,28,0,14,16,14,12,2023,8
"Sydney-Adelaide","Sydney","Adelaide","Qantas","Aug-23",230,226,4,174,153,52,73,2023,8
"Sydney-Brisbane","Sydney","Brisbane","Qantas","Aug-23",563,542,21,416,409,126,133,2023,8
"Sydney-Cairns","Sydney","Cairns","Qantas","Aug-23",39,39,0,22,19,17,20,2023,8
"Sydney-Gold Coast","Sydney","Gold Coast","Qantas","Aug-23",56,56,0,34,39,22,17,2023,8
"Sydney-Hamilton Island","Sydney","Hamilton Island","Qantas","Aug-23",30,30,0,20,20,10,10,2023,8
"Sydney-Hobart","Sydney","Hobart","Qantas","Aug-23",4,4,0,2,2,2,2,2023,8
"Sydney-Melbourne","Sydney","Melbourne","Qantas","Aug-23",961,872,89,651,606,221,266,2023,8
"Sydney-Perth","Sydney","Perth","Qantas","Aug-23",217,212,5,135,107,77,105,2023,8
"Sydney-Sunshine Coast","Sydney","Sunshine Coast","Qantas","Aug-23",28,28,0,17,20,11,8,2023,8
"Townsville-Brisbane","Townsville","Brisbane","Qantas","Aug-23",68,68,0,57,57,11,11,2023,8
"Gold Coast-Melbourne","Gold Coast","Melbourne","QantasLink","Aug-23",16,15,1,12,13,3,2,2023,8
"Gold Coast-Sydney","Gold Coast","Sydney","QantasLink","Aug-23",37,37,0,22,22,15,15,2023,8
"Melbourne-Gold Coast","Melbourne","Gold Coast","QantasLink","Aug-23",16,15,1,13,14,2,1,2023,8
"Melbourne-Sydney","Melbourne","Sydney","QantasLink","Aug-23",2,2,0,1,1,1,1,2023,8
"Brisbane-Mount Isa","Brisbane","Mount Isa","QantasLink","Aug-23",5,5,0,4,5,1,0,2023,8
"Sydney-Gold Coast","Sydney","Gold Coast","QantasLink","Aug-23",37,37,0,28,25,9,12,2023,8
"Sydney-Melbourne","Sydney","Melbourne","QantasLink","Aug-23",2,2,0,2,2,0,0,2023,8
"Mount Isa-Brisbane","Mount Isa","Brisbane","QantasLink","Aug-23",5,5,0,4,3,1,2,2023,8
"Adelaide-Alice Springs","Adelaide","Alice Springs","QantasLink","Aug-23",54,52,2,44,40,8,12,2023,8
"Adelaide-Brisbane","Adelaide","Brisbane","QantasLink","Aug-23",185,183,2,125,140,58,43,2023,8
"Adelaide-Canberra","Adelaide","Canberra","QantasLink","Aug-23",115,113,2,92,89,21,24,2023,8
"Adelaide-Darwin","Adelaide","Darwin","QantasLink","Aug-23",62,62,0,49,43,13,19,2023,8
"Adelaide-Melbourne","Adelaide","Melbourne","QantasLink","Aug-23",14,11,3,8,8,3,3,2023,8
"Adelaide-Port Lincoln","Adelaide","Port Lincoln","QantasLink","Aug-23",143,134,9,119,116,15,18,2023,8
"Albury-Sydney","Albury","Sydney","QantasLink","Aug-23",116,113,3,77,79,36,34,2023,8
"Alice Springs-Adelaide","Alice Springs","Adelaide","QantasLink","Aug-23",54,52,2,42,36,10,16,2023,8
"Armidale-Sydney","Armidale","Sydney","QantasLink","Aug-23",116,107,9,91,91,16,16,2023,8
"Ballina-Sydney","Ballina","Sydney","QantasLink","Aug-23",101,95,6,79,75,16,20,2023,8
"Brisbane-Adelaide","Brisbane","Adelaide","QantasLink","Aug-23",185,183,2,133,104,50,79,2023,8
"Brisbane-Cairns","Brisbane","Cairns","QantasLink","Aug-23",51,51,0,36,35,15,16,2023,8
"Brisbane-Canberra","Brisbane","Canberra","QantasLink","Aug-23",172,168,4,119,114,49,54,2023,8
"Brisbane-Emerald","Brisbane","Emerald","QantasLink","Aug-23",126,124,2,93,99,31,25,2023,8
"Brisbane-Gladstone","Brisbane","Gladstone","QantasLink","Aug-23",148,135,13,108,112,27,23,2023,8
"Brisbane-Hobart","Brisbane","Hobart","QantasLink","Aug-23",26,26,0,20,14,6,12,2023,8
"Brisbane-Mackay","Brisbane","Mackay","QantasLink","Aug-23",15,15,0,11,12,4,3,2023,8
"Brisbane-Newcastle","Brisbane","Newcastle","QantasLink","Aug-23",138,122,16,88,90,34,32,2023,8
"Brisbane-Proserpine","Brisbane","Proserpine","QantasLink","Aug-23",30,30,0,25,25,5,5,2023,8
"Brisbane-Rockhampton","Brisbane","Rockhampton","QantasLink","Aug-23",187,178,9,139,144,39,34,2023,8
"Brisbane-Townsville","Brisbane","Townsville","QantasLink","Aug-23",69,69,0,58,61,11,8,2023,8
"Broome-Perth","Broome","Perth","QantasLink","Aug-23",87,87,0,50,52,37,35,2023,8
"Cairns-Brisbane","Cairns","Brisbane","QantasLink","Aug-23",51,51,0,28,16,23,35,2023,8
"Cairns-Townsville","Cairns","Townsville","QantasLink","Aug-23",158,154,4,128,129,26,25,2023,8
"Canberra-Adelaide","Canberra","Adelaide","QantasLink","Aug-23",115,113,2,82,76,31,37,2023,8
"Canberra-Brisbane","Canberra","Brisbane","QantasLink","Aug-23",172,168,4,111,116,57,52,2023,8
"Canberra-Melbourne","Canberra","Melbourne","QantasLink","Aug-23",280,271,9,194,191,77,80,2023,8
"Canberra-Sydney","Canberra","Sydney","QantasLink","Aug-23",486,414,72,279,271,135,143,2023,8
"Coffs Harbour-Sydney","Coffs Harbour","Sydney","QantasLink","Aug-23",116,108,8,89,86,19,22,2023,8
"Darwin-Adelaide","Darwin","Adelaide","QantasLink","Aug-23",62,62,0,53,53,9,9,2023,8
"Darwin-Perth","Darwin","Perth","QantasLink","Aug-23",40,39,1,15,20,24,19,2023,8
"Devonport-Melbourne","Devonport","Melbourne","QantasLink","Aug-23",120,111,9,76,73,35,38,2023,8
"Dubbo-Sydney","Dubbo","Sydney","QantasLink","Aug-23",116,111,5,94,94,17,17,2023,8
"Emerald-Brisbane","Emerald","Brisbane","QantasLink","Aug-23",126,124,2,100,95,24,29,2023,8
"Gladstone-Brisbane","Gladstone","Brisbane","QantasLink","Aug-23",147,135,12,113,112,22,23,2023,8
"Hobart-Brisbane","Hobart","Brisbane","QantasLink","Aug-23",26,26,0,16,18,10,8,2023,8
"Hobart-Melbourne","Hobart","Melbourne","QantasLink","Aug-23",58,57,1,36,29,21,28,2023,8
"Hobart-Sydney","Hobart","Sydney","QantasLink","Aug-23",81,80,1,55,54,25,26,2023,8
"Kalgoorlie-Perth","Kalgoorlie","Perth","QantasLink","Aug-23",56,56,0,41,36,15,20,2023,8
"Karratha-Perth","Karratha","Perth","QantasLink","Aug-23",129,128,1,88,88,40,40,2023,8
"Launceston-Melbourne","Launceston","Melbourne","QantasLink","Aug-23",119,111,8,75,79,36,32,2023,8
"Launceston-Sydney","Launceston","Sydney","QantasLink","Aug-23",31,31,0,17,19,14,12,2023,8
"Mackay-Brisbane","Mackay","Brisbane","QantasLink","Aug-23",20,20,0,14,13,6,7,2023,8
"Melbourne-Adelaide","Melbourne","Adelaide","QantasLink","Aug-23",14,10,4,9,9,1,1,2023,8
"Melbourne-Canberra","Melbourne","Canberra","QantasLink","Aug-23",280,272,8,199,194,73,78,2023,8
"Melbourne-Devonport","Melbourne","Devonport","QantasLink","Aug-23",120,112,8,75,80,37,32,2023,8
"Melbourne-Hobart","Melbourne","Hobart","QantasLink","Aug-23",58,57,1,44,40,13,17,2023,8
"Melbourne-Launceston","Melbourne","Launceston","QantasLink","Aug-23",119,111,8,77,72,34,39,2023,8
"Melbourne-Mildura","Melbourne","Mildura","QantasLink","Aug-23",137,133,4,86,87,47,46,2023,8
"Melbourne-Newcastle","Melbourne","Newcastle","QantasLink","Aug-23",58,57,1,36,36,21,21,2023,8
"Mildura-Melbourne","Mildura","Melbourne","QantasLink","Aug-23",137,132,5,88,82,44,50,2023,8
"Newcastle-Brisbane","Newcastle","Brisbane","QantasLink","Aug-23",138,121,17,86,105,35,16,2023,8
"Newcastle-Melbourne","Newcastle","Melbourne","QantasLink","Aug-23",58,56,2,45,47,11,9,2023,8
"Newman-Perth","Newman","Perth","QantasLink","Aug-23",106,105,1,85,61,20,44,2023,8
"Perth-Broome","Perth","Broome","QantasLink","Aug-23",87,87,0,66,74,21,13,2023,8
"Perth-Darwin","Perth","Darwin","QantasLink","Aug-23",40,40,0,27,25,13,15,2023,8
"Perth-Kalgoorlie","Perth","Kalgoorlie","QantasLink","Aug-23",56,56,0,43,43,13,13,2023,8
"Perth-Karratha","Perth","Karratha","QantasLink","Aug-23",128,128,0,97,98,31,30,2023,8
"Perth-Newman","Perth","Newman","QantasLink","Aug-23",106,106,0,93,92,13,14,2023,8
"Perth-Port Hedland","Perth","Port Hedland","QantasLink","Aug-23",124,124,0,107,103,17,21,2023,8
"Port Hedland-Perth","Port Hedland","Perth","QantasLink","Aug-23",124,124,0,95,83,29,41,2023,8
"Port Lincoln-Adelaide","Port Lincoln","Adelaide","QantasLink","Aug-23",143,133,10,122,119,11,14,2023,8
"Port Macquarie-Sydney","Port Macquarie","Sydney","QantasLink","Aug-23",116,110,6,79,75,31,35,2023,8
"Proserpine-Brisbane","Proserpine","Brisbane","QantasLink","Aug-23",30,30,0,21,19,9,11,2023,8
"Rockhampton-Brisbane","Rockhampton","Brisbane","QantasLink","Aug-23",188,172,16,118,119,54,53,2023,8
"Sydney-Albury","Sydney","Albury","QantasLink","Aug-23",116,113,3,82,80,31,33,2023,8
"Sydney-Armidale","Sydney","Armidale","QantasLink","Aug-23",115,106,9,78,90,28,16,2023,8
"Sydney-Ballina","Sydney","Ballina","QantasLink","Aug-23",101,95,6,72,76,23,19,2023,8
"Sydney-Canberra","Sydney","Canberra","QantasLink","Aug-23",486,415,71,320,298,95,117,2023,8
"Sydney-Coffs Harbour","Sydney","Coffs Harbour","QantasLink","Aug-23",115,108,7,75,87,33,21,2023,8
"Sydney-Dubbo","Sydney","Dubbo","QantasLink","Aug-23",116,111,5,71,84,40,27,2023,8
"Sydney-Hobart","Sydney","Hobart","QantasLink","Aug-23",81,79,2,53,52,26,27,2023,8
"Sydney-Launceston","Sydney","Launceston","QantasLink","Aug-23",31,31,0,21,16,10,15,2023,8
"Sydney-Port Macquarie","Sydney","Port Macquarie","QantasLink","Aug-23",116,110,6,74,78,36,32,2023,8
"Sydney-Wagga Wagga","Sydney","Wagga Wagga","QantasLink","Aug-23",116,112,4,84,86,28,26,2023,8
"Townsville-Brisbane","Townsville","Brisbane","QantasLink","Aug-23",69,69,0,56,54,13,15,2023,8
"Townsville-Cairns","Townsville","Cairns","QantasLink","Aug-23",158,153,5,133,135,20,18,2023,8
"Wagga Wagga-Sydney","Wagga Wagga","Sydney","QantasLink","Aug-23",116,113,3,85,87,28,26,2023,8
"Adelaide-Melbourne","Adelaide","Melbourne","Rex Airlines","Aug-23",58,58,0,48,49,10,9,2023,8
"Adelaide-Port Lincoln","Adelaide","Port Lincoln","Rex Airlines","Aug-23",146,143,3,128,123,15,20,2023,8
"Albury-Sydney","Albury","Sydney","Rex Airlines","Aug-23",113,110,3,86,83,24,27,2023,8
"Armidale-Sydney","Armidale","Sydney","Rex Airlines","Aug-23",54,49,5,34,31,15,18,2023,8
"Brisbane-Melbourne","Brisbane","Melbourne","Rex Airlines","Aug-23",59,59,0,37,34,22,25,2023,8
"Brisbane-Sydney","Brisbane","Sydney","Rex Airlines","Aug-23",147,146,1,111,107,35,39,2023,8
"Cairns-Townsville","Cairns","Townsville","Rex Airlines","Aug-23",14,14,0,12,13,2,1,2023,8
"Canberra-Melbourne","Canberra","Melbourne","Rex Airlines","Aug-23",31,31,0,21,21,10,10,2023,8
"Coffs Harbour-Sydney","Coffs Harbour","Sydney","Rex Airlines","Aug-23",112,112,0,91,88,21,24,2023,8
"Devonport-Melbourne","Devonport","Melbourne","Rex Airlines","Aug-23",52,48,4,38,36,10,12,2023,8
"Dubbo-Sydney","Dubbo","Sydney","Rex Airlines","Aug-23",131,128,3,104,104,24,24,2023,8
"Gold Coast-Melbourne","Gold Coast","Melbourne","Rex Airlines","Aug-23",31,31,0,26,22,5,9,2023,8
"Gold Coast-Sydney","Gold Coast","Sydney","Rex Airlines","Aug-23",31,31,0,29,28,2,3,2023,8
"Melbourne-Adelaide","Melbourne","Adelaide","Rex Airlines","Aug-23",58,58,0,44,42,14,16,2023,8
"Melbourne-Brisbane","Melbourne","Brisbane","Rex Airlines","Aug-23",58,58,0,48,50,10,8,2023,8
"Melbourne-Canberra","Melbourne","Canberra","Rex Airlines","Aug-23",31,31,0,19,22,12,9,2023,8
"Melbourne-Devonport","Melbourne","Devonport","Rex Airlines","Aug-23",52,48,4,41,41,7,7,2023,8
"Melbourne-Gold Coast","Melbourne","Gold Coast","Rex Airlines","Aug-23",31,31,0,29,28,2,3,2023,8
"Melbourne-Mildura","Melbourne","Mildura","Rex Airlines","Aug-23",106,106,0,81,79,25,27,2023,8
"Melbourne-Sydney","Melbourne","Sydney","Rex Airlines","Aug-23",155,155,0,135,132,20,23,2023,8
"Mildura-Melbourne","Mildura","Melbourne","Rex Airlines","Aug-23",107,107,0,85,80,22,27,2023,8
"Port Lincoln-Adelaide","Port Lincoln","Adelaide","Rex Airlines","Aug-23",146,142,4,122,118,20,24,2023,8
"Port Macquarie-Sydney","Port Macquarie","Sydney","Rex Airlines","Aug-23",83,79,4,68,61,11,18,2023,8
"Sydney-Albury","Sydney","Albury","Rex Airlines","Aug-23",111,110,1,81,81,29,29,2023,8
"Sydney-Armidale","Sydney","Armidale","Rex Airlines","Aug-23",54,49,5,38,40,11,9,2023,8
"Sydney-Brisbane","Sydney","Brisbane","Rex Airlines","Aug-23",147,146,1,111,108,35,38,2023,8
"Sydney-Coffs Harbour","Sydney","Coffs Harbour","Rex Airlines","Aug-23",111,111,0,85,92,26,19,2023,8
"Sydney-Dubbo","Sydney","Dubbo","Rex Airlines","Aug-23",134,131,3,104,111,27,20,2023,8
"Sydney-Gold Coast","Sydney","Gold Coast","Rex Airlines","Aug-23",31,31,0,30,29,1,2,2023,8
"Sydney-Melbourne","Sydney","Melbourne","Rex Airlines","Aug-23",154,154,0,128,114,26,40,2023,8
"Sydney-Port Macquarie","Sydney","Port Macquarie","Rex Airlines","Aug-23",85,82,3,66,70,16,12,2023,8
"Sydney-Wagga Wagga","Sydney","Wagga Wagga","Rex Airlines","Aug-23",91,91,0,60,59,31,32,2023,8
"Townsville-Cairns","Townsville","Cairns","Rex Airlines","Aug-23",14,14,0,13,13,1,1,2023,8
"Wagga Wagga-Sydney","Wagga Wagga","Sydney","Rex Airlines","Aug-23",90,89,1,62,59,27,30,2023,8
"Adelaide-Alice Springs","Adelaide","Alice Springs","Virgin Australia","Aug-23",13,13,0,10,8,3,5,2023,8
"Adelaide-Brisbane","Adelaide","Brisbane","Virgin Australia","Aug-23",143,140,3,94,103,46,37,2023,8
"Adelaide-Cairns","Adelaide","Cairns","Virgin Australia","Aug-23",14,14,0,8,8,6,6,2023,8
"Adelaide-Canberra","Adelaide","Canberra","Virgin Australia","Aug-23",17,17,0,14,14,3,3,2023,8
"Adelaide-Darwin","Adelaide","Darwin","Virgin Australia","Aug-23",13,13,0,9,11,4,2,2023,8
"Adelaide-Gold Coast","Adelaide","Gold Coast","Virgin Australia","Aug-23",31,30,1,28,30,2,0,2023,8
"Adelaide-Melbourne","Adelaide","Melbourne","Virgin Australia","Aug-23",263,259,4,172,180,87,79,2023,8
"Adelaide-Perth","Adelaide","Perth","Virgin Australia","Aug-23",37,34,3,20,17,14,17,2023,8
"Adelaide-Sydney","Adelaide","Sydney","Virgin Australia","Aug-23",190,176,14,116,118,60,58,2023,8
"Alice Springs-Adelaide","Alice Springs","Adelaide","Virgin Australia","Aug-23",13,13,0,2,2,11,11,2023,8
"Ballina-Sydney","Ballina","Sydney","Virgin Australia","Aug-23",48,48,0,34,30,14,18,2023,8
"Brisbane-Adelaide","Brisbane","Adelaide","Virgin Australia","Aug-23",143,140,3,93,96,47,44,2023,8
"Brisbane-Cairns","Brisbane","Cairns","Virgin Australia","Aug-23",148,147,1,97,109,50,38,2023,8
"Brisbane-Canberra","Brisbane","Canberra","Virgin Australia","Aug-23",115,110,5,74,74,36,36,2023,8
"Brisbane-Darwin","Brisbane","Darwin","Virgin Australia","Aug-23",31,31,0,15,24,16,7,2023,8
"Brisbane-Emerald","Brisbane","Emerald","Virgin Australia","Aug-23",27,27,0,23,24,4,3,2023,8
"Brisbane-Gladstone","Brisbane","Gladstone","Virgin Australia","Aug-23",54,54,0,39,39,15,15,2023,8
"Brisbane-Hamilton Island","Brisbane","Hamilton Island","Virgin Australia","Aug-23",31,31,0,21,23,10,8,2023,8
"Brisbane-Hobart","Brisbane","Hobart","Virgin Australia","Aug-23",39,39,0,24,21,15,18,2023,8
"Brisbane-Launceston","Brisbane","Launceston","Virgin Australia","Aug-23",15,15,0,8,9,7,6,2023,8
"Brisbane-Mackay","Brisbane","Mackay","Virgin Australia","Aug-23",143,143,0,84,101,59,42,2023,8
"Brisbane-Melbourne","Brisbane","Melbourne","Virgin Australia","Aug-23",423,393,30,255,234,138,159,2023,8
"Brisbane-Mount Isa","Brisbane","Mount Isa","Virgin Australia","Aug-23",14,14,0,12,12,2,2,2023,8
"Brisbane-Newcastle","Brisbane","Newcastle","Virgin Australia","Aug-23",85,84,1,57,53,27,31,2023,8
"Brisbane-Perth","Brisbane","Perth","Virgin Australia","Aug-23",118,112,6,63,59,49,53,2023,8
"Brisbane-Proserpine","Brisbane","Proserpine","Virgin Australia","Aug-23",31,31,0,25,24,6,7,2023,8
"Brisbane-Rockhampton","Brisbane","Rockhampton","Virgin Australia","Aug-23",147,147,0,99,95,48,52,2023,8
"Brisbane-Sydney","Brisbane","Sydney","Virgin Australia","Aug-23",503,459,44,312,300,147,159,2023,8
"Brisbane-Townsville","Brisbane","Townsville","Virgin Australia","Aug-23",147,146,1,83,86,63,60,2023,8
"Broome-Perth","Broome","Perth","Virgin Australia","Aug-23",26,26,0,8,10,18,16,2023,8
"Cairns-Adelaide","Cairns","Adelaide","Virgin Australia","Aug-23",14,14,0,4,4,10,10,2023,8
"Cairns-Brisbane","Cairns","Brisbane","Virgin Australia","Aug-23",148,146,2,98,105,48,41,2023,8
"Cairns-Melbourne","Cairns","Melbourne","Virgin Australia","Aug-23",78,77,1,48,43,29,34,2023,8
"Cairns-Sydney","Cairns","Sydney","Virgin Australia","Aug-23",83,83,0,60,56,23,27,2023,8
"Canberra-Adelaide","Canberra","Adelaide","Virgin Australia","Aug-23",17,17,0,14,14,3,3,2023,8
"Canberra-Brisbane","Canberra","Brisbane","Virgin Australia","Aug-23",115,110,5,84,87,26,23,2023,8
"Canberra-Gold Coast","Canberra","Gold Coast","Virgin Australia","Aug-23",31,31,0,20,19,11,12,2023,8
"Canberra-Melbourne","Canberra","Melbourne","Virgin Australia","Aug-23",131,127,4,84,77,43,50,2023,8
"Canberra-Sydney","Canberra","Sydney","Virgin Australia","Aug-23",262,252,10,214,213,38,39,2023,8
"Darwin-Adelaide","Darwin","Adelaide","virgin Australia","Aug-23",14,14,0,9,13,5,1,2023,8
"Darwin-Brisbane","Darwin","Brisbane","Virgin Australia","Aug-23",31,31,0,17,18,14,13,2023,8
"Darwin-Melbourne","Darwin","Melbourne","Virgin Australia","Aug-23",31,31,0,16,22,15,9,2023,8
"Darwin-Perth","Darwin","Perth","Virgin Australia","Aug-23",5,5,0,3,3,2,2,2023,8
"Emerald-Brisbane","Emerald","Brisbane","Virgin Australia","Aug-23",27,27,0,25,25,2,2,2023,8
"Gladstone-Brisbane","Gladstone","Brisbane","Virgin Australia","Aug-23",54,54,0,38,26,16,28,2023,8
"Gold Coast-Adelaide","Gold Coast","Adelaide","Virgin Australia","Aug-23",31,30,1,20,17,10,13,2023,8
"Gold Coast-Canberra","Gold Coast","Canberra","Virgin Australia","Aug-23",31,31,0,19,19,12,12,2023,8
"Gold Coast-Melbourne","Gold Coast","Melbourne","Virgin Australia","Aug-23",254,244,10,142,152,102,92,2023,8
"Gold Coast-Sydney","Gold Coast","Sydney","Virgin Australia","Aug-23",288,282,6,207,197,75,85,2023,8
"Hamilton Island-Brisbane","Hamilton Island","Brisbane","Virgin Australia","Aug-23",31,31,0,23,25,8,6,2023,8
"Hamilton Island-Sydney","Hamilton Island","Sydney","Virgin Australia","Aug-23",28,28,0,19,15,9,13,2023,8
"Hobart-Brisbane","Hobart","Brisbane","Virgin Australia","Aug-23",39,38,1,17,20,21,18,2023,8
"Hobart-Melbourne","Hobart","Melbourne","Virgin Australia","Aug-23",116,116,0,77,62,39,54,2023,8
"Hobart-Sydney","Hobart","Sydney","Virgin Australia","Aug-23",77,75,2,56,56,19,19,2023,8
"Kalgoorlie-Perth","Kalgoorlie","Perth","Virgin Australia","Aug-23",67,63,4,48,47,15,16,2023,8
"Karratha-Perth","Karratha","Perth","Virgin Australia","Aug-23",33,32,1,20,21,12,11,2023,8
"Launceston-Brisbane","Launceston","Brisbane","Virgin Australia","Aug-23",15,15,0,8,7,7,8,2023,8
"Launceston-Melbourne","Launceston","Melbourne","Virgin Australia","Aug-23",89,88,1,62,51,26,37,2023,8
"Launceston-Sydney","Launceston","Sydney","Virgin Australia","Aug-23",30,30,0,22,20,8,10,2023,8
"Mackay-Brisbane","Mackay","Brisbane","Virgin Australia","Aug-23",143,143,0,98,114,45,29,2023,8
"Melbourne-Adelaide","Melbourne","Adelaide","Virgin Australia","Aug-23",260,256,4,177,166,79,90,2023,8
"Melbourne-Brisbane","Melbourne","Brisbane","Virgin Australia","Aug-23",425,400,25,251,257,149,143,2023,8
"Melbourne-Cairns","Melbourne","Cairns","Virgin Australia","Aug-23",78,77,1,61,63,16,14,2023,8
"Melbourne-Canberra","Melbourne","Canberra","Virgin Australia","Aug-23",131,127,4,80,78,47,49,2023,8
"Melbourne-Darwin","Melbourne","Darwin","Virgin Australia","Aug-23",31,31,0,24,27,7,4,2023,8
"Melbourne-Gold Coast","Melbourne","Gold Coast","Virgin Australia","Aug-23",254,242,12,160,177,82,65,2023,8
"Melbourne-Hobart","Melbourne","Hobart","Virgin Australia","Aug-23",116,116,0,73,63,43,53,2023,8
"Melbourne-Launceston","Melbourne","Launceston","Virgin Australia","Aug-23",89,88,1,42,40,46,48,2023,8
"Melbourne-Newcastle","Melbourne","Newcastle","Virgin Australia","Aug-23",39,39,0,28,28,11,11,2023,8
"Melbourne-Perth","Melbourne","Perth","Virgin Australia","Aug-23",193,179,14,103,107,76,72,2023,8
"Melbourne-Sunshine Coast","Melbourne","Sunshine Coast","Virgin Australia","Aug-23",67,67,0,45,55,22,12,2023,8
"Melbourne-Sydney","Melbourne","Sydney","Virgin Australia","Aug-23",806,708,98,505,469,203,239,2023,8
"Mount Isa-Brisbane","Mount Isa","Brisbane","Virgin Australia","Aug-23",14,14,0,7,8,7,6,2023,8
"Newcastle-Brisbane","Newcastle","Brisbane","Virgin Australia","Aug-23",85,84,1,51,53,33,31,2023,8
"Newcastle-Melbourne","Newcastle","Melbourne","Virgin Australia","Aug-23",39,39,0,26,22,13,17,2023,8
"Newman-Perth","Newman","Perth","Virgin Australia","Aug-23",37,35,2,30,19,5,16,2023,8
"Perth-Adelaide","Perth","Adelaide","Virgin Australia","Aug-23",40,36,4,26,30,10,6,2023,8
"Perth-Brisbane","Perth","Brisbane","Virgin Australia","Aug-23",119,113,6,73,95,40,18,2023,8
"Perth-Broome","Perth","Broome","Virgin Australia","Aug-23",25,25,0,13,15,12,10,2023,8
"Perth-Darwin","Perth","Darwin","Virgin Australia","Aug-23",5,5,0,2,2,3,3,2023,8
"Perth-Kalgoorlie","Perth","Kalgoorlie","Virgin Australia","Aug-23",67,63,4,50,49,13,14,2023,8
"Perth-Karratha","Perth","Karratha","Virgin Australia","Aug-23",33,32,1,25,23,7,9,2023,8
"Perth-Melbourne","Perth","Melbourne","Virgin Australia","Aug-23",199,184,15,131,150,53,34,2023,8
"Perth-Newman","Perth","Newman","Virgin Australia","Aug-23",37,35,2,30,28,5,7,2023,8
"Perth-Port Hedland","Perth","Port Hedland","Virgin Australia","Aug-23",36,31,5,23,21,8,10,2023,8
"Perth-Sydney","Perth","Sydney","Virgin Australia","Aug-23",141,135,6,81,115,54,20,2023,8
"Port Hedland-Perth","Port Hedland","Perth","Virgin Australia","Aug-23",36,31,5,15,15,16,16,2023,8
"Proserpine-Brisbane","Proserpine","Brisbane","Virgin Australia","Aug-23",31,31,0,24,22,7,9,2023,8
"Rockhampton-Brisbane","Rockhampton","Brisbane","Virgin Australia","Aug-23",147,147,0,111,97,36,50,2023,8
"Sunshine Coast-Melbourne","Sunshine Coast","Melbourne","Virgin Australia","Aug-23",67,67,0,37,33,30,34,2023,8
"Sunshine Coast-Sydney","Sunshine Coast","Sydney","Virgin Australia","Aug-23",62,62,0,44,33,18,29,2023,8
"Sydney-Adelaide","Sydney","Adelaide","Virgin Australia","Aug-23",190,178,12,133,125,45,53,2023,8
"Sydney-Ballina","Sydney","Ballina","Virgin Australia","Aug-23",48,48,0,39,36,9,12,2023,8
"Sydney-Brisbane","Sydney","Brisbane","Virgin Australia","Aug-23",499,450,49,341,327,109,123,2023,8
"Sydney-Cairns","Sydney","Cairns","Virgin Australia","Aug-23",83,83,0,66,72,17,11,2023,8
"Sydney-Canberra","Sydney","Canberra","Virgin Australia","Aug-23",262,252,10,204,211,48,41,2023,8
"Sydney-Gold Coast","Sydney","Gold Coast","Virgin Australia","Aug-23",288,285,3,202,188,83,97,2023,8
"Sydney-Hamilton Island","Sydney","Hamilton Island","Virgin Australia","Aug-23",28,28,0,21,19,7,9,2023,8
"Sydney-Hobart","Sydney","Hobart","Virgin Australia","Aug-23",77,75,2,59,55,16,20,2023,8
"Sydney-Launceston","Sydney","Launceston","Virgin Australia","Aug-23",30,30,0,23,24,7,6,2023,8
"Sydney-Melbourne","Sydney","Melbourne","Virgin Australia","Aug-23",801,706,95,517,475,189,231,2023,8
"Sydney-Perth","Sydney","Perth","Virgin Australia","Aug-23",149,141,8,89,91,52,50,2023,8
"Sydney-Sunshine Coast","Sydney","Sunshine Coast","Virgin Australia","Aug-23",62,62,0,47,45,15,17,2023,8
"Townsville-Brisbane","Townsville","Brisbane","Virgin Australia","Aug-23",147,146,1,77,64,69,82,2023,8
"Adelaide-Perth","Adelaide","Perth","Virgin Australia Regional Airlines","Aug-23",35,26,9,15,16,11,10,2023,8
"Broome-Perth","Broome","Perth","Virgin Australia Regional Airlines","Aug-23",28,27,1,9,12,18,15,2023,8
"Darwin-Perth","Darwin","Perth","Virgin Australia Regional Airlines","Aug-23",17,15,2,8,10,7,5,2023,8
"Kalgoorlie-Perth","Kalgoorlie","Perth","Virgin Australia Regional Airlines","Aug-23",27,26,1,18,16,8,10,2023,8
"Karratha-Perth","Karratha","Perth","Virgin Australia Regional Airlines","Aug-23",21,21,0,6,7,15,14,2023,8
"Newman-Perth","Newman","Perth","Virgin Australia Regional Airlines","Aug-23",23,21,2,13,15,8,6,2023,8
"Perth-Adelaide","Perth","Adelaide","Virgin Australia Regional Airlines","Aug-23",35,26,9,18,18,8,8,2023,8
"Perth-Broome","Perth","Broome","Virgin Australia Regional Airlines","Aug-23",29,28,1,17,18,11,10,2023,8
"Perth-Darwin","Perth","Darwin","Virgin Australia Regional Airlines","Aug-23",17,15,2,10,10,5,5,2023,8
"Perth-Kalgoorlie","Perth","Kalgoorlie","Virgin Australia Regional Airlines","Aug-23",27,26,1,19,19,7,7,2023,8
"Perth-Karratha","Perth","Karratha","Virgin Australia Regional Airlines","Aug-23",21,21,0,10,7,11,14,2023,8
"Perth-Newman","Perth","Newman","Virgin Australia Regional Airlines","Aug-23",23,21,2,13,15,8,6,2023,8
"Perth-Port Hedland","Perth","Port Hedland","Virgin Australia Regional Airlines","Aug-23",18,16,2,8,8,8,8,2023,8
"Port Hedland-Perth","Port Hedland","Perth","Virgin Australia Regional Airlines","Aug-23",18,15,3,5,6,10,9,2023,8
"Adelaide-Alice Springs","Adelaide","Alice Springs","All Airlines","Aug-23",67,65,2,54,48,11,17,2023,8
"Adelaide-Brisbane","Adelaide","Brisbane","All Airlines","Aug-23",359,353,6,236,265,117,88,2023,8
"Adelaide-Cairns","Adelaide","Cairns","All Airlines","Aug-23",45,45,0,37,39,8,6,2023,8
"Adelaide-Canberra","Adelaide","Canberra","All Airlines","Aug-23",132,130,2,106,103,24,27,2023,8
"Adelaide-Darwin","Adelaide","Darwin","All Airlines","Aug-23",101,101,0,81,78,20,23,2023,8
"Adelaide-Gold Coast","Adelaide","Gold Coast","All Airlines","Aug-23",57,55,2,47,50,8,5,2023,8
"Adelaide-Melbourne","Adelaide","Melbourne","All Airlines","Aug-23",698,685,13,480,498,205,187,2023,8
"Adelaide-Perth","Adelaide","Perth","All Airlines","Aug-23",191,179,12,139,133,40,46,2023,8
"Adelaide-Port Lincoln","Adelaide","Port Lincoln","All Airlines","Aug-23",289,277,12,247,239,30,38,2023,8
"Adelaide-Sydney","Adelaide","Sydney","All Airlines","Aug-23",512,486,26,356,349,130,137,2023,8
"Albury-Sydney","Albury","Sydney","All Airlines","Aug-23",229,223,6,163,162,60,61,2023,8
"Alice Springs-Adelaide","Alice Springs","Adelaide","All Airlines","Aug-23",67,65,2,44,38,21,27,2023,8
"Armidale-Sydney","Armidale","Sydney","All Airlines","Aug-23",170,156,14,125,122,31,34,2023,8
"Ballina-Sydney","Ballina","Sydney","All Airlines","Aug-23",227,221,6,167,161,54,60,2023,8
"Brisbane-Adelaide","Brisbane","Adelaide","All Airlines","Aug-23",359,353,6,244,221,109,132,2023,8
"Brisbane-Cairns","Brisbane","Cairns","All Airlines","Aug-23",411,410,1,301,315,109,95,2023,8
"Brisbane-Canberra","Brisbane","Canberra","All Airlines","Aug-23",323,314,9,220,214,94,100,2023,8
"Brisbane-Darwin","Brisbane","Darwin","All Airlines","Aug-23",97,97,0,67,81,30,16,2023,8
"Brisbane-Emerald","Brisbane","Emerald","All Airlines","Aug-23",153,151,2,116,123,35,28,2023,8
"Brisbane-Gladstone","Brisbane","Gladstone","All Airlines","Aug-23",202,189,13,147,151,42,38,2023,8
"Brisbane-Hamilton Island","Brisbane","Hamilton Island","All Airlines","Aug-23",53,53,0,39,41,14,12,2023,8
"Brisbane-Hobart","Brisbane","Hobart","All Airlines","Aug-23",82,82,0,56,47,26,35,2023,8
"Brisbane-Launceston","Brisbane","Launceston","All Airlines","Aug-23",36,36,0,20,24,16,12,2023,8
"Brisbane-Mackay","Brisbane","Mackay","All Airlines","Aug-23",285,285,0,190,212,95,73,2023,8
"Brisbane-Melbourne","Brisbane","Melbourne","All Airlines","Aug-23",1007,962,45,682,640,280,322,2023,8
"Brisbane-Mount Isa","Brisbane","Mount Isa","All Airlines","Aug-23",68,68,0,59,64,9,4,2023,8
"Brisbane-Newcastle","Brisbane","Newcastle","All Airlines","Aug-23",276,258,18,186,183,72,75,2023,8
"Brisbane-Perth","Brisbane","Perth","All Airlines","Aug-23",298,291,7,196,188,95,103,2023,8
"Brisbane-Proserpine","Brisbane","Proserpine","All Airlines","Aug-23",92,92,0,70,70,22,22,2023,8
"Brisbane-Rockhampton","Brisbane","Rockhampton","All Airlines","Aug-23",334,325,9,238,239,87,86,2023,8
"Brisbane-Sydney","Brisbane","Sydney","All Airlines","Aug-23",1390,1313,77,995,961,318,352,2023,8
"Brisbane-Townsville","Brisbane","Townsville","All Airlines","Aug-23",320,319,1,216,227,103,92,2023,8
"Broome-Perth","Broome","Perth","All Airlines","Aug-23",147,146,1,70,78,76,68,2023,8
"Cairns-Adelaide","Cairns","Adelaide","All Airlines","Aug-23",45,45,0,29,27,16,18,2023,8
"Cairns-Brisbane","Cairns","Brisbane","All Airlines","Aug-23",411,409,2,311,299,98,110,2023,8
"Cairns-Melbourne","Cairns","Melbourne","All Airlines","Aug-23",226,223,3,140,134,83,89,2023,8
"Cairns-Sydney","Cairns","Sydney","All Airlines","Aug-23",230,226,4,161,150,65,76,2023,8
"Cairns-Townsville","Cairns","Townsville","All Airlines","Aug-23",172,168,4,140,142,28,26,2023,8
"Canberra-Adelaide","Canberra","Adelaide","All Airlines","Aug-23",132,130,2,96,90,34,40,2023,8
"Canberra-Brisbane","Canberra","Brisbane","All Airlines","Aug-23",323,314,9,214,232,100,82,2023,8
"Canberra-Gold Coast","Canberra","Gold Coast","All Airlines","Aug-23",49,48,1,32,32,16,16,2023,8
"Canberra-Melbourne","Canberra","Melbourne","All Airlines","Aug-23",473,458,15,316,306,142,152,2023,8
"Canberra-Sydney","Canberra","Sydney","All Airlines","Aug-23",748,666,82,493,484,173,182,2023,8
"Coffs Harbour-Sydney","Coffs Harbour","Sydney","All Airlines","Aug-23",228,220,8,180,174,40,46,2023,8
"Darwin-Adelaide","Darwin","Adelaide","All Airlines","Aug-23",103,103,0,77,83,26,20,2023,8
"Darwin-Brisbane","Darwin","Brisbane","All Airlines","Aug-23",99,99,0,64,67,35,32,2023,8
"Darwin-Melbourne","Darwin","Melbourne","All Airlines","Aug-23",92,92,0,47,57,45,35,2023,8
"Darwin-Perth","Darwin","Perth","All Airlines","Aug-23",62,59,3,26,33,33,26,2023,8
"Devonport-Melbourne","Devonport","Melbourne","All Airlines","Aug-23",172,159,13,114,109,45,50,2023,8
"Dubbo-Sydney","Dubbo","Sydney","All Airlines","Aug-23",247,239,8,198,198,41,41,2023,8
"Emerald-Brisbane","Emerald","Brisbane","All Airlines","Aug-23",153,151,2,125,120,26,31,2023,8
"Gladstone-Brisbane","Gladstone","Brisbane","All Airlines","Aug-23",201,189,12,151,138,38,51,2023,8
"Gold Coast-Adelaide","Gold Coast","Adelaide","All Airlines","Aug-23",57,55,2,44,41,11,14,2023,8
"Gold Coast-Canberra","Gold Coast","Canberra","All Airlines","Aug-23",48,48,0,33,33,15,15,2023,8
"Gold Coast-Melbourne","Gold Coast","Melbourne","All Airlines","Aug-23",528,511,17,338,344,173,167,2023,8
"Gold Coast-Sydney","Gold Coast","Sydney","All Airlines","Aug-23",681,663,18,509,490,154,173,2023,8
"Hamilton Island-Brisbane","Hamilton Island","Brisbane","All Airlines","Aug-23",53,53,0,39,40,14,13,2023,8
"Hamilton Island-Sydney","Hamilton Island","Sydney","All Airlines","Aug-23",84,83,1,55,46,28,37,2023,8
"Hobart-Brisbane","Hobart","Brisbane","All Airlines","Aug-23",82,81,1,43,48,38,33,2023,8
"Hobart-Melbourne","Hobart","Melbourne","All Airlines","Aug-23",326,321,5,213,188,108,133,2023,8
"Hobart-Sydney","Hobart","Sydney","All Airlines","Aug-23",224,221,3,158,150,63,71,2023,8
"Kalgoorlie-Perth","Kalgoorlie","Perth","All Airlines","Aug-23",178,171,7,127,116,44,55,2023,8
"Karratha-Perth","Karratha","Perth","All Airlines","Aug-23",208,206,2,134,134,72,72,2023,8
"Launceston-Brisbane","Launceston","Brisbane","All Airlines","Aug-23",36,36,0,17,20,19,16,2023,8
"Launceston-Melbourne","Launceston","Melbourne","All Airlines","Aug-23",291,281,10,178,175,103,106,2023,8
"Launceston-Sydney","Launceston","Sydney","All Airlines","Aug-23",96,95,1,60,60,35,35,2023,8
"Mackay-Brisbane","Mackay","Brisbane","All Airlines","Aug-23",290,289,1,205,222,84,67,2023,8
"Melbourne-Adelaide","Melbourne","Adelaide","All Airlines","Aug-23",695,683,12,479,473,204,210,2023,8
"Melbourne-Brisbane","Melbourne","Brisbane","All Airlines","Aug-23",1008,968,40,659,680,309,288,2023,8
"Melbourne-Cairns","Melbourne","Cairns","All Airlines","Aug-23",226,224,2,153,171,71,53,2023,8
"Melbourne-Canberra","Melbourne","Canberra","All Airlines","Aug-23",473,460,13,318,312,142,148,2023,8
"Melbourne-Darwin","Melbourne","Darwin","All Airlines","Aug-23",93,93,0,66,67,27,26,2023,8
"Melbourne-Devonport","Melbourne","Devonport","All Airlines","Aug-23",172,160,12,116,121,44,39,2023,8
"Melbourne-Gold Coast","Melbourne","Gold Coast","All Airlines","Aug-23",528,510,18,351,380,159,130,2023,8
"Melbourne-Hobart","Melbourne","Hobart","All Airlines","Aug-23",326,324,2,214,201,110,123,2023,8
"Melbourne-Launceston","Melbourne","Launceston","All Airlines","Aug-23",291,281,10,172,164,109,117,2023,8
"Melbourne-Mildura","Melbourne","Mildura","All Airlines","Aug-23",243,239,4,167,166,72,73,2023,8
"Melbourne-Newcastle","Melbourne","Newcastle","All Airlines","Aug-23",140,139,1,97,97,42,42,2023,8
"Melbourne-Perth","Melbourne","Perth","All Airlines","Aug-23",460,442,18,265,253,177,189,2023,8
"Melbourne-Sunshine Coast","Melbourne","Sunshine Coast","All Airlines","Aug-23",160,160,0,102,116,58,44,2023,8
"Melbourne-Sydney","Melbourne","Sydney","All Airlines","Aug-23",2325,2105,220,1594,1505,511,600,2023,8
"Mildura-Melbourne","Mildura","Melbourne","All Airlines","Aug-23",244,239,5,173,162,66,77,2023,8
"Mount Isa-Brisbane","Mount Isa","Brisbane","All Airlines","Aug-23",68,68,0,53,56,15,12,2023,8
"Newcastle-Brisbane","Newcastle","Brisbane","All Airlines","Aug-23",277,258,19,175,200,83,58,2023,8
"Newcastle-Melbourne","Newcastle","Melbourne","All Airlines","Aug-23",140,137,3,97,97,40,40,2023,8
"Newman-Perth","Newman","Perth","All Airlines","Aug-23",186,180,6,145,109,35,71,2023,8
"Perth-Adelaide","Perth","Adelaide","All Airlines","Aug-23",194,181,13,123,145,58,36,2023,8
"Perth-Brisbane","Perth","Brisbane","All Airlines","Aug-23",301,293,8,191,238,102,55,2023,8
"Perth-Broome","Perth","Broome","All Airlines","Aug-23",147,146,1,100,113,46,33,2023,8
"Perth-Darwin","Perth","Darwin","All Airlines","Aug-23",62,60,2,39,37,21,23,2023,8
"Perth-Kalgoorlie","Perth","Kalgoorlie","All Airlines","Aug-23",177,170,7,134,133,36,37,2023,8
"Perth-Karratha","Perth","Karratha","All Airlines","Aug-23",207,206,1,154,151,52,55,2023,8
"Perth-Melbourne","Perth","Melbourne","All Airlines","Aug-23",467,447,20,298,338,149,109,2023,8
"Perth-Newman","Perth","Newman","All Airlines","Aug-23",186,181,5,154,152,27,29,2023,8
"Perth-Port Hedland","Perth","Port Hedland","All Airlines","Aug-23",205,197,8,160,154,37,43,2023,8
"Perth-Sydney","Perth","Sydney","All Airlines","Aug-23",408,393,15,220,288,173,105,2023,8
"Port Hedland-Perth","Port Hedland","Perth","All Airlines","Aug-23",205,195,10,134,119,61,76,2023,8
"Port Lincoln-Adelaide","Port Lincoln","Adelaide","All Airlines","Aug-23",289,275,14,244,237,31,38,2023,8
"Port Macquarie-Sydney","Port Macquarie","Sydney","All Airlines","Aug-23",199,189,10,147,136,42,53,2023,8
"Proserpine-Brisbane","Proserpine","Brisbane","All Airlines","Aug-23",93,93,0,62,59,31,34,2023,8
"Rockhampton-Brisbane","Rockhampton","Brisbane","All Airlines","Aug-23",335,319,16,229,216,90,103,2023,8
"Sunshine Coast-Melbourne","Sunshine Coast","Melbourne","All Airlines","Aug-23",160,160,0,81,80,79,80,2023,8
"Sunshine Coast-Sydney","Sunshine Coast","Sydney","All Airlines","Aug-23",173,172,1,111,99,61,73,2023,8
"Sydney-Adelaide","Sydney","Adelaide","All Airlines","Aug-23",513,491,22,365,339,126,152,2023,8
"Sydney-Albury","Sydney","Albury","All Airlines","Aug-23",227,223,4,163,161,60,62,2023,8
"Sydney-Armidale","Sydney","Armidale","All Airlines","Aug-23",169,155,14,116,130,39,25,2023,8
"Sydney-Ballina","Sydney","Ballina","All Airlines","Aug-23",227,221,6,168,171,53,50,2023,8
"Sydney-Brisbane","Sydney","Brisbane","All Airlines","Aug-23",1385,1307,78,983,961,324,346,2023,8
"Sydney-Cairns","Sydney","Cairns","All Airlines","Aug-23",228,226,2,154,165,72,61,2023,8
"Sydney-Canberra","Sydney","Canberra","All Airlines","Aug-23",748,667,81,524,509,143,158,2023,8
"Sydney-Coffs Harbour","Sydney","Coffs Harbour","All Airlines","Aug-23",226,219,7,160,179,59,40,2023,8
"Sydney-Dubbo","Sydney","Dubbo","All Airlines","Aug-23",250,242,8,175,195,67,47,2023,8
"Sydney-Gold Coast","Sydney","Gold Coast","All Airlines","Aug-23",681,668,13,500,494,168,174,2023,8
"Sydney-Hamilton Island","Sydney","Hamilton Island","All Airlines","Aug-23",84,84,0,60,59,24,25,2023,8
"Sydney-Hobart","Sydney","Hobart","All Airlines","Aug-23",224,220,4,157,157,63,63,2023,8
"Sydney-Launceston","Sydney","Launceston","All Airlines","Aug-23",96,95,1,66,64,29,31,2023,8
"Sydney-Melbourne","Sydney","Melbourne","All Airlines","Aug-23",2316,2100,216,1565,1462,535,638,2023,8
"Sydney-Perth","Sydney","Perth","All Airlines","Aug-23",414,399,15,256,223,143,176,2023,8
"Sydney-Port Macquarie","Sydney","Port Macquarie","All Airlines","Aug-23",201,192,9,140,148,52,44,2023,8
"Sydney-Sunshine Coast","Sydney","Sunshine Coast","All Airlines","Aug-23",173,172,1,126,129,46,43,2023,8
"Sydney-Wagga Wagga","Sydney","Wagga Wagga","All Airlines","Aug-23",207,203,4,144,145,59,58,2023,8
"Townsville-Brisbane","Townsville","Brisbane","All Airlines","Aug-23",320,319,1,209,195,110,124,2023,8
"Townsville-Cairns","Townsville","Cairns","All Airlines","Aug-23",172,167,5,146,148,21,19,2023,8
"Wagga Wagga-Sydney","Wagga Wagga","Sydney","All Airlines","Aug-23",206,202,4,147,146,55,56,2023,8
"Adelaide-Brisbane","Adelaide","Brisbane","Jetstar","Sep-23",35,31,4,18,20,13,11,2023,9
"Adelaide-Cairns","Adelaide","Cairns","Jetstar","Sep-23",34,32,2,29,28,3,4,2023,9
"Adelaide-Darwin","Adelaide","Darwin","Jetstar","Sep-23",28,26,2,20,20,6,6,2023,9
"Adelaide-Gold Coast","Adelaide","Gold Coast","Jetstar","Sep-23",32,31,1,25,27,6,4,2023,9
"Adelaide-Melbourne","Adelaide","Melbourne","Jetstar","Sep-23",107,101,6,61,67,40,34,2023,9
"Adelaide-Perth","Adelaide","Perth","Jetstar","Sep-23",28,27,1,22,21,5,6,2023,9
"Adelaide-Sydney","Adelaide","Sydney","Jetstar","Sep-23",121,106,15,79,81,27,25,2023,9
"Ballina-Sydney","Ballina","Sydney","Jetstar","Sep-23",78,78,0,50,52,28,26,2023,9
"Brisbane-Adelaide","Brisbane","Adelaide","Jetstar","Sep-23",36,31,5,17,20,14,11,2023,9
"Brisbane-Cairns","Brisbane","Cairns","Jetstar","Sep-23",90,87,3,60,62,27,25,2023,9
"Brisbane-Canberra","Brisbane","Canberra","Jetstar","Sep-23",30,30,0,19,17,11,13,2023,9
"Brisbane-Darwin","Brisbane","Darwin","Jetstar","Sep-23",26,24,2,18,18,6,6,2023,9
"Brisbane-Hobart","Brisbane","Hobart","Jetstar","Sep-23",24,24,0,19,18,5,6,2023,9
"Brisbane-Launceston","Brisbane","Launceston","Jetstar","Sep-23",26,26,0,17,18,9,8,2023,9
"Brisbane-Mackay","Brisbane","Mackay","Jetstar","Sep-23",28,28,0,10,13,18,15,2023,9
"Brisbane-Melbourne","Brisbane","Melbourne","Jetstar","Sep-23",182,168,14,104,117,64,51,2023,9
"Brisbane-Newcastle","Brisbane","Newcastle","Jetstar","Sep-23",52,51,1,39,41,12,10,2023,9
"Brisbane-Perth","Brisbane","Perth","Jetstar","Sep-23",26,25,1,15,20,10,5,2023,9
"Brisbane-Proserpine","Brisbane","Proserpine","Jetstar","Sep-23",30,30,0,24,24,6,6,2023,9
"Brisbane-Sydney","Brisbane","Sydney","Jetstar","Sep-23",189,171,18,108,111,63,60,2023,9
"Brisbane-Townsville","Brisbane","Townsville","Jetstar","Sep-23",49,48,1,36,37,12,11,2023,9
"Cairns-Adelaide","Cairns","Adelaide","Jetstar","Sep-23",34,32,2,28,27,4,5,2023,9
"Cairns-Brisbane","Cairns","Brisbane","Jetstar","Sep-23",91,88,3,72,73,16,15,2023,9
"Cairns-Melbourne","Cairns","Melbourne","Jetstar","Sep-23",118,115,3,78,77,37,38,2023,9
"Cairns-Sydney","Cairns","Sydney","Jetstar","Sep-23",111,103,8,81,86,22,17,2023,9
"Canberra-Brisbane","Canberra","Brisbane","Jetstar","Sep-23",30,30,0,14,19,16,11,2023,9
"Canberra-Gold Coast","Canberra","Gold Coast","Jetstar","Sep-23",18,18,0,10,12,8,6,2023,9
"Canberra-Melbourne","Canberra","Melbourne","Jetstar","Sep-23",30,30,0,18,19,12,11,2023,9
"Darwin-Adelaide","Darwin","Adelaide","Jetstar","Sep-23",27,25,2,13,19,12,6,2023,9
"Darwin-Brisbane","Darwin","Brisbane","Jetstar","Sep-23",26,24,2,16,17,8,7,2023,9
"Darwin-Melbourne","Darwin","Melbourne","Jetstar","Sep-23",30,30,0,18,21,12,9,2023,9
"Gold Coast-Adelaide","Gold Coast","Adelaide","Jetstar","Sep-23",32,31,1,23,25,8,6,2023,9
"Gold Coast-Canberra","Gold Coast","Canberra","Jetstar","Sep-23",18,18,0,12,13,6,5,2023,9
"Gold Coast-Melbourne","Gold Coast","Melbourne","Jetstar","Sep-23",239,224,15,150,157,74,67,2023,9
"Gold Coast-Sydney","Gold Coast","Sydney","Jetstar","Sep-23",281,267,14,185,184,82,83,2023,9
"Hamilton Island-Sydney","Hamilton Island","Sydney","Jetstar","Sep-23",24,24,0,13,9,11,15,2023,9
"Hobart-Brisbane","Hobart","Brisbane","Jetstar","Sep-23",25,25,0,17,17,8,8,2023,9
"Hobart-Melbourne","Hobart","Melbourne","Jetstar","Sep-23",109,107,2,72,70,35,37,2023,9
"Hobart-Sydney","Hobart","Sydney","Jetstar","Sep-23",96,91,5,62,60,29,31,2023,9
"Launceston-Brisbane","Launceston","Brisbane","Jetstar","Sep-23",25,25,0,9,16,16,9,2023,9
"Launceston-Melbourne","Launceston","Melbourne","Jetstar","Sep-23",84,83,1,42,44,41,39,2023,9
"Launceston-Sydney","Launceston","Sydney","Jetstar","Sep-23",53,52,1,20,25,32,27,2023,9
"Mackay-Brisbane","Mackay","Brisbane","Jetstar","Sep-23",29,28,1,13,16,15,12,2023,9
"Melbourne-Adelaide","Melbourne","Adelaide","Jetstar","Sep-23",107,101,6,63,64,38,37,2023,9
"Melbourne-Brisbane","Melbourne","Brisbane","Jetstar","Sep-23",185,171,14,114,111,57,60,2023,9
"Melbourne-Cairns","Melbourne","Cairns","Jetstar","Sep-23",118,116,2,77,82,39,34,2023,9
"Melbourne-Canberra","Melbourne","Canberra","Jetstar","Sep-23",29,29,0,18,19,11,10,2023,9
"Melbourne-Darwin","Melbourne","Darwin","Jetstar","Sep-23",30,30,0,21,23,9,7,2023,9
"Melbourne-Gold Coast","Melbourne","Gold Coast","Jetstar","Sep-23",237,222,15,145,153,77,69,2023,9
"Melbourne-Hobart","Melbourne","Hobart","Jetstar","Sep-23",108,106,2,71,73,35,33,2023,9
"Melbourne-Launceston","Melbourne","Launceston","Jetstar","Sep-23",84,84,0,58,57,26,27,2023,9
"Melbourne-Newcastle","Melbourne","Newcastle","Jetstar","Sep-23",55,54,1,41,42,13,12,2023,9
"Melbourne-Perth","Melbourne","Perth","Jetstar","Sep-23",81,71,10,51,51,20,20,2023,9
"Melbourne-Sunshine Coast","Melbourne","Sunshine Coast","Jetstar","Sep-23",63,61,2,46,43,15,18,2023,9
"Melbourne-Sydney","Melbourne","Sydney","Jetstar","Sep-23",376,339,37,248,243,91,96,2023,9
"Newcastle-Brisbane","Newcastle","Brisbane","Jetstar","Sep-23",52,51,1,37,36,14,15,2023,9
"Newcastle-Melbourne","Newcastle","Melbourne","Jetstar","Sep-23",56,55,1,40,40,15,15,2023,9
"Perth-Adelaide","Perth","Adelaide","Jetstar","Sep-23",28,26,2,18,19,8,7,2023,9
"Perth-Brisbane","Perth","Brisbane","Jetstar","Sep-23",26,25,1,17,15,8,10,2023,9
"Perth-Melbourne","Perth","Melbourne","Jetstar","Sep-23",83,72,11,47,52,25,20,2023,9
"Perth-Sydney","Perth","Sydney","Jetstar","Sep-23",53,48,5,18,20,30,28,2023,9
"Proserpine-Brisbane","Proserpine","Brisbane","Jetstar","Sep-23",30,30,0,17,17,13,13,2023,9
"Sunshine Coast-Melbourne","Sunshine Coast","Melbourne","Jetstar","Sep-23",64,61,3,40,43,21,18,2023,9
"Sunshine Coast-Sydney","Sunshine Coast","Sydney","Jetstar","Sep-23",94,90,4,59,57,31,33,2023,9
"Sydney-Adelaide","Sydney","Adelaide","Jetstar","Sep-23",121,106,15,61,73,45,33,2023,9
"Sydney-Ballina","Sydney","Ballina","Jetstar","Sep-23",78,78,0,56,55,22,23,2023,9
"Sydney-Brisbane","Sydney","Brisbane","Jetstar","Sep-23",191,174,17,106,106,68,68,2023,9
"Sydney-Cairns","Sydney","Cairns","Jetstar","Sep-23",111,104,7,77,83,27,21,2023,9
"Sydney-Gold Coast","Sydney","Gold Coast","Jetstar","Sep-23",280,268,12,177,179,91,89,2023,9
"Sydney-Hamilton Island","Sydney","Hamilton Island","Jetstar","Sep-23",23,23,0,17,17,6,6,2023,9
"Sydney-Hobart","Sydney","Hobart","Jetstar","Sep-23",96,91,5,59,63,32,28,2023,9
"Sydney-Launceston","Sydney","Launceston","Jetstar","Sep-23",52,52,0,27,26,25,26,2023,9
"Sydney-Melbourne","Sydney","Melbourne","Jetstar","Sep-23",374,337,37,231,237,106,100,2023,9
"Sydney-Perth","Sydney","Perth","Jetstar","Sep-23",54,50,4,33,34,17,16,2023,9
"Sydney-Sunshine Coast","Sydney","Sunshine Coast","Jetstar","Sep-23",93,90,3,64,68,26,22,2023,9
"Townsville-Brisbane","Townsville","Brisbane","Jetstar","Sep-23",49,48,1,34,36,14,12,2023,9
"Adelaide-Melbourne","Adelaide","Melbourne","Qantas","Sep-23",259,252,7,184,204,68,48,2023,9
"Adelaide-Perth","Adelaide","Perth","Qantas","Sep-23",90,90,0,70,77,20,13,2023,9
"Adelaide-Sydney","Adelaide","Sydney","Qantas","Sep-23",234,226,8,146,140,80,86,2023,9
"Brisbane-Cairns","Brisbane","Cairns","Qantas","Sep-23",102,101,1,70,78,31,23,2023,9
"Brisbane-Darwin","Brisbane","Darwin","Qantas","Sep-23",49,49,0,42,42,7,7,2023,9
"Brisbane-Hamilton Island","Brisbane","Hamilton Island","Qantas","Sep-23",25,25,0,20,23,5,2,2023,9
"Brisbane-Mackay","Brisbane","Mackay","Qantas","Sep-23",93,92,1,71,75,21,17,2023,9
"Brisbane-Melbourne","Brisbane","Melbourne","Qantas","Sep-23",388,378,10,264,291,114,87,2023,9
"Brisbane-Mount Isa","Brisbane","Mount Isa","Qantas","Sep-23",46,46,0,37,43,9,3,2023,9
"Brisbane-Perth","Brisbane","Perth","Qantas","Sep-23",163,162,1,120,143,42,19,2023,9
"Brisbane-Sydney","Brisbane","Sydney","Qantas","Sep-23",545,522,23,418,406,104,116,2023,9
"Brisbane-Townsville","Brisbane","Townsville","Qantas","Sep-23",68,68,0,43,54,25,14,2023,9
"Broome-Perth","Broome","Perth","Qantas","Sep-23",8,8,0,4,6,4,2,2023,9
"Cairns-Brisbane","Cairns","Brisbane","Qantas","Sep-23",101,100,1,82,80,18,20,2023,9
"Cairns-Melbourne","Cairns","Melbourne","Qantas","Sep-23",35,35,0,20,20,15,15,2023,9
"Cairns-Sydney","Cairns","Sydney","Qantas","Sep-23",45,45,0,24,27,21,18,2023,9
"Darwin-Brisbane","Darwin","Brisbane","Qantas","Sep-23",48,48,0,38,39,10,9,2023,9
"Darwin-Melbourne","Darwin","Melbourne","Qantas","Sep-23",40,40,0,33,32,7,8,2023,9
"Gold Coast-Melbourne","Gold Coast","Melbourne","Qantas","Sep-23",18,18,0,13,14,5,4,2023,9
"Gold Coast-Sydney","Gold Coast","Sydney","Qantas","Sep-23",50,50,0,35,34,15,16,2023,9
"Hamilton Island-Brisbane","Hamilton Island","Brisbane","Qantas","Sep-23",25,25,0,16,19,9,6,2023,9
"Hamilton Island-Sydney","Hamilton Island","Sydney","Qantas","Sep-23",30,30,0,15,19,15,11,2023,9
"Hobart-Melbourne","Hobart","Melbourne","Qantas","Sep-23",39,39,0,30,32,9,7,2023,9
"Hobart-Sydney","Hobart","Sydney","Qantas","Sep-23",4,4,0,2,3,2,1,2023,9
"Kalgoorlie-Perth","Kalgoorlie","Perth","Qantas","Sep-23",19,19,0,16,14,3,5,2023,9
"Karratha-Perth","Karratha","Perth","Qantas","Sep-23",22,21,1,19,18,2,3,2023,9
"Mackay-Brisbane","Mackay","Brisbane","Qantas","Sep-23",94,93,1,70,69,23,24,2023,9
"Melbourne-Adelaide","Melbourne","Adelaide","Qantas","Sep-23",258,253,5,196,192,57,61,2023,9
"Melbourne-Brisbane","Melbourne","Brisbane","Qantas","Sep-23",388,379,9,258,267,121,112,2023,9
"Melbourne-Cairns","Melbourne","Cairns","Qantas","Sep-23",35,35,0,25,27,10,8,2023,9
"Melbourne-Darwin","Melbourne","Darwin","Qantas","Sep-23",40,40,0,30,30,10,10,2023,9
"Melbourne-Gold Coast","Melbourne","Gold Coast","Qantas","Sep-23",18,18,0,16,15,2,3,2023,9
"Melbourne-Hobart","Melbourne","Hobart","Qantas","Sep-23",38,38,0,23,24,15,14,2023,9
"Melbourne-Perth","Melbourne","Perth","Qantas","Sep-23",213,207,6,142,146,65,61,2023,9
"Melbourne-Sunshine Coast","Melbourne","Sunshine Coast","Qantas","Sep-23",30,30,0,24,26,6,4,2023,9
"Melbourne-Sydney","Melbourne","Sydney","Qantas","Sep-23",895,826,69,617,539,209,287,2023,9
"Mount Isa-Brisbane","Mount Isa","Brisbane","Qantas","Sep-23",46,46,0,39,40,7,6,2023,9
"Newman-Perth","Newman","Perth","Qantas","Sep-23",20,20,0,19,14,1,6,2023,9
"Perth-Adelaide","Perth","Adelaide","Qantas","Sep-23",90,90,0,64,70,26,20,2023,9
"Perth-Brisbane","Perth","Brisbane","Qantas","Sep-23",163,162,1,129,121,33,41,2023,9
"Perth-Broome","Perth","Broome","Qantas","Sep-23",8,8,0,6,7,2,1,2023,9
"Perth-Kalgoorlie","Perth","Kalgoorlie","Qantas","Sep-23",19,19,0,18,18,1,1,2023,9
"Perth-Karratha","Perth","Karratha","Qantas","Sep-23",22,22,0,20,20,2,2,2023,9
"Perth-Melbourne","Perth","Melbourne","Qantas","Sep-23",213,209,4,138,143,71,66,2023,9
"Perth-Newman","Perth","Newman","Qantas","Sep-23",20,20,0,19,19,1,1,2023,9
"Perth-Port Hedland","Perth","Port Hedland","Qantas","Sep-23",21,21,0,17,19,4,2,2023,9
"Perth-Sydney","Perth","Sydney","Qantas","Sep-23",214,209,5,146,143,63,66,2023,9
"Port Hedland-Perth","Port Hedland","Perth","Qantas","Sep-23",21,21,0,18,16,3,5,2023,9
"Sunshine Coast-Melbourne","Sunshine Coast","Melbourne","Qantas","Sep-23",30,30,0,12,18,18,12,2023,9
"Sunshine Coast-Sydney","Sunshine Coast","Sydney","Qantas","Sep-23",32,32,0,16,18,16,14,2023,9
"Sydney-Adelaide","Sydney","Adelaide","Qantas","Sep-23",234,226,8,138,130,88,96,2023,9
"Sydney-Brisbane","Sydney","Brisbane","Qantas","Sep-23",550,529,21,342,356,187,173,2023,9
"Sydney-Cairns","Sydney","Cairns","Qantas","Sep-23",45,45,0,25,27,20,18,2023,9
"Sydney-Gold Coast","Sydney","Gold Coast","Qantas","Sep-23",49,49,0,26,28,23,21,2023,9
"Sydney-Hamilton Island","Sydney","Hamilton Island","Qantas","Sep-23",30,30,0,17,18,13,12,2023,9
"Sydney-Hobart","Sydney","Hobart","Qantas","Sep-23",4,4,0,3,3,1,1,2023,9
"Sydney-Melbourne","Sydney","Melbourne","Qantas","Sep-23",890,824,66,537,545,287,279,2023,9
"Sydney-Perth","Sydney","Perth","Qantas","Sep-23",213,209,4,109,131,100,78,2023,9
"Sydney-Sunshine Coast","Sydney","Sunshine Coast","Qantas","Sep-23",32,32,0,17,20,15,12,2023,9
"Townsville-Brisbane","Townsville","Brisbane","Qantas","Sep-23",68,68,0,49,54,19,14,2023,9
"Gold Coast-Melbourne","Gold Coast","Melbourne","QantasLink","Sep-23",12,11,1,5,5,6,6,2023,9
"Gold Coast-Sydney","Gold Coast","Sydney","QantasLink","Sep-23",40,39,1,20,22,19,17,2023,9
"Melbourne-Gold Coast","Melbourne","Gold Coast","QantasLink","Sep-23",12,11,1,8,8,3,3,2023,9
"Brisbane-Mount Isa","Brisbane","Mount Isa","QantasLink","Sep-23",5,5,0,5,5,0,0,2023,9
"Sydney-Gold Coast","Sydney","Gold Coast","QantasLink","Sep-23",41,40,1,24,24,16,16,2023,9
"Mount Isa-Brisbane","Mount Isa","Brisbane","QantasLink","Sep-23",5,5,0,3,2,2,3,2023,9
"Adelaide-Alice Springs","Adelaide","Alice Springs","QantasLink","Sep-23",51,51,0,45,44,6,7,2023,9
"Adelaide-Brisbane","Adelaide","Brisbane","QantasLink","Sep-23",182,180,2,134,139,46,41,2023,9
"Adelaide-Canberra","Adelaide","Canberra","QantasLink","Sep-23",103,101,2,91,90,10,11,2023,9
"Adelaide-Darwin","Adelaide","Darwin","QantasLink","Sep-23",60,58,2,54,54,4,4,2023,9
"Adelaide-Melbourne","Adelaide","Melbourne","QantasLink","Sep-23",13,12,1,4,4,8,8,2023,9
"Adelaide-Port Lincoln","Adelaide","Port Lincoln","QantasLink","Sep-23",136,131,5,118,116,13,15,2023,9
"Albury-Sydney","Albury","Sydney","QantasLink","Sep-23",100,98,2,69,67,29,31,2023,9
"Alice Springs-Adelaide","Alice Springs","Adelaide","QantasLink","Sep-23",51,51,0,44,42,7,9,2023,9
"Armidale-Sydney","Armidale","Sydney","QantasLink","Sep-23",105,98,7,83,82,15,16,2023,9
"Ballina-Sydney","Ballina","Sydney","QantasLink","Sep-23",79,72,7,64,59,8,13,2023,9
"Brisbane-Adelaide","Brisbane","Adelaide","QantasLink","Sep-23",181,178,3,126,127,52,51,2023,9
"Brisbane-Cairns","Brisbane","Cairns","QantasLink","Sep-23",74,74,0,47,44,27,30,2023,9
"Brisbane-Canberra","Brisbane","Canberra","QantasLink","Sep-23",171,169,2,131,135,38,34,2023,9
"Brisbane-Emerald","Brisbane","Emerald","QantasLink","Sep-23",117,115,2,84,92,31,23,2023,9
"Brisbane-Gladstone","Brisbane","Gladstone","QantasLink","Sep-23",136,125,11,87,100,38,25,2023,9
"Brisbane-Hobart","Brisbane","Hobart","QantasLink","Sep-23",27,24,3,17,14,7,10,2023,9
"Brisbane-Mackay","Brisbane","Mackay","QantasLink","Sep-23",18,17,1,11,11,6,6,2023,9
"Brisbane-Newcastle","Brisbane","Newcastle","QantasLink","Sep-23",127,120,7,89,94,31,26,2023,9
"Brisbane-Proserpine","Brisbane","Proserpine","QantasLink","Sep-23",26,26,0,24,24,2,2,2023,9
"Brisbane-Rockhampton","Brisbane","Rockhampton","QantasLink","Sep-23",174,170,4,135,146,35,24,2023,9
"Brisbane-Townsville","Brisbane","Townsville","QantasLink","Sep-23",62,61,1,46,45,15,16,2023,9
"Broome-Perth","Broome","Perth","QantasLink","Sep-23",84,83,1,63,69,20,14,2023,9
"Cairns-Brisbane","Cairns","Brisbane","QantasLink","Sep-23",74,74,0,34,25,40,49,2023,9
"Cairns-Townsville","Cairns","Townsville","QantasLink","Sep-23",148,140,8,120,116,20,24,2023,9
"Canberra-Adelaide","Canberra","Adelaide","QantasLink","Sep-23",103,102,1,84,84,18,18,2023,9
"Canberra-Brisbane","Canberra","Brisbane","QantasLink","Sep-23",170,169,1,133,144,36,25,2023,9
"Canberra-Melbourne","Canberra","Melbourne","QantasLink","Sep-23",268,250,18,180,180,70,70,2023,9
"Canberra-Sydney","Canberra","Sydney","QantasLink","Sep-23",456,419,37,314,304,105,115,2023,9
"Coffs Harbour-Sydney","Coffs Harbour","Sydney","QantasLink","Sep-23",111,105,6,83,76,22,29,2023,9
"Darwin-Adelaide","Darwin","Adelaide","QantasLink","Sep-23",60,58,2,53,54,5,4,2023,9
"Darwin-Perth","Darwin","Perth","QantasLink","Sep-23",40,40,0,24,28,16,12,2023,9
"Devonport-Melbourne","Devonport","Melbourne","QantasLink","Sep-23",113,106,7,85,80,21,26,2023,9
"Dubbo-Sydney","Dubbo","Sydney","QantasLink","Sep-23",111,108,3,86,80,22,28,2023,9
"Emerald-Brisbane","Emerald","Brisbane","QantasLink","Sep-23",117,115,2,91,79,24,36,2023,9
"Gladstone-Brisbane","Gladstone","Brisbane","QantasLink","Sep-23",138,125,13,101,98,24,27,2023,9
"Hobart-Brisbane","Hobart","Brisbane","QantasLink","Sep-23",27,24,3,14,14,10,10,2023,9
"Hobart-Melbourne","Hobart","Melbourne","QantasLink","Sep-23",55,54,1,29,25,25,29,2023,9
"Hobart-Sydney","Hobart","Sydney","QantasLink","Sep-23",77,74,3,50,50,24,24,2023,9
"Kalgoorlie-Perth","Kalgoorlie","Perth","QantasLink","Sep-23",53,52,1,38,38,14,14,2023,9
"Karratha-Perth","Karratha","Perth","QantasLink","Sep-23",124,122,2,81,83,41,39,2023,9
"Launceston-Melbourne","Launceston","Melbourne","QantasLink","Sep-23",114,109,5,80,85,29,24,2023,9
"Launceston-Sydney","Launceston","Sydney","QantasLink","Sep-23",30,29,1,17,16,12,13,2023,9
"Mackay-Brisbane","Mackay","Brisbane","QantasLink","Sep-23",22,21,1,13,15,8,6,2023,9
"Melbourne-Adelaide","Melbourne","Adelaide","QantasLink","Sep-23",13,12,1,8,7,4,5,2023,9
"Melbourne-Canberra","Melbourne","Canberra","QantasLink","Sep-23",268,255,13,191,191,64,64,2023,9
"Melbourne-Devonport","Melbourne","Devonport","QantasLink","Sep-23",112,108,4,86,88,22,20,2023,9
"Melbourne-Hobart","Melbourne","Hobart","QantasLink","Sep-23",55,55,0,33,32,22,23,2023,9
"Melbourne-Launceston","Melbourne","Launceston","QantasLink","Sep-23",113,109,4,76,77,33,32,2023,9
"Melbourne-Mildura","Melbourne","Mildura","QantasLink","Sep-23",116,115,1,76,76,39,39,2023,9
"Melbourne-Newcastle","Melbourne","Newcastle","QantasLink","Sep-23",55,55,0,29,30,26,25,2023,9
"Mildura-Melbourne","Mildura","Melbourne","QantasLink","Sep-23",117,114,3,76,75,38,39,2023,9
"Newcastle-Brisbane","Newcastle","Brisbane","QantasLink","Sep-23",127,119,8,91,104,28,15,2023,9
"Newcastle-Melbourne","Newcastle","Melbourne","QantasLink","Sep-23",56,56,0,48,46,8,10,2023,9
"Newman-Perth","Newman","Perth","QantasLink","Sep-23",91,91,0,71,55,20,36,2023,9
"Perth-Broome","Perth","Broome","QantasLink","Sep-23",85,85,0,66,78,19,7,2023,9
"Perth-Darwin","Perth","Darwin","QantasLink","Sep-23",40,40,0,29,31,11,9,2023,9
"Perth-Kalgoorlie","Perth","Kalgoorlie","QantasLink","Sep-23",53,52,1,43,41,9,11,2023,9
"Perth-Karratha","Perth","Karratha","QantasLink","Sep-23",123,120,3,93,97,27,23,2023,9
"Perth-Newman","Perth","Newman","QantasLink","Sep-23",91,91,0,79,77,12,14,2023,9
"Perth-Port Hedland","Perth","Port Hedland","QantasLink","Sep-23",117,114,3,101,102,13,12,2023,9
"Port Hedland-Perth","Port Hedland","Perth","QantasLink","Sep-23",115,112,3,85,74,27,38,2023,9
"Port Lincoln-Adelaide","Port Lincoln","Adelaide","QantasLink","Sep-23",136,131,5,119,118,12,13,2023,9
"Port Macquarie-Sydney","Port Macquarie","Sydney","QantasLink","Sep-23",107,105,2,81,77,24,28,2023,9
"Proserpine-Brisbane","Proserpine","Brisbane","QantasLink","Sep-23",26,26,0,23,19,3,7,2023,9
"Rockhampton-Brisbane","Rockhampton","Brisbane","QantasLink","Sep-23",175,169,6,123,126,46,43,2023,9
"Sydney-Albury","Sydney","Albury","QantasLink","Sep-23",100,98,2,67,69,31,29,2023,9
"Sydney-Armidale","Sydney","Armidale","QantasLink","Sep-23",105,99,6,72,85,27,14,2023,9
"Sydney-Ballina","Sydney","Ballina","QantasLink","Sep-23",79,72,7,54,57,18,15,2023,9
"Sydney-Canberra","Sydney","Canberra","QantasLink","Sep-23",456,421,35,332,329,89,92,2023,9
"Sydney-Coffs Harbour","Sydney","Coffs Harbour","QantasLink","Sep-23",111,105,6,65,77,40,28,2023,9
"Sydney-Dubbo","Sydney","Dubbo","QantasLink","Sep-23",111,108,3,71,79,37,29,2023,9
"Sydney-Hobart","Sydney","Hobart","QantasLink","Sep-23",76,74,2,48,47,26,27,2023,9
"Sydney-Launceston","Sydney","Launceston","QantasLink","Sep-23",30,30,0,19,18,11,12,2023,9
"Sydney-Port Macquarie","Sydney","Port Macquarie","QantasLink","Sep-23",107,106,1,72,75,34,31,2023,9
"Sydney-Wagga Wagga","Sydney","Wagga Wagga","QantasLink","Sep-23",106,104,2,81,85,23,19,2023,9
"Townsville-Brisbane","Townsville","Brisbane","QantasLink","Sep-23",62,62,0,37,33,25,29,2023,9
"Townsville-Cairns","Townsville","Cairns","QantasLink","Sep-23",148,140,8,125,125,15,15,2023,9
"Wagga Wagga-Sydney","Wagga Wagga","Sydney","QantasLink","Sep-23",107,104,3,85,88,19,16,2023,9
"Sydney-Sunshine Coast","Sydney","Sunshine Coast","QantasLink","Sep-23",23,22,1,14,14,8,8,2023,9
"Sunshine Coast-Sydney","Sunshine Coast","Sydney","QantasLink","Sep-23",24,21,3,17,13,4,8,2023,9
"Adelaide-Melbourne","Adelaide","Melbourne","Rex Airlines","Sep-23",57,56,1,51,51,5,5,2023,9
"Adelaide-Port Lincoln","Adelaide","Port Lincoln","Rex Airlines","Sep-23",144,139,5,119,115,20,24,2023,9
"Albury-Sydney","Albury","Sydney","Rex Airlines","Sep-23",99,97,2,81,78,16,19,2023,9
"Armidale-Sydney","Armidale","Sydney","Rex Airlines","Sep-23",40,36,4,29,28,7,8,2023,9
"Brisbane-Melbourne","Brisbane","Melbourne","Rex Airlines","Sep-23",59,59,0,44,45,15,14,2023,9
"Brisbane-Sydney","Brisbane","Sydney","Rex Airlines","Sep-23",142,141,1,107,105,34,36,2023,9
"Cairns-Townsville","Cairns","Townsville","Rex Airlines","Sep-23",12,12,0,11,11,1,1,2023,9
"Canberra-Melbourne","Canberra","Melbourne","Rex Airlines","Sep-23",30,30,0,22,21,8,9,2023,9
"Coffs Harbour-Sydney","Coffs Harbour","Sydney","Rex Airlines","Sep-23",101,100,1,75,68,25,32,2023,9
"Devonport-Melbourne","Devonport","Melbourne","Rex Airlines","Sep-23",39,34,5,29,28,5,6,2023,9
"Dubbo-Sydney","Dubbo","Sydney","Rex Airlines","Sep-23",114,110,4,83,73,27,37,2023,9
"Gold Coast-Melbourne","Gold Coast","Melbourne","Rex Airlines","Sep-23",30,30,0,25,22,5,8,2023,9
"Gold Coast-Sydney","Gold Coast","Sydney","Rex Airlines","Sep-23",30,30,0,23,23,7,7,2023,9
"Melbourne-Adelaide","Melbourne","Adelaide","Rex Airlines","Sep-23",55,55,0,49,46,6,9,2023,9
"Melbourne-Brisbane","Melbourne","Brisbane","Rex Airlines","Sep-23",60,60,0,56,50,4,10,2023,9
"Melbourne-Canberra","Melbourne","Canberra","Rex Airlines","Sep-23",30,30,0,26,25,4,5,2023,9
"Melbourne-Devonport","Melbourne","Devonport","Rex Airlines","Sep-23",40,36,4,28,28,8,8,2023,9
"Melbourne-Gold Coast","Melbourne","Gold Coast","Rex Airlines","Sep-23",30,30,0,29,28,1,2,2023,9
"Melbourne-Mildura","Melbourne","Mildura","Rex Airlines","Sep-23",97,93,4,73,68,20,25,2023,9
"Melbourne-Sydney","Melbourne","Sydney","Rex Airlines","Sep-23",191,191,0,167,165,24,26,2023,9
"Mildura-Melbourne","Mildura","Melbourne","Rex Airlines","Sep-23",97,92,5,78,76,14,16,2023,9
"Port Lincoln-Adelaide","Port Lincoln","Adelaide","Rex Airlines","Sep-23",145,139,6,116,119,23,20,2023,9
"Port Macquarie-Sydney","Port Macquarie","Sydney","Rex Airlines","Sep-23",83,74,9,57,49,17,25,2023,9
"Sydney-Albury","Sydney","Albury","Rex Airlines","Sep-23",99,97,2,77,77,20,20,2023,9
"Sydney-Armidale","Sydney","Armidale","Rex Airlines","Sep-23",38,34,4,20,21,14,13,2023,9
"Sydney-Brisbane","Sydney","Brisbane","Rex Airlines","Sep-23",142,142,0,106,104,36,38,2023,9
"Sydney-Coffs Harbour","Sydney","Coffs Harbour","Rex Airlines","Sep-23",99,99,0,69,69,30,30,2023,9
"Sydney-Dubbo","Sydney","Dubbo","Rex Airlines","Sep-23",116,112,4,81,84,31,28,2023,9
"Sydney-Gold Coast","Sydney","Gold Coast","Rex Airlines","Sep-23",30,30,0,27,24,3,6,2023,9
"Sydney-Melbourne","Sydney","Melbourne","Rex Airlines","Sep-23",191,191,0,153,146,38,45,2023,9
"Sydney-Port Macquarie","Sydney","Port Macquarie","Rex Airlines","Sep-23",85,76,9,58,58,18,18,2023,9
"Sydney-Wagga Wagga","Sydney","Wagga Wagga","Rex Airlines","Sep-23",88,86,2,66,65,20,21,2023,9
"Townsville-Cairns","Townsville","Cairns","Rex Airlines","Sep-23",12,12,0,11,11,1,1,2023,9
"Wagga Wagga-Sydney","Wagga Wagga","Sydney","Rex Airlines","Sep-23",88,86,2,70,66,16,20,2023,9
"Sydney-Adelaide","Sydney","Adelaide","Rex Airlines","Sep-23",30,30,0,14,16,16,14,2023,9
"Adelaide-Sydney","Adelaide","Sydney","Rex Airlines","Sep-23",30,30,0,16,15,14,15,2023,9
"Melbourne-Hobart","Melbourne","Hobart","Rex Airlines","Sep-23",30,30,0,21,15,9,15,2023,9
"Hobart-Melbourne","Hobart","Melbourne","Rex Airlines","Sep-23",30,30,0,17,13,13,17,2023,9
"Adelaide-Alice Springs","Adelaide","Alice Springs","Virgin Australia","Sep-23",13,13,0,8,8,5,5,2023,9
"Adelaide-Brisbane","Adelaide","Brisbane","Virgin Australia","Sep-23",137,128,9,86,84,42,44,2023,9
"Adelaide-Cairns","Adelaide","Cairns","Virgin Australia","Sep-23",12,11,1,5,6,6,5,2023,9
"Adelaide-Canberra","Adelaide","Canberra","Virgin Australia","Sep-23",17,17,0,11,10,6,7,2023,9
"Adelaide-Darwin","Adelaide","Darwin","Virgin Australia","Sep-23",13,13,0,11,11,2,2,2023,9
"Adelaide-Gold Coast","Adelaide","Gold Coast","Virgin Australia","Sep-23",33,32,1,31,29,1,3,2023,9
"Adelaide-Melbourne","Adelaide","Melbourne","Virgin Australia","Sep-23",268,256,12,177,173,79,83,2023,9
"Adelaide-Perth","Adelaide","Perth","Virgin Australia","Sep-23",30,30,0,19,19,11,11,2023,9
"Adelaide-Sydney","Adelaide","Sydney","Virgin Australia","Sep-23",181,171,10,107,95,64,76,2023,9
"Alice Springs-Adelaide","Alice Springs","Adelaide","Virgin Australia","Sep-23",13,13,0,1,1,12,12,2023,9
"Ballina-Sydney","Ballina","Sydney","Virgin Australia","Sep-23",47,47,0,29,29,18,18,2023,9
"Brisbane-Adelaide","Brisbane","Adelaide","Virgin Australia","Sep-23",137,128,9,74,84,54,44,2023,9
"Brisbane-Cairns","Brisbane","Cairns","Virgin Australia","Sep-23",143,141,2,91,99,50,42,2023,9
"Brisbane-Canberra","Brisbane","Canberra","Virgin Australia","Sep-23",94,94,0,59,64,35,30,2023,9
"Brisbane-Darwin","Brisbane","Darwin","Virgin Australia","Sep-23",32,32,0,19,29,13,3,2023,9
"Brisbane-Emerald","Brisbane","Emerald","Virgin Australia","Sep-23",25,25,0,14,15,11,10,2023,9
"Brisbane-Gladstone","Brisbane","Gladstone","Virgin Australia","Sep-23",50,49,1,28,29,21,20,2023,9
"Brisbane-Hamilton Island","Brisbane","Hamilton Island","Virgin Australia","Sep-23",35,35,0,20,27,15,8,2023,9
"Brisbane-Hobart","Brisbane","Hobart","Virgin Australia","Sep-23",36,36,0,24,26,12,10,2023,9
"Brisbane-Launceston","Brisbane","Launceston","Virgin Australia","Sep-23",18,18,0,16,16,2,2,2023,9
"Brisbane-Mackay","Brisbane","Mackay","Virgin Australia","Sep-23",134,133,1,70,80,63,53,2023,9
"Brisbane-Melbourne","Brisbane","Melbourne","Virgin Australia","Sep-23",415,385,30,239,246,146,139,2023,9
"Brisbane-Mount Isa","Brisbane","Mount Isa","Virgin Australia","Sep-23",13,13,0,9,9,4,4,2023,9
"Brisbane-Newcastle","Brisbane","Newcastle","Virgin Australia","Sep-23",80,80,0,45,45,35,35,2023,9
"Brisbane-Perth","Brisbane","Perth","Virgin Australia","Sep-23",120,110,10,57,93,53,17,2023,9
"Brisbane-Proserpine","Brisbane","Proserpine","Virgin Australia","Sep-23",35,35,0,24,27,11,8,2023,9
"Brisbane-Rockhampton","Brisbane","Rockhampton","Virgin Australia","Sep-23",139,139,0,70,64,69,75,2023,9
"Brisbane-Sydney","Brisbane","Sydney","Virgin Australia","Sep-23",478,449,29,287,287,162,162,2023,9
"Brisbane-Townsville","Brisbane","Townsville","Virgin Australia","Sep-23",142,141,1,70,61,71,80,2023,9
"Broome-Perth","Broome","Perth","Virgin Australia","Sep-23",33,32,1,18,23,14,9,2023,9
"Cairns-Adelaide","Cairns","Adelaide","Virgin Australia","Sep-23",12,11,1,5,5,6,6,2023,9
"Cairns-Brisbane","Cairns","Brisbane","Virgin Australia","Sep-23",142,142,0,102,105,40,37,2023,9
"Cairns-Melbourne","Cairns","Melbourne","Virgin Australia","Sep-23",87,83,4,57,55,26,28,2023,9
"Cairns-Sydney","Cairns","Sydney","Virgin Australia","Sep-23",90,89,1,76,73,13,16,2023,9
"Canberra-Adelaide","Canberra","Adelaide","Virgin Australia","Sep-23",17,17,0,8,10,9,7,2023,9
"Canberra-Brisbane","Canberra","Brisbane","Virgin Australia","Sep-23",95,95,0,73,75,22,20,2023,9
"Canberra-Gold Coast","Canberra","Gold Coast","Virgin Australia","Sep-23",30,30,0,19,17,11,13,2023,9
"Canberra-Melbourne","Canberra","Melbourne","Virgin Australia","Sep-23",117,115,2,75,70,40,45,2023,9
"Canberra-Sydney","Canberra","Sydney","Virgin Australia","Sep-23",246,242,4,205,202,37,40,2023,9
"Darwin-Adelaide","Darwin","Adelaide","virgin Australia","Sep-23",13,13,0,8,9,5,4,2023,9
"Darwin-Brisbane","Darwin","Brisbane","Virgin Australia","Sep-23",33,33,0,17,26,16,7,2023,9
"Darwin-Melbourne","Darwin","Melbourne","Virgin Australia","Sep-23",30,30,0,24,24,6,6,2023,9
"Darwin-Perth","Darwin","Perth","Virgin Australia","Sep-23",7,7,0,6,5,1,2,2023,9
"Emerald-Brisbane","Emerald","Brisbane","Virgin Australia","Sep-23",25,25,0,17,18,8,7,2023,9
"Gladstone-Brisbane","Gladstone","Brisbane","Virgin Australia","Sep-23",50,49,1,28,18,21,31,2023,9
"Gold Coast-Adelaide","Gold Coast","Adelaide","Virgin Australia","Sep-23",33,32,1,21,23,11,9,2023,9
"Gold Coast-Canberra","Gold Coast","Canberra","Virgin Australia","Sep-23",30,30,0,21,21,9,9,2023,9
"Gold Coast-Melbourne","Gold Coast","Melbourne","Virgin Australia","Sep-23",262,256,6,129,161,127,95,2023,9
"Gold Coast-Sydney","Gold Coast","Sydney","Virgin Australia","Sep-23",305,294,11,186,201,108,93,2023,9
"Hamilton Island-Brisbane","Hamilton Island","Brisbane","Virgin Australia","Sep-23",35,35,0,18,21,17,14,2023,9
"Hamilton Island-Sydney","Hamilton Island","Sydney","Virgin Australia","Sep-23",30,30,0,13,14,17,16,2023,9
"Hobart-Brisbane","Hobart","Brisbane","Virgin Australia","Sep-23",36,36,0,22,22,14,14,2023,9
"Hobart-Melbourne","Hobart","Melbourne","Virgin Australia","Sep-23",111,110,1,79,64,31,46,2023,9
"Hobart-Sydney","Hobart","Sydney","Virgin Australia","Sep-23",77,75,2,54,57,21,18,2023,9
"Kalgoorlie-Perth","Kalgoorlie","Perth","Virgin Australia","Sep-23",58,57,1,47,45,10,12,2023,9
"Karratha-Perth","Karratha","Perth","Virgin Australia","Sep-23",32,31,1,21,22,10,9,2023,9
"Launceston-Brisbane","Launceston","Brisbane","Virgin Australia","Sep-23",18,18,0,15,16,3,2,2023,9
"Launceston-Melbourne","Launceston","Melbourne","Virgin Australia","Sep-23",83,83,0,58,48,25,35,2023,9
"Launceston-Sydney","Launceston","Sydney","Virgin Australia","Sep-23",30,30,0,19,16,11,14,2023,9
"Mackay-Brisbane","Mackay","Brisbane","Virgin Australia","Sep-23",134,133,1,74,85,59,48,2023,9
"Melbourne-Adelaide","Melbourne","Adelaide","Virgin Australia","Sep-23",265,255,10,182,174,73,81,2023,9
"Melbourne-Brisbane","Melbourne","Brisbane","Virgin Australia","Sep-23",416,390,26,271,263,119,127,2023,9
"Melbourne-Cairns","Melbourne","Cairns","Virgin Australia","Sep-23",88,84,4,65,70,19,14,2023,9
"Melbourne-Canberra","Melbourne","Canberra","Virgin Australia","Sep-23",118,116,2,70,72,46,44,2023,9
"Melbourne-Darwin","Melbourne","Darwin","Virgin Australia","Sep-23",30,30,0,25,26,5,4,2023,9
"Melbourne-Gold Coast","Melbourne","Gold Coast","Virgin Australia","Sep-23",262,256,6,165,160,91,96,2023,9
"Melbourne-Hobart","Melbourne","Hobart","Virgin Australia","Sep-23",111,110,1,73,65,37,45,2023,9
"Melbourne-Launceston","Melbourne","Launceston","Virgin Australia","Sep-23",83,83,0,53,42,30,41,2023,9
"Melbourne-Newcastle","Melbourne","Newcastle","Virgin Australia","Sep-23",39,39,0,28,29,11,10,2023,9
"Melbourne-Perth","Melbourne","Perth","Virgin Australia","Sep-23",173,163,10,95,106,68,57,2023,9
"Melbourne-Sunshine Coast","Melbourne","Sunshine Coast","Virgin Australia","Sep-23",69,69,0,51,53,18,16,2023,9
"Melbourne-Sydney","Melbourne","Sydney","Virgin Australia","Sep-23",749,678,71,494,449,184,229,2023,9
"Mount Isa-Brisbane","Mount Isa","Brisbane","Virgin Australia","Sep-23",13,13,0,9,7,4,6,2023,9
"Newcastle-Brisbane","Newcastle","Brisbane","Virgin Australia","Sep-23",81,81,0,47,47,34,34,2023,9
"Newcastle-Melbourne","Newcastle","Melbourne","Virgin Australia","Sep-23",39,39,0,26,24,13,15,2023,9
"Newman-Perth","Newman","Perth","Virgin Australia","Sep-23",32,32,0,22,17,10,15,2023,9
"Perth-Adelaide","Perth","Adelaide","Virgin Australia","Sep-23",32,31,1,26,27,5,4,2023,9
"Perth-Brisbane","Perth","Brisbane","Virgin Australia","Sep-23",121,110,11,79,84,31,26,2023,9
"Perth-Broome","Perth","Broome","Virgin Australia","Sep-23",33,31,2,23,29,8,2,2023,9
"Perth-Darwin","Perth","Darwin","Virgin Australia","Sep-23",7,7,0,5,6,2,1,2023,9
"Perth-Kalgoorlie","Perth","Kalgoorlie","Virgin Australia","Sep-23",58,57,1,50,50,7,7,2023,9
"Perth-Karratha","Perth","Karratha","Virgin Australia","Sep-23",32,31,1,25,22,6,9,2023,9
"Perth-Melbourne","Perth","Melbourne","Virgin Australia","Sep-23",180,170,10,125,140,45,30,2023,9
"Perth-Newman","Perth","Newman","Virgin Australia","Sep-23",32,32,0,25,25,7,7,2023,9
"Perth-Port Hedland","Perth","Port Hedland","Virgin Australia","Sep-23",29,27,2,25,24,2,3,2023,9
"Perth-Sydney","Perth","Sydney","Virgin Australia","Sep-23",136,132,4,82,107,50,25,2023,9
"Port Hedland-Perth","Port Hedland","Perth","Virgin Australia","Sep-23",29,27,2,21,21,6,6,2023,9
"Proserpine-Brisbane","Proserpine","Brisbane","Virgin Australia","Sep-23",35,35,0,23,23,12,12,2023,9
"Rockhampton-Brisbane","Rockhampton","Brisbane","Virgin Australia","Sep-23",140,140,0,79,66,61,74,2023,9
"Sunshine Coast-Melbourne","Sunshine Coast","Melbourne","Virgin Australia","Sep-23",69,69,0,46,42,23,27,2023,9
"Sunshine Coast-Sydney","Sunshine Coast","Sydney","Virgin Australia","Sep-23",70,69,1,43,34,26,35,2023,9
"Sydney-Adelaide","Sydney","Adelaide","Virgin Australia","Sep-23",181,172,9,131,126,41,46,2023,9
"Sydney-Ballina","Sydney","Ballina","Virgin Australia","Sep-23",47,47,0,33,31,14,16,2023,9
"Sydney-Brisbane","Sydney","Brisbane","Virgin Australia","Sep-23",474,446,28,327,330,119,116,2023,9
"Sydney-Cairns","Sydney","Cairns","Virgin Australia","Sep-23",90,89,1,76,80,13,9,2023,9
"Sydney-Canberra","Sydney","Canberra","Virgin Australia","Sep-23",246,242,4,194,210,48,32,2023,9
"Sydney-Gold Coast","Sydney","Gold Coast","Virgin Australia","Sep-23",304,295,9,195,189,100,106,2023,9
"Sydney-Hamilton Island","Sydney","Hamilton Island","Virgin Australia","Sep-23",30,30,0,25,26,5,4,2023,9
"Sydney-Hobart","Sydney","Hobart","Virgin Australia","Sep-23",77,75,2,59,58,16,17,2023,9
"Sydney-Launceston","Sydney","Launceston","Virgin Australia","Sep-23",30,30,0,21,22,9,8,2023,9
"Sydney-Melbourne","Sydney","Melbourne","Virgin Australia","Sep-23",745,676,69,471,459,205,217,2023,9
"Sydney-Perth","Sydney","Perth","Virgin Australia","Sep-23",145,140,5,83,101,57,39,2023,9
"Sydney-Sunshine Coast","Sydney","Sunshine Coast","Virgin Australia","Sep-23",70,69,1,49,44,20,25,2023,9
"Townsville-Brisbane","Townsville","Brisbane","Virgin Australia","Sep-23",143,142,1,56,47,86,95,2023,9
"Adelaide-Perth","Adelaide","Perth","Virgin Australia Regional Airlines","Sep-23",43,39,4,19,25,20,14,2023,9
"Broome-Perth","Broome","Perth","Virgin Australia Regional Airlines","Sep-23",16,15,1,6,9,9,6,2023,9
"Darwin-Perth","Darwin","Perth","Virgin Australia Regional Airlines","Sep-23",15,13,2,9,8,4,5,2023,9
"Kalgoorlie-Perth","Kalgoorlie","Perth","Virgin Australia Regional Airlines","Sep-23",30,29,1,23,22,6,7,2023,9
"Karratha-Perth","Karratha","Perth","Virgin Australia Regional Airlines","Sep-23",19,18,1,10,6,8,12,2023,9
"Newman-Perth","Newman","Perth","Virgin Australia Regional Airlines","Sep-23",22,22,0,19,17,3,5,2023,9
"Perth-Adelaide","Perth","Adelaide","Virgin Australia Regional Airlines","Sep-23",43,39,4,33,33,6,6,2023,9
"Perth-Broome","Perth","Broome","Virgin Australia Regional Airlines","Sep-23",16,15,1,8,9,7,6,2023,9
"Perth-Darwin","Perth","Darwin","Virgin Australia Regional Airlines","Sep-23",15,15,0,10,10,5,5,2023,9
"Perth-Kalgoorlie","Perth","Kalgoorlie","Virgin Australia Regional Airlines","Sep-23",30,29,1,24,24,5,5,2023,9
"Perth-Karratha","Perth","Karratha","Virgin Australia Regional Airlines","Sep-23",19,18,1,14,14,4,4,2023,9
"Perth-Newman","Perth","Newman","Virgin Australia Regional Airlines","Sep-23",22,22,0,21,20,1,2,2023,9
"Perth-Port Hedland","Perth","Port Hedland","Virgin Australia Regional Airlines","Sep-23",22,22,0,18,18,4,4,2023,9
"Port Hedland-Perth","Port Hedland","Perth","Virgin Australia Regional Airlines","Sep-23",22,22,0,14,16,8,6,2023,9
"Adelaide-Alice Springs","Adelaide","Alice Springs","All Airlines","Sep-23",64,64,0,53,52,11,12,2023,9
"Adelaide-Brisbane","Adelaide","Brisbane","All Airlines","Sep-23",354,339,15,238,243,101,96,2023,9
"Adelaide-Cairns","Adelaide","Cairns","All Airlines","Sep-23",46,43,3,34,34,9,9,2023,9
"Adelaide-Canberra","Adelaide","Canberra","All Airlines","Sep-23",120,118,2,102,100,16,18,2023,9
"Adelaide-Darwin","Adelaide","Darwin","All Airlines","Sep-23",101,97,4,85,85,12,12,2023,9
"Adelaide-Gold Coast","Adelaide","Gold Coast","All Airlines","Sep-23",65,63,2,56,56,7,7,2023,9
"Adelaide-Melbourne","Adelaide","Melbourne","All Airlines","Sep-23",704,677,27,477,499,200,178,2023,9
"Adelaide-Perth","Adelaide","Perth","All Airlines","Sep-23",191,186,5,130,142,56,44,2023,9
"Adelaide-Port Lincoln","Adelaide","Port Lincoln","All Airlines","Sep-23",280,270,10,237,231,33,39,2023,9
"Adelaide-Sydney","Adelaide","Sydney","All Airlines","Sep-23",566,533,33,348,331,185,202,2023,9
"Albury-Sydney","Albury","Sydney","All Airlines","Sep-23",199,195,4,150,145,45,50,2023,9
"Alice Springs-Adelaide","Alice Springs","Adelaide","All Airlines","Sep-23",64,64,0,45,43,19,21,2023,9
"Armidale-Sydney","Armidale","Sydney","All Airlines","Sep-23",145,134,11,112,110,22,24,2023,9
"Ballina-Sydney","Ballina","Sydney","All Airlines","Sep-23",204,197,7,143,140,54,57,2023,9
"Brisbane-Adelaide","Brisbane","Adelaide","All Airlines","Sep-23",354,337,17,217,231,120,106,2023,9
"Brisbane-Cairns","Brisbane","Cairns","All Airlines","Sep-23",409,403,6,268,283,135,120,2023,9
"Brisbane-Canberra","Brisbane","Canberra","All Airlines","Sep-23",295,293,2,209,216,84,77,2023,9
"Brisbane-Darwin","Brisbane","Darwin","All Airlines","Sep-23",107,105,2,79,89,26,16,2023,9
"Brisbane-Emerald","Brisbane","Emerald","All Airlines","Sep-23",142,140,2,98,107,42,33,2023,9
"Brisbane-Gladstone","Brisbane","Gladstone","All Airlines","Sep-23",186,174,12,115,129,59,45,2023,9
"Brisbane-Hamilton Island","Brisbane","Hamilton Island","All Airlines","Sep-23",60,60,0,40,50,20,10,2023,9
"Brisbane-Hobart","Brisbane","Hobart","All Airlines","Sep-23",87,84,3,60,58,24,26,2023,9
"Brisbane-Launceston","Brisbane","Launceston","All Airlines","Sep-23",44,44,0,33,34,11,10,2023,9
"Brisbane-Mackay","Brisbane","Mackay","All Airlines","Sep-23",273,270,3,162,179,108,91,2023,9
"Brisbane-Melbourne","Brisbane","Melbourne","All Airlines","Sep-23",1044,990,54,651,699,339,291,2023,9
"Brisbane-Mount Isa","Brisbane","Mount Isa","All Airlines","Sep-23",64,64,0,51,57,13,7,2023,9
"Brisbane-Newcastle","Brisbane","Newcastle","All Airlines","Sep-23",259,251,8,173,180,78,71,2023,9
"Brisbane-Perth","Brisbane","Perth","All Airlines","Sep-23",309,297,12,192,256,105,41,2023,9
"Brisbane-Proserpine","Brisbane","Proserpine","All Airlines","Sep-23",91,91,0,72,75,19,16,2023,9
"Brisbane-Rockhampton","Brisbane","Rockhampton","All Airlines","Sep-23",313,309,4,205,210,104,99,2023,9
"Brisbane-Sydney","Brisbane","Sydney","All Airlines","Sep-23",1354,1283,71,920,909,363,374,2023,9
"Brisbane-Townsville","Brisbane","Townsville","All Airlines","Sep-23",321,318,3,195,197,123,121,2023,9
"Broome-Perth","Broome","Perth","All Airlines","Sep-23",141,138,3,91,107,47,31,2023,9
"Cairns-Adelaide","Cairns","Adelaide","All Airlines","Sep-23",46,43,3,33,32,10,11,2023,9
"Cairns-Brisbane","Cairns","Brisbane","All Airlines","Sep-23",408,404,4,290,283,114,121,2023,9
"Cairns-Melbourne","Cairns","Melbourne","All Airlines","Sep-23",240,233,7,155,152,78,81,2023,9
"Cairns-Sydney","Cairns","Sydney","All Airlines","Sep-23",246,237,9,181,186,56,51,2023,9
"Cairns-Townsville","Cairns","Townsville","All Airlines","Sep-23",160,152,8,131,127,21,25,2023,9
"Canberra-Adelaide","Canberra","Adelaide","All Airlines","Sep-23",120,119,1,92,94,27,25,2023,9
"Canberra-Brisbane","Canberra","Brisbane","All Airlines","Sep-23",295,294,1,220,238,74,56,2023,9
"Canberra-Gold Coast","Canberra","Gold Coast","All Airlines","Sep-23",48,48,0,29,29,19,19,2023,9
"Canberra-Melbourne","Canberra","Melbourne","All Airlines","Sep-23",445,425,20,295,290,130,135,2023,9
"Canberra-Sydney","Canberra","Sydney","All Airlines","Sep-23",702,661,41,519,506,142,155,2023,9
"Coffs Harbour-Sydney","Coffs Harbour","Sydney","All Airlines","Sep-23",212,205,7,158,144,47,61,2023,9
"Darwin-Adelaide","Darwin","Adelaide","All Airlines","Sep-23",100,96,4,74,82,22,14,2023,9
"Darwin-Brisbane","Darwin","Brisbane","All Airlines","Sep-23",107,105,2,71,82,34,23,2023,9
"Darwin-Melbourne","Darwin","Melbourne","All Airlines","Sep-23",100,100,0,75,77,25,23,2023,9
"Darwin-Perth","Darwin","Perth","All Airlines","Sep-23",62,60,2,39,41,21,19,2023,9
"Devonport-Melbourne","Devonport","Melbourne","All Airlines","Sep-23",152,140,12,114,108,26,32,2023,9
"Dubbo-Sydney","Dubbo","Sydney","All Airlines","Sep-23",225,218,7,169,153,49,65,2023,9
"Emerald-Brisbane","Emerald","Brisbane","All Airlines","Sep-23",142,140,2,108,97,32,43,2023,9
"Gladstone-Brisbane","Gladstone","Brisbane","All Airlines","Sep-23",188,174,14,129,116,45,58,2023,9
"Gold Coast-Adelaide","Gold Coast","Adelaide","All Airlines","Sep-23",65,63,2,44,48,19,15,2023,9
"Gold Coast-Canberra","Gold Coast","Canberra","All Airlines","Sep-23",48,48,0,33,34,15,14,2023,9
"Gold Coast-Melbourne","Gold Coast","Melbourne","All Airlines","Sep-23",561,539,22,322,359,217,180,2023,9
"Gold Coast-Sydney","Gold Coast","Sydney","All Airlines","Sep-23",706,680,26,449,464,231,216,2023,9
"Hamilton Island-Brisbane","Hamilton Island","Brisbane","All Airlines","Sep-23",60,60,0,34,40,26,20,2023,9
"Hamilton Island-Sydney","Hamilton Island","Sydney","All Airlines","Sep-23",84,84,0,41,42,43,42,2023,9
"Hobart-Brisbane","Hobart","Brisbane","All Airlines","Sep-23",88,85,3,53,53,32,32,2023,9
"Hobart-Melbourne","Hobart","Melbourne","All Airlines","Sep-23",344,340,4,227,204,113,136,2023,9
"Hobart-Sydney","Hobart","Sydney","All Airlines","Sep-23",254,244,10,168,170,76,74,2023,9
"Kalgoorlie-Perth","Kalgoorlie","Perth","All Airlines","Sep-23",160,157,3,124,119,33,38,2023,9
"Karratha-Perth","Karratha","Perth","All Airlines","Sep-23",197,192,5,131,129,61,63,2023,9
"Launceston-Brisbane","Launceston","Brisbane","All Airlines","Sep-23",43,43,0,24,32,19,11,2023,9
"Launceston-Melbourne","Launceston","Melbourne","All Airlines","Sep-23",281,275,6,180,177,95,98,2023,9
"Launceston-Sydney","Launceston","Sydney","All Airlines","Sep-23",113,111,2,56,57,55,54,2023,9
"Mackay-Brisbane","Mackay","Brisbane","All Airlines","Sep-23",279,275,4,170,185,105,90,2023,9
"Melbourne-Adelaide","Melbourne","Adelaide","All Airlines","Sep-23",698,676,22,498,483,178,193,2023,9
"Melbourne-Brisbane","Melbourne","Brisbane","All Airlines","Sep-23",1049,1000,49,699,691,301,309,2023,9
"Melbourne-Cairns","Melbourne","Cairns","All Airlines","Sep-23",241,235,6,167,179,68,56,2023,9
"Melbourne-Canberra","Melbourne","Canberra","All Airlines","Sep-23",445,430,15,305,307,125,123,2023,9
"Melbourne-Darwin","Melbourne","Darwin","All Airlines","Sep-23",100,100,0,76,79,24,21,2023,9
"Melbourne-Devonport","Melbourne","Devonport","All Airlines","Sep-23",152,144,8,114,116,30,28,2023,9
"Melbourne-Gold Coast","Melbourne","Gold Coast","All Airlines","Sep-23",559,537,22,363,364,174,173,2023,9
"Melbourne-Hobart","Melbourne","Hobart","All Airlines","Sep-23",342,339,3,221,209,118,130,2023,9
"Melbourne-Launceston","Melbourne","Launceston","All Airlines","Sep-23",280,276,4,187,176,89,100,2023,9
"Melbourne-Mildura","Melbourne","Mildura","All Airlines","Sep-23",213,208,5,149,144,59,64,2023,9
"Melbourne-Newcastle","Melbourne","Newcastle","All Airlines","Sep-23",149,148,1,98,101,50,47,2023,9
"Melbourne-Perth","Melbourne","Perth","All Airlines","Sep-23",467,441,26,288,303,153,138,2023,9
"Melbourne-Sunshine Coast","Melbourne","Sunshine Coast","All Airlines","Sep-23",162,160,2,121,122,39,38,2023,9
"Melbourne-Sydney","Melbourne","Sydney","All Airlines","Sep-23",2211,2034,177,1526,1396,508,638,2023,9
"Mildura-Melbourne","Mildura","Melbourne","All Airlines","Sep-23",214,206,8,154,151,52,55,2023,9
"Mount Isa-Brisbane","Mount Isa","Brisbane","All Airlines","Sep-23",64,64,0,51,49,13,15,2023,9
"Newcastle-Brisbane","Newcastle","Brisbane","All Airlines","Sep-23",260,251,9,175,187,76,64,2023,9
"Newcastle-Melbourne","Newcastle","Melbourne","All Airlines","Sep-23",151,150,1,114,110,36,40,2023,9
"Newman-Perth","Newman","Perth","All Airlines","Sep-23",165,165,0,131,103,34,62,2023,9
"Perth-Adelaide","Perth","Adelaide","All Airlines","Sep-23",193,186,7,141,149,45,37,2023,9
"Perth-Brisbane","Perth","Brisbane","All Airlines","Sep-23",310,297,13,225,220,72,77,2023,9
"Perth-Broome","Perth","Broome","All Airlines","Sep-23",142,139,3,103,123,36,16,2023,9
"Perth-Darwin","Perth","Darwin","All Airlines","Sep-23",62,62,0,44,47,18,15,2023,9
"Perth-Kalgoorlie","Perth","Kalgoorlie","All Airlines","Sep-23",160,157,3,135,133,22,24,2023,9
"Perth-Karratha","Perth","Karratha","All Airlines","Sep-23",196,191,5,152,153,39,38,2023,9
"Perth-Melbourne","Perth","Melbourne","All Airlines","Sep-23",476,451,25,310,335,141,116,2023,9
"Perth-Newman","Perth","Newman","All Airlines","Sep-23",165,165,0,144,141,21,24,2023,9
"Perth-Port Hedland","Perth","Port Hedland","All Airlines","Sep-23",189,184,5,161,163,23,21,2023,9
"Perth-Sydney","Perth","Sydney","All Airlines","Sep-23",403,389,14,246,270,143,119,2023,9
"Port Hedland-Perth","Port Hedland","Perth","All Airlines","Sep-23",187,182,5,138,127,44,55,2023,9
"Port Lincoln-Adelaide","Port Lincoln","Adelaide","All Airlines","Sep-23",281,270,11,235,237,35,33,2023,9
"Port Macquarie-Sydney","Port Macquarie","Sydney","All Airlines","Sep-23",190,179,11,138,126,41,53,2023,9
"Proserpine-Brisbane","Proserpine","Brisbane","All Airlines","Sep-23",91,91,0,63,59,28,32,2023,9
"Rockhampton-Brisbane","Rockhampton","Brisbane","All Airlines","Sep-23",315,309,6,202,192,107,117,2023,9
"Sunshine Coast-Melbourne","Sunshine Coast","Melbourne","All Airlines","Sep-23",163,160,3,98,103,62,57,2023,9
"Sunshine Coast-Sydney","Sunshine Coast","Sydney","All Airlines","Sep-23",220,212,8,135,122,77,90,2023,9
"Sydney-Adelaide","Sydney","Adelaide","All Airlines","Sep-23",566,534,32,344,345,190,189,2023,9
"Sydney-Albury","Sydney","Albury","All Airlines","Sep-23",199,195,4,144,146,51,49,2023,9
"Sydney-Armidale","Sydney","Armidale","All Airlines","Sep-23",143,133,10,92,106,41,27,2023,9
"Sydney-Ballina","Sydney","Ballina","All Airlines","Sep-23",204,197,7,143,143,54,54,2023,9
"Sydney-Brisbane","Sydney","Brisbane","All Airlines","Sep-23",1357,1291,66,881,896,410,395,2023,9
"Sydney-Cairns","Sydney","Cairns","All Airlines","Sep-23",246,238,8,178,190,60,48,2023,9
"Sydney-Canberra","Sydney","Canberra","All Airlines","Sep-23",702,663,39,526,539,137,124,2023,9
"Sydney-Coffs Harbour","Sydney","Coffs Harbour","All Airlines","Sep-23",210,204,6,134,146,70,58,2023,9
"Sydney-Dubbo","Sydney","Dubbo","All Airlines","Sep-23",227,220,7,152,163,68,57,2023,9
"Sydney-Gold Coast","Sydney","Gold Coast","All Airlines","Sep-23",704,682,22,449,444,233,238,2023,9
"Sydney-Hamilton Island","Sydney","Hamilton Island","All Airlines","Sep-23",83,83,0,59,61,24,22,2023,9
"Sydney-Hobart","Sydney","Hobart","All Airlines","Sep-23",253,244,9,169,171,75,73,2023,9
"Sydney-Launceston","Sydney","Launceston","All Airlines","Sep-23",112,112,0,67,66,45,46,2023,9
"Sydney-Melbourne","Sydney","Melbourne","All Airlines","Sep-23",2200,2028,172,1392,1387,636,641,2023,9
"Sydney-Perth","Sydney","Perth","All Airlines","Sep-23",412,399,13,225,266,174,133,2023,9
"Sydney-Port Macquarie","Sydney","Port Macquarie","All Airlines","Sep-23",192,182,10,130,133,52,49,2023,9
"Sydney-Sunshine Coast","Sydney","Sunshine Coast","All Airlines","Sep-23",218,213,5,144,146,69,67,2023,9
"Sydney-Wagga Wagga","Sydney","Wagga Wagga","All Airlines","Sep-23",194,190,4,147,150,43,40,2023,9
"Townsville-Brisbane","Townsville","Brisbane","All Airlines","Sep-23",322,320,2,176,170,144,150,2023,9
"Townsville-Cairns","Townsville","Cairns","All Airlines","Sep-23",160,152,8,136,136,16,16,2023,9
"Wagga Wagga-Sydney","Wagga Wagga","Sydney","All Airlines","Sep-23",195,190,5,155,154,35,36,2023,9
"Adelaide-Brisbane","Adelaide","Brisbane","Jetstar","Oct-23",34,33,1,24,28,9,5,2023,10
"Adelaide-Cairns","Adelaide","Cairns","Jetstar","Oct-23",36,36,0,31,30,5,6,2023,10
"Adelaide-Darwin","Adelaide","Darwin","Jetstar","Oct-23",27,27,0,20,18,7,9,2023,10
"Adelaide-Gold Coast","Adelaide","Gold Coast","Jetstar","Oct-23",31,31,0,26,27,5,4,2023,10
"Adelaide-Melbourne","Adelaide","Melbourne","Jetstar","Oct-23",104,102,2,54,58,48,44,2023,10
"Adelaide-Perth","Adelaide","Perth","Jetstar","Oct-23",28,28,0,24,24,4,4,2023,10
"Adelaide-Sydney","Adelaide","Sydney","Jetstar","Oct-23",123,102,21,84,83,18,19,2023,10
"Ballina-Sydney","Ballina","Sydney","Jetstar","Oct-23",85,83,2,51,54,32,29,2023,10
"Brisbane-Adelaide","Brisbane","Adelaide","Jetstar","Oct-23",34,33,1,28,28,5,5,2023,10
"Brisbane-Cairns","Brisbane","Cairns","Jetstar","Oct-23",92,91,1,67,63,24,28,2023,10
"Brisbane-Canberra","Brisbane","Canberra","Jetstar","Oct-23",30,30,0,22,23,8,7,2023,10
"Brisbane-Darwin","Brisbane","Darwin","Jetstar","Oct-23",24,24,0,18,18,6,6,2023,10
"Brisbane-Hobart","Brisbane","Hobart","Jetstar","Oct-23",20,20,0,15,16,5,4,2023,10
"Brisbane-Launceston","Brisbane","Launceston","Jetstar","Oct-23",24,24,0,13,16,11,8,2023,10
"Brisbane-Mackay","Brisbane","Mackay","Jetstar","Oct-23",31,31,0,15,15,16,16,2023,10
"Brisbane-Melbourne","Brisbane","Melbourne","Jetstar","Oct-23",167,154,13,90,96,64,58,2023,10
"Brisbane-Newcastle","Brisbane","Newcastle","Jetstar","Oct-23",61,61,0,50,49,11,12,2023,10
"Brisbane-Perth","Brisbane","Perth","Jetstar","Oct-23",24,24,0,12,18,12,6,2023,10
"Brisbane-Proserpine","Brisbane","Proserpine","Jetstar","Oct-23",31,31,0,22,20,9,11,2023,10
"Brisbane-Sydney","Brisbane","Sydney","Jetstar","Oct-23",187,174,13,122,129,52,45,2023,10
"Brisbane-Townsville","Brisbane","Townsville","Jetstar","Oct-23",60,60,0,52,51,8,9,2023,10
"Cairns-Adelaide","Cairns","Adelaide","Jetstar","Oct-23",36,36,0,16,21,20,15,2023,10
"Cairns-Brisbane","Cairns","Brisbane","Jetstar","Oct-23",92,91,1,68,73,23,18,2023,10
"Cairns-Melbourne","Cairns","Melbourne","Jetstar","Oct-23",122,116,6,60,75,56,41,2023,10
"Cairns-Sydney","Cairns","Sydney","Jetstar","Oct-23",115,113,2,76,86,37,27,2023,10
"Canberra-Brisbane","Canberra","Brisbane","Jetstar","Oct-23",31,30,1,20,22,10,8,2023,10
"Canberra-Gold Coast","Canberra","Gold Coast","Jetstar","Oct-23",18,18,0,12,14,6,4,2023,10
"Canberra-Melbourne","Canberra","Melbourne","Jetstar","Oct-23",31,31,0,15,16,16,15,2023,10
"Darwin-Adelaide","Darwin","Adelaide","Jetstar","Oct-23",28,28,0,12,17,16,11,2023,10
"Darwin-Brisbane","Darwin","Brisbane","Jetstar","Oct-23",24,24,0,16,19,8,5,2023,10
"Darwin-Melbourne","Darwin","Melbourne","Jetstar","Oct-23",30,30,0,17,16,13,14,2023,10
"Gold Coast-Adelaide","Gold Coast","Adelaide","Jetstar","Oct-23",31,31,0,25,28,6,3,2023,10
"Gold Coast-Canberra","Gold Coast","Canberra","Jetstar","Oct-23",17,17,0,13,12,4,5,2023,10
"Gold Coast-Melbourne","Gold Coast","Melbourne","Jetstar","Oct-23",243,229,14,148,156,81,73,2023,10
"Gold Coast-Sydney","Gold Coast","Sydney","Jetstar","Oct-23",279,267,12,193,190,74,77,2023,10
"Hamilton Island-Sydney","Hamilton Island","Sydney","Jetstar","Oct-23",19,19,0,11,10,8,9,2023,10
"Hobart-Brisbane","Hobart","Brisbane","Jetstar","Oct-23",20,20,0,14,13,6,7,2023,10
"Hobart-Melbourne","Hobart","Melbourne","Jetstar","Oct-23",135,131,4,74,70,57,61,2023,10
"Hobart-Sydney","Hobart","Sydney","Jetstar","Oct-23",109,105,4,86,83,19,22,2023,10
"Launceston-Brisbane","Launceston","Brisbane","Jetstar","Oct-23",24,24,0,8,14,16,10,2023,10
"Launceston-Melbourne","Launceston","Melbourne","Jetstar","Oct-23",106,104,2,48,48,56,56,2023,10
"Launceston-Sydney","Launceston","Sydney","Jetstar","Oct-23",43,41,2,28,26,13,15,2023,10
"Mackay-Brisbane","Mackay","Brisbane","Jetstar","Oct-23",31,31,0,15,17,16,14,2023,10
"Melbourne-Adelaide","Melbourne","Adelaide","Jetstar","Oct-23",104,102,2,54,55,48,47,2023,10
"Melbourne-Brisbane","Melbourne","Brisbane","Jetstar","Oct-23",167,156,11,77,78,79,78,2023,10
"Melbourne-Cairns","Melbourne","Cairns","Jetstar","Oct-23",122,116,6,70,67,46,49,2023,10
"Melbourne-Canberra","Melbourne","Canberra","Jetstar","Oct-23",31,31,0,17,17,14,14,2023,10
"Melbourne-Darwin","Melbourne","Darwin","Jetstar","Oct-23",29,29,0,17,17,12,12,2023,10
"Melbourne-Gold Coast","Melbourne","Gold Coast","Jetstar","Oct-23",244,230,14,131,142,99,88,2023,10
"Melbourne-Hobart","Melbourne","Hobart","Jetstar","Oct-23",136,133,3,73,80,60,53,2023,10
"Melbourne-Launceston","Melbourne","Launceston","Jetstar","Oct-23",104,102,2,59,59,43,43,2023,10
"Melbourne-Newcastle","Melbourne","Newcastle","Jetstar","Oct-23",54,53,1,35,37,18,16,2023,10
"Melbourne-Perth","Melbourne","Perth","Jetstar","Oct-23",86,79,7,60,63,19,16,2023,10
"Melbourne-Sunshine Coast","Melbourne","Sunshine Coast","Jetstar","Oct-23",76,75,1,53,58,22,17,2023,10
"Melbourne-Sydney","Melbourne","Sydney","Jetstar","Oct-23",376,339,37,219,210,120,129,2023,10
"Newcastle-Brisbane","Newcastle","Brisbane","Jetstar","Oct-23",61,61,0,45,40,16,21,2023,10
"Newcastle-Melbourne","Newcastle","Melbourne","Jetstar","Oct-23",54,53,1,34,36,19,17,2023,10
"Perth-Adelaide","Perth","Adelaide","Jetstar","Oct-23",28,28,0,17,17,11,11,2023,10
"Perth-Brisbane","Perth","Brisbane","Jetstar","Oct-23",24,24,0,13,13,11,11,2023,10
"Perth-Melbourne","Perth","Melbourne","Jetstar","Oct-23",87,79,8,50,55,29,24,2023,10
"Perth-Sydney","Perth","Sydney","Jetstar","Oct-23",52,50,2,28,27,22,23,2023,10
"Proserpine-Brisbane","Proserpine","Brisbane","Jetstar","Oct-23",31,31,0,17,18,14,13,2023,10
"Sunshine Coast-Melbourne","Sunshine Coast","Melbourne","Jetstar","Oct-23",76,75,1,46,45,29,30,2023,10
"Sunshine Coast-Sydney","Sunshine Coast","Sydney","Jetstar","Oct-23",119,116,3,85,83,31,33,2023,10
"Sydney-Adelaide","Sydney","Adelaide","Jetstar","Oct-23",123,102,21,72,77,30,25,2023,10
"Sydney-Ballina","Sydney","Ballina","Jetstar","Oct-23",85,83,2,62,58,21,25,2023,10
"Sydney-Brisbane","Sydney","Brisbane","Jetstar","Oct-23",185,173,12,115,111,58,62,2023,10
"Sydney-Cairns","Sydney","Cairns","Jetstar","Oct-23",115,112,3,82,78,30,34,2023,10
"Sydney-Gold Coast","Sydney","Gold Coast","Jetstar","Oct-23",278,266,12,192,197,74,69,2023,10
"Sydney-Hamilton Island","Sydney","Hamilton Island","Jetstar","Oct-23",19,19,0,17,17,2,2,2023,10
"Sydney-Hobart","Sydney","Hobart","Jetstar","Oct-23",109,105,4,82,85,23,20,2023,10
"Sydney-Launceston","Sydney","Launceston","Jetstar","Oct-23",45,43,2,29,33,14,10,2023,10
"Sydney-Melbourne","Sydney","Melbourne","Jetstar","Oct-23",375,340,35,214,215,126,125,2023,10
"Sydney-Perth","Sydney","Perth","Jetstar","Oct-23",52,50,2,29,34,21,16,2023,10
"Sydney-Sunshine Coast","Sydney","Sunshine Coast","Jetstar","Oct-23",119,116,3,92,93,24,23,2023,10
"Townsville-Brisbane","Townsville","Brisbane","Jetstar","Oct-23",60,60,0,45,45,15,15,2023,10
"Darwin-Perth","Darwin","Perth","Qantas","Oct-23",5,5,0,3,5,2,0,2023,10
"Perth-Darwin","Perth","Darwin","Qantas","Oct-23",5,5,0,5,4,0,1,2023,10
"Adelaide-Melbourne","Adelaide","Melbourne","Qantas","Oct-23",265,259,6,181,192,78,67,2023,10
"Adelaide-Perth","Adelaide","Perth","Qantas","Oct-23",94,93,1,74,83,19,10,2023,10
"Adelaide-Sydney","Adelaide","Sydney","Qantas","Oct-23",243,239,4,143,145,96,94,2023,10
"Brisbane-Cairns","Brisbane","Cairns","Qantas","Oct-23",88,88,0,64,66,24,22,2023,10
"Brisbane-Darwin","Brisbane","Darwin","Qantas","Oct-23",52,52,0,45,43,7,9,2023,10
"Brisbane-Hamilton Island","Brisbane","Hamilton Island","Qantas","Oct-23",23,23,0,18,19,5,4,2023,10
"Brisbane-Mackay","Brisbane","Mackay","Qantas","Oct-23",85,85,0,63,67,22,18,2023,10
"Brisbane-Melbourne","Brisbane","Melbourne","Qantas","Oct-23",394,377,17,269,280,108,97,2023,10
"Brisbane-Mount Isa","Brisbane","Mount Isa","Qantas","Oct-23",52,52,0,45,46,7,6,2023,10
"Brisbane-Perth","Brisbane","Perth","Qantas","Oct-23",156,156,0,100,123,56,33,2023,10
"Brisbane-Sydney","Brisbane","Sydney","Qantas","Oct-23",553,523,30,385,381,138,142,2023,10
"Brisbane-Townsville","Brisbane","Townsville","Qantas","Oct-23",70,70,0,50,57,20,13,2023,10
"Broome-Perth","Broome","Perth","Qantas","Oct-23",3,3,0,2,3,1,0,2023,10
"Cairns-Brisbane","Cairns","Brisbane","Qantas","Oct-23",89,89,0,70,74,19,15,2023,10
"Cairns-Melbourne","Cairns","Melbourne","Qantas","Oct-23",34,33,1,12,17,21,16,2023,10
"Cairns-Sydney","Cairns","Sydney","Qantas","Oct-23",53,53,0,23,34,30,19,2023,10
"Darwin-Brisbane","Darwin","Brisbane","Qantas","Oct-23",53,53,0,33,46,20,7,2023,10
"Darwin-Melbourne","Darwin","Melbourne","Qantas","Oct-23",44,43,1,39,40,4,3,2023,10
"Gold Coast-Melbourne","Gold Coast","Melbourne","Qantas","Oct-23",28,28,0,17,20,11,8,2023,10
"Gold Coast-Sydney","Gold Coast","Sydney","Qantas","Oct-23",62,62,0,44,38,18,24,2023,10
"Hamilton Island-Brisbane","Hamilton Island","Brisbane","Qantas","Oct-23",23,23,0,14,14,9,9,2023,10
"Hamilton Island-Sydney","Hamilton Island","Sydney","Qantas","Oct-23",31,31,0,13,16,18,15,2023,10
"Hobart-Melbourne","Hobart","Melbourne","Qantas","Oct-23",46,46,0,36,34,10,12,2023,10
"Hobart-Sydney","Hobart","Sydney","Qantas","Oct-23",19,19,0,13,14,6,5,2023,10
"Kalgoorlie-Perth","Kalgoorlie","Perth","Qantas","Oct-23",23,22,1,16,19,6,3,2023,10
"Karratha-Perth","Karratha","Perth","Qantas","Oct-23",16,15,1,9,10,6,5,2023,10
"Mackay-Brisbane","Mackay","Brisbane","Qantas","Oct-23",85,85,0,64,66,21,19,2023,10
"Melbourne-Adelaide","Melbourne","Adelaide","Qantas","Oct-23",265,262,3,164,167,98,95,2023,10
"Melbourne-Brisbane","Melbourne","Brisbane","Qantas","Oct-23",395,384,11,252,262,132,122,2023,10
"Melbourne-Cairns","Melbourne","Cairns","Qantas","Oct-23",36,36,0,22,20,14,16,2023,10
"Melbourne-Darwin","Melbourne","Darwin","Qantas","Oct-23",43,42,1,25,27,17,15,2023,10
"Melbourne-Gold Coast","Melbourne","Gold Coast","Qantas","Oct-23",28,28,0,19,22,9,6,2023,10
"Melbourne-Hobart","Melbourne","Hobart","Qantas","Oct-23",47,47,0,30,32,17,15,2023,10
"Melbourne-Perth","Melbourne","Perth","Qantas","Oct-23",214,212,2,123,128,89,84,2023,10
"Melbourne-Sunshine Coast","Melbourne","Sunshine Coast","Qantas","Oct-23",31,31,0,24,25,7,6,2023,10
"Melbourne-Sydney","Melbourne","Sydney","Qantas","Oct-23",919,808,111,533,458,275,350,2023,10
"Mount Isa-Brisbane","Mount Isa","Brisbane","Qantas","Oct-23",52,52,0,44,48,8,4,2023,10
"Newman-Perth","Newman","Perth","Qantas","Oct-23",23,23,0,19,20,4,3,2023,10
"Perth-Adelaide","Perth","Adelaide","Qantas","Oct-23",95,94,1,73,71,21,23,2023,10
"Perth-Brisbane","Perth","Brisbane","Qantas","Oct-23",155,155,0,132,125,23,30,2023,10
"Perth-Broome","Perth","Broome","Qantas","Oct-23",3,3,0,3,3,0,0,2023,10
"Perth-Kalgoorlie","Perth","Kalgoorlie","Qantas","Oct-23",23,22,1,21,20,1,2,2023,10
"Perth-Karratha","Perth","Karratha","Qantas","Oct-23",16,15,1,12,13,3,2,2023,10
"Perth-Melbourne","Perth","Melbourne","Qantas","Oct-23",214,209,5,132,129,77,80,2023,10
"Perth-Newman","Perth","Newman","Qantas","Oct-23",23,23,0,20,20,3,3,2023,10
"Perth-Port Hedland","Perth","Port Hedland","Qantas","Oct-23",21,20,1,18,19,2,1,2023,10
"Perth-Sydney","Perth","Sydney","Qantas","Oct-23",217,213,4,119,108,94,105,2023,10
"Port Hedland-Perth","Port Hedland","Perth","Qantas","Oct-23",21,20,1,17,19,3,1,2023,10
"Sunshine Coast-Melbourne","Sunshine Coast","Melbourne","Qantas","Oct-23",31,31,0,12,18,19,13,2023,10
"Sunshine Coast-Sydney","Sunshine Coast","Sydney","Qantas","Oct-23",34,34,0,16,19,18,15,2023,10
"Sydney-Adelaide","Sydney","Adelaide","Qantas","Oct-23",243,240,3,140,124,100,116,2023,10
"Sydney-Brisbane","Sydney","Brisbane","Qantas","Oct-23",558,522,36,315,341,207,181,2023,10
"Sydney-Cairns","Sydney","Cairns","Qantas","Oct-23",52,52,0,26,25,26,27,2023,10
"Sydney-Gold Coast","Sydney","Gold Coast","Qantas","Oct-23",63,63,0,30,35,33,28,2023,10
"Sydney-Hamilton Island","Sydney","Hamilton Island","Qantas","Oct-23",30,30,0,15,13,15,17,2023,10
"Sydney-Hobart","Sydney","Hobart","Qantas","Oct-23",19,19,0,15,16,4,3,2023,10
"Sydney-Melbourne","Sydney","Melbourne","Qantas","Oct-23",912,805,107,467,475,338,330,2023,10
"Sydney-Perth","Sydney","Perth","Qantas","Oct-23",217,216,1,99,118,117,98,2023,10
"Sydney-Sunshine Coast","Sydney","Sunshine Coast","Qantas","Oct-23",35,35,0,15,21,20,14,2023,10
"Townsville-Brisbane","Townsville","Brisbane","Qantas","Oct-23",70,70,0,53,57,17,13,2023,10
"Gold Coast-Adelaide","Gold Coast","Adelaide","QantasLink","Oct-23",6,6,0,4,4,2,2,2023,10
"Adelaide-Gold Coast","Adelaide","Gold Coast","QantasLink","Oct-23",6,6,0,6,6,0,0,2023,10
"Cairns-Adelaide","Cairns","Adelaide","QantasLink","Oct-23",9,9,0,6,1,3,8,2023,10
"Adelaide-Cairns","Adelaide","Cairns","QantasLink","Oct-23",9,9,0,9,6,0,3,2023,10
"Gold Coast-Melbourne","Gold Coast","Melbourne","QantasLink","Oct-23",4,4,0,1,2,3,2,2023,10
"Gold Coast-Sydney","Gold Coast","Sydney","QantasLink","Oct-23",35,33,2,16,16,17,17,2023,10
"Melbourne-Gold Coast","Melbourne","Gold Coast","QantasLink","Oct-23",4,4,0,3,2,1,2,2023,10
"Brisbane-Mount Isa","Brisbane","Mount Isa","QantasLink","Oct-23",1,1,0,1,0,0,1,2023,10
"Sydney-Gold Coast","Sydney","Gold Coast","QantasLink","Oct-23",34,32,2,20,18,12,14,2023,10
"Mount Isa-Brisbane","Mount Isa","Brisbane","QantasLink","Oct-23",1,1,0,1,1,0,0,2023,10
"Adelaide-Alice Springs","Adelaide","Alice Springs","QantasLink","Oct-23",52,52,0,47,45,5,7,2023,10
"Adelaide-Brisbane","Adelaide","Brisbane","QantasLink","Oct-23",171,168,3,129,139,39,29,2023,10
"Adelaide-Canberra","Adelaide","Canberra","QantasLink","Oct-23",103,103,0,95,93,8,10,2023,10
"Adelaide-Darwin","Adelaide","Darwin","QantasLink","Oct-23",59,59,0,56,50,3,9,2023,10
"Adelaide-Melbourne","Adelaide","Melbourne","QantasLink","Oct-23",13,13,0,11,10,2,3,2023,10
"Adelaide-Port Lincoln","Adelaide","Port Lincoln","QantasLink","Oct-23",131,129,2,120,120,9,9,2023,10
"Albury-Sydney","Albury","Sydney","QantasLink","Oct-23",106,103,3,73,66,30,37,2023,10
"Alice Springs-Adelaide","Alice Springs","Adelaide","QantasLink","Oct-23",52,52,0,46,45,6,7,2023,10
"Armidale-Sydney","Armidale","Sydney","QantasLink","Oct-23",104,96,8,84,81,12,15,2023,10
"Ballina-Sydney","Ballina","Sydney","QantasLink","Oct-23",69,65,4,47,47,18,18,2023,10
"Brisbane-Adelaide","Brisbane","Adelaide","QantasLink","Oct-23",171,168,3,130,129,38,39,2023,10
"Brisbane-Cairns","Brisbane","Cairns","QantasLink","Oct-23",89,89,0,64,59,25,30,2023,10
"Brisbane-Canberra","Brisbane","Canberra","QantasLink","Oct-23",173,171,2,142,146,29,25,2023,10
"Brisbane-Emerald","Brisbane","Emerald","QantasLink","Oct-23",129,125,4,104,105,21,20,2023,10
"Brisbane-Gladstone","Brisbane","Gladstone","QantasLink","Oct-23",140,137,3,109,113,28,24,2023,10
"Brisbane-Hobart","Brisbane","Hobart","QantasLink","Oct-23",30,30,0,26,21,4,9,2023,10
"Brisbane-Mackay","Brisbane","Mackay","QantasLink","Oct-23",38,37,1,27,27,10,10,2023,10
"Brisbane-Newcastle","Brisbane","Newcastle","QantasLink","Oct-23",128,123,5,92,101,31,22,2023,10
"Brisbane-Proserpine","Brisbane","Proserpine","QantasLink","Oct-23",26,26,0,23,25,3,1,2023,10
"Brisbane-Rockhampton","Brisbane","Rockhampton","QantasLink","Oct-23",184,181,3,158,163,23,18,2023,10
"Brisbane-Townsville","Brisbane","Townsville","QantasLink","Oct-23",65,63,2,47,46,16,17,2023,10
"Broome-Perth","Broome","Perth","QantasLink","Oct-23",85,83,2,57,61,26,22,2023,10
"Cairns-Brisbane","Cairns","Brisbane","QantasLink","Oct-23",89,89,0,51,50,38,39,2023,10
"Cairns-Townsville","Cairns","Townsville","QantasLink","Oct-23",154,149,5,130,130,19,19,2023,10
"Canberra-Adelaide","Canberra","Adelaide","QantasLink","Oct-23",103,103,0,94,94,9,9,2023,10
"Canberra-Brisbane","Canberra","Brisbane","QantasLink","Oct-23",174,172,2,144,148,28,24,2023,10
"Canberra-Melbourne","Canberra","Melbourne","QantasLink","Oct-23",279,256,23,183,177,73,79,2023,10
"Canberra-Sydney","Canberra","Sydney","QantasLink","Oct-23",464,417,47,303,287,114,130,2023,10
"Coffs Harbour-Sydney","Coffs Harbour","Sydney","QantasLink","Oct-23",115,114,1,83,80,31,34,2023,10
"Darwin-Adelaide","Darwin","Adelaide","QantasLink","Oct-23",59,59,0,38,43,21,16,2023,10
"Darwin-Perth","Darwin","Perth","QantasLink","Oct-23",39,38,1,19,21,19,17,2023,10
"Devonport-Melbourne","Devonport","Melbourne","QantasLink","Oct-23",116,112,4,90,80,22,32,2023,10
"Dubbo-Sydney","Dubbo","Sydney","QantasLink","Oct-23",119,115,4,88,86,27,29,2023,10
"Emerald-Brisbane","Emerald","Brisbane","QantasLink","Oct-23",129,124,5,108,103,16,21,2023,10
"Gladstone-Brisbane","Gladstone","Brisbane","QantasLink","Oct-23",140,137,3,114,113,23,24,2023,10
"Hobart-Brisbane","Hobart","Brisbane","QantasLink","Oct-23",30,30,0,19,20,11,10,2023,10
"Hobart-Melbourne","Hobart","Melbourne","QantasLink","Oct-23",58,56,2,36,28,20,28,2023,10
"Hobart-Sydney","Hobart","Sydney","QantasLink","Oct-23",65,59,6,35,31,24,28,2023,10
"Kalgoorlie-Perth","Kalgoorlie","Perth","QantasLink","Oct-23",52,49,3,30,30,19,19,2023,10
"Karratha-Perth","Karratha","Perth","QantasLink","Oct-23",138,133,5,99,107,34,26,2023,10
"Launceston-Melbourne","Launceston","Melbourne","QantasLink","Oct-23",117,108,9,75,76,33,32,2023,10
"Launceston-Sydney","Launceston","Sydney","QantasLink","Oct-23",31,30,1,11,13,19,17,2023,10
"Mackay-Brisbane","Mackay","Brisbane","QantasLink","Oct-23",41,40,1,27,29,13,11,2023,10
"Melbourne-Adelaide","Melbourne","Adelaide","QantasLink","Oct-23",13,12,1,11,10,1,2,2023,10
"Melbourne-Canberra","Melbourne","Canberra","QantasLink","Oct-23",278,256,22,176,176,80,80,2023,10
"Melbourne-Devonport","Melbourne","Devonport","QantasLink","Oct-23",115,112,3,88,88,24,24,2023,10
"Melbourne-Hobart","Melbourne","Hobart","QantasLink","Oct-23",58,56,2,35,39,21,17,2023,10
"Melbourne-Launceston","Melbourne","Launceston","QantasLink","Oct-23",118,110,8,68,69,42,41,2023,10
"Melbourne-Mildura","Melbourne","Mildura","QantasLink","Oct-23",110,108,2,71,66,37,42,2023,10
"Melbourne-Newcastle","Melbourne","Newcastle","QantasLink","Oct-23",57,56,1,33,33,23,23,2023,10
"Mildura-Melbourne","Mildura","Melbourne","QantasLink","Oct-23",109,106,3,72,70,34,36,2023,10
"Newcastle-Brisbane","Newcastle","Brisbane","QantasLink","Oct-23",129,124,5,100,111,24,13,2023,10
"Newcastle-Melbourne","Newcastle","Melbourne","QantasLink","Oct-23",56,54,2,37,36,17,18,2023,10
"Newman-Perth","Newman","Perth","QantasLink","Oct-23",97,92,5,75,64,17,28,2023,10
"Perth-Broome","Perth","Broome","QantasLink","Oct-23",85,83,2,62,68,21,15,2023,10
"Perth-Darwin","Perth","Darwin","QantasLink","Oct-23",40,39,1,27,23,12,16,2023,10
"Perth-Kalgoorlie","Perth","Kalgoorlie","QantasLink","Oct-23",52,49,3,33,33,16,16,2023,10
"Perth-Karratha","Perth","Karratha","QantasLink","Oct-23",138,133,5,110,114,23,19,2023,10
"Perth-Newman","Perth","Newman","QantasLink","Oct-23",97,92,5,80,78,12,14,2023,10
"Perth-Port Hedland","Perth","Port Hedland","QantasLink","Oct-23",127,122,5,98,98,24,24,2023,10
"Port Hedland-Perth","Port Hedland","Perth","QantasLink","Oct-23",127,121,6,89,86,32,35,2023,10
"Port Lincoln-Adelaide","Port Lincoln","Adelaide","QantasLink","Oct-23",131,129,2,121,117,8,12,2023,10
"Port Macquarie-Sydney","Port Macquarie","Sydney","QantasLink","Oct-23",111,110,1,86,77,24,33,2023,10
"Proserpine-Brisbane","Proserpine","Brisbane","QantasLink","Oct-23",26,26,0,22,19,4,7,2023,10
"Rockhampton-Brisbane","Rockhampton","Brisbane","QantasLink","Oct-23",183,179,4,145,142,34,37,2023,10
"Sydney-Albury","Sydney","Albury","QantasLink","Oct-23",106,104,2,74,75,30,29,2023,10
"Sydney-Armidale","Sydney","Armidale","QantasLink","Oct-23",104,96,8,71,79,25,17,2023,10
"Sydney-Ballina","Sydney","Ballina","QantasLink","Oct-23",68,65,3,42,44,23,21,2023,10
"Sydney-Canberra","Sydney","Canberra","QantasLink","Oct-23",465,422,43,325,321,97,101,2023,10
"Sydney-Coffs Harbour","Sydney","Coffs Harbour","QantasLink","Oct-23",115,114,1,72,77,42,37,2023,10
"Sydney-Dubbo","Sydney","Dubbo","QantasLink","Oct-23",119,115,4,69,74,46,41,2023,10
"Sydney-Hobart","Sydney","Hobart","QantasLink","Oct-23",66,59,7,28,31,31,28,2023,10
"Sydney-Launceston","Sydney","Launceston","QantasLink","Oct-23",31,30,1,14,14,16,16,2023,10
"Sydney-Port Macquarie","Sydney","Port Macquarie","QantasLink","Oct-23",111,110,1,83,90,27,20,2023,10
"Sydney-Wagga Wagga","Sydney","Wagga Wagga","QantasLink","Oct-23",109,107,2,80,90,27,17,2023,10
"Townsville-Brisbane","Townsville","Brisbane","QantasLink","Oct-23",66,64,2,43,39,21,25,2023,10
"Townsville-Cairns","Townsville","Cairns","QantasLink","Oct-23",154,147,7,136,136,11,11,2023,10
"Wagga Wagga-Sydney","Wagga Wagga","Sydney","QantasLink","Oct-23",108,104,4,86,86,18,18,2023,10
"Sydney-Sunshine Coast","Sydney","Sunshine Coast","QantasLink","Oct-23",23,23,0,9,10,14,13,2023,10
"Sunshine Coast-Sydney","Sunshine Coast","Sydney","QantasLink","Oct-23",23,23,0,18,14,5,9,2023,10
"Adelaide-Melbourne","Adelaide","Melbourne","Rex Airlines","Oct-23",57,57,0,48,47,9,10,2023,10
"Adelaide-Port Lincoln","Adelaide","Port Lincoln","Rex Airlines","Oct-23",149,145,4,133,128,12,17,2023,10
"Albury-Sydney","Albury","Sydney","Rex Airlines","Oct-23",83,83,0,64,61,19,22,2023,10
"Armidale-Sydney","Armidale","Sydney","Rex Airlines","Oct-23",46,39,7,28,25,11,14,2023,10
"Brisbane-Melbourne","Brisbane","Melbourne","Rex Airlines","Oct-23",59,59,0,48,45,11,14,2023,10
"Brisbane-Sydney","Brisbane","Sydney","Rex Airlines","Oct-23",147,146,1,119,116,27,30,2023,10
"Cairns-Townsville","Cairns","Townsville","Rex Airlines","Oct-23",14,11,3,9,9,2,2,2023,10
"Canberra-Melbourne","Canberra","Melbourne","Rex Airlines","Oct-23",32,32,0,22,21,10,11,2023,10
"Coffs Harbour-Sydney","Coffs Harbour","Sydney","Rex Airlines","Oct-23",86,85,1,57,48,28,37,2023,10
"Devonport-Melbourne","Devonport","Melbourne","Rex Airlines","Oct-23",40,38,2,29,27,9,11,2023,10
"Dubbo-Sydney","Dubbo","Sydney","Rex Airlines","Oct-23",108,106,2,74,76,32,30,2023,10
"Gold Coast-Melbourne","Gold Coast","Melbourne","Rex Airlines","Oct-23",31,31,0,21,19,10,12,2023,10
"Gold Coast-Sydney","Gold Coast","Sydney","Rex Airlines","Oct-23",31,31,0,24,25,7,6,2023,10
"Melbourne-Adelaide","Melbourne","Adelaide","Rex Airlines","Oct-23",58,58,0,49,48,9,10,2023,10
"Melbourne-Brisbane","Melbourne","Brisbane","Rex Airlines","Oct-23",58,58,0,54,50,4,8,2023,10
"Melbourne-Canberra","Melbourne","Canberra","Rex Airlines","Oct-23",31,31,0,25,22,6,9,2023,10
"Melbourne-Devonport","Melbourne","Devonport","Rex Airlines","Oct-23",40,38,2,30,28,8,10,2023,10
"Melbourne-Gold Coast","Melbourne","Gold Coast","Rex Airlines","Oct-23",31,31,0,26,23,5,8,2023,10
"Melbourne-Mildura","Melbourne","Mildura","Rex Airlines","Oct-23",97,95,2,59,56,36,39,2023,10
"Melbourne-Sydney","Melbourne","Sydney","Rex Airlines","Oct-23",201,200,1,169,163,31,37,2023,10
"Mildura-Melbourne","Mildura","Melbourne","Rex Airlines","Oct-23",97,94,3,60,55,34,39,2023,10
"Port Lincoln-Adelaide","Port Lincoln","Adelaide","Rex Airlines","Oct-23",150,144,6,126,125,18,19,2023,10
"Port Macquarie-Sydney","Port Macquarie","Sydney","Rex Airlines","Oct-23",81,76,5,54,45,22,31,2023,10
"Sydney-Albury","Sydney","Albury","Rex Airlines","Oct-23",83,83,0,65,64,18,19,2023,10
"Sydney-Armidale","Sydney","Armidale","Rex Airlines","Oct-23",43,36,7,30,30,6,6,2023,10
"Sydney-Brisbane","Sydney","Brisbane","Rex Airlines","Oct-23",147,146,1,116,106,30,40,2023,10
"Sydney-Coffs Harbour","Sydney","Coffs Harbour","Rex Airlines","Oct-23",88,87,1,57,64,30,23,2023,10
"Sydney-Dubbo","Sydney","Dubbo","Rex Airlines","Oct-23",112,110,2,76,79,34,31,2023,10
"Sydney-Gold Coast","Sydney","Gold Coast","Rex Airlines","Oct-23",31,31,0,26,23,5,8,2023,10
"Sydney-Melbourne","Sydney","Melbourne","Rex Airlines","Oct-23",201,200,1,157,147,43,53,2023,10
"Sydney-Port Macquarie","Sydney","Port Macquarie","Rex Airlines","Oct-23",84,79,5,55,53,24,26,2023,10
"Sydney-Wagga Wagga","Sydney","Wagga Wagga","Rex Airlines","Oct-23",90,86,4,70,68,16,18,2023,10
"Townsville-Cairns","Townsville","Cairns","Rex Airlines","Oct-23",14,11,3,10,10,1,1,2023,10
"Wagga Wagga-Sydney","Wagga Wagga","Sydney","Rex Airlines","Oct-23",90,86,4,68,67,18,19,2023,10
"Sydney-Adelaide","Sydney","Adelaide","Rex Airlines","Oct-23",31,31,0,23,21,8,10,2023,10
"Adelaide-Sydney","Adelaide","Sydney","Rex Airlines","Oct-23",31,31,0,20,22,11,9,2023,10
"Melbourne-Hobart","Melbourne","Hobart","Rex Airlines","Oct-23",32,32,0,25,21,7,11,2023,10
"Hobart-Melbourne","Hobart","Melbourne","Rex Airlines","Oct-23",32,32,0,17,15,15,17,2023,10
"Adelaide-Alice Springs","Adelaide","Alice Springs","Virgin Australia","Oct-23",13,13,0,10,11,3,2,2023,10
"Adelaide-Brisbane","Adelaide","Brisbane","Virgin Australia","Oct-23",143,139,4,108,108,31,31,2023,10
"Adelaide-Cairns","Adelaide","Cairns","Virgin Australia","Oct-23",12,12,0,11,11,1,1,2023,10
"Adelaide-Canberra","Adelaide","Canberra","Virgin Australia","Oct-23",23,22,1,17,17,5,5,2023,10
"Adelaide-Darwin","Adelaide","Darwin","Virgin Australia","Oct-23",3,3,0,1,1,2,2,2023,10
"Adelaide-Gold Coast","Adelaide","Gold Coast","Virgin Australia","Oct-23",40,38,2,31,33,7,5,2023,10
"Adelaide-Melbourne","Adelaide","Melbourne","Virgin Australia","Oct-23",266,256,10,170,169,86,87,2023,10
"Adelaide-Perth","Adelaide","Perth","Virgin Australia","Oct-23",40,39,1,20,26,19,13,2023,10
"Adelaide-Sydney","Adelaide","Sydney","Virgin Australia","Oct-23",188,180,8,114,105,66,75,2023,10
"Alice Springs-Adelaide","Alice Springs","Adelaide","Virgin Australia","Oct-23",13,13,0,6,5,7,8,2023,10
"Ballina-Sydney","Ballina","Sydney","Virgin Australia","Oct-23",46,43,3,28,27,15,16,2023,10
"Brisbane-Adelaide","Brisbane","Adelaide","Virgin Australia","Oct-23",142,139,3,93,105,46,34,2023,10
"Brisbane-Cairns","Brisbane","Cairns","Virgin Australia","Oct-23",144,144,0,100,101,44,43,2023,10
"Brisbane-Canberra","Brisbane","Canberra","Virgin Australia","Oct-23",105,100,5,76,72,24,28,2023,10
"Brisbane-Darwin","Brisbane","Darwin","Virgin Australia","Oct-23",32,32,0,25,23,7,9,2023,10
"Brisbane-Emerald","Brisbane","Emerald","Virgin Australia","Oct-23",27,27,0,19,22,8,5,2023,10
"Brisbane-Gladstone","Brisbane","Gladstone","Virgin Australia","Oct-23",53,52,1,36,38,16,14,2023,10
"Brisbane-Hamilton Island","Brisbane","Hamilton Island","Virgin Australia","Oct-23",40,40,0,33,33,7,7,2023,10
"Brisbane-Hobart","Brisbane","Hobart","Virgin Australia","Oct-23",39,38,1,31,31,7,7,2023,10
"Brisbane-Launceston","Brisbane","Launceston","Virgin Australia","Oct-23",17,17,0,9,10,8,7,2023,10
"Brisbane-Mackay","Brisbane","Mackay","Virgin Australia","Oct-23",141,140,1,75,81,65,59,2023,10
"Brisbane-Melbourne","Brisbane","Melbourne","Virgin Australia","Oct-23",426,396,30,256,265,140,131,2023,10
"Brisbane-Mount Isa","Brisbane","Mount Isa","Virgin Australia","Oct-23",13,13,0,9,6,4,7,2023,10
"Brisbane-Newcastle","Brisbane","Newcastle","Virgin Australia","Oct-23",84,83,1,45,49,38,34,2023,10
"Brisbane-Perth","Brisbane","Perth","Virgin Australia","Oct-23",130,122,8,63,91,59,31,2023,10
"Brisbane-Proserpine","Brisbane","Proserpine","Virgin Australia","Oct-23",40,40,0,34,36,6,4,2023,10
"Brisbane-Rockhampton","Brisbane","Rockhampton","Virgin Australia","Oct-23",145,145,0,79,79,66,66,2023,10
"Brisbane-Sydney","Brisbane","Sydney","Virgin Australia","Oct-23",490,450,40,319,315,131,135,2023,10
"Brisbane-Townsville","Brisbane","Townsville","Virgin Australia","Oct-23",143,142,1,84,74,58,68,2023,10
"Broome-Perth","Broome","Perth","Virgin Australia","Oct-23",26,26,0,13,19,13,7,2023,10
"Cairns-Adelaide","Cairns","Adelaide","Virgin Australia","Oct-23",12,12,0,9,10,3,2,2023,10
"Cairns-Brisbane","Cairns","Brisbane","Virgin Australia","Oct-23",144,144,0,87,108,57,36,2023,10
"Cairns-Melbourne","Cairns","Melbourne","Virgin Australia","Oct-23",79,79,0,20,33,59,46,2023,10
"Cairns-Sydney","Cairns","Sydney","Virgin Australia","Oct-23",86,86,0,40,51,46,35,2023,10
"Canberra-Adelaide","Canberra","Adelaide","Virgin Australia","Oct-23",23,22,1,18,17,4,5,2023,10
"Canberra-Brisbane","Canberra","Brisbane","Virgin Australia","Oct-23",105,100,5,78,74,22,26,2023,10
"Canberra-Gold Coast","Canberra","Gold Coast","Virgin Australia","Oct-23",31,31,0,22,21,9,10,2023,10
"Canberra-Melbourne","Canberra","Melbourne","Virgin Australia","Oct-23",129,127,2,85,84,42,43,2023,10
"Canberra-Sydney","Canberra","Sydney","Virgin Australia","Oct-23",235,225,10,190,180,35,45,2023,10
"Darwin-Adelaide","Darwin","Adelaide","virgin Australia","Oct-23",3,3,0,3,3,0,0,2023,10
"Darwin-Brisbane","Darwin","Brisbane","Virgin Australia","Oct-23",32,31,1,23,28,8,3,2023,10
"Darwin-Melbourne","Darwin","Melbourne","Virgin Australia","Oct-23",31,29,2,20,22,9,7,2023,10
"Darwin-Perth","Darwin","Perth","Virgin Australia","Oct-23",9,9,0,6,6,3,3,2023,10
"Emerald-Brisbane","Emerald","Brisbane","Virgin Australia","Oct-23",27,27,0,21,21,6,6,2023,10
"Gladstone-Brisbane","Gladstone","Brisbane","Virgin Australia","Oct-23",53,52,1,35,31,17,21,2023,10
"Gold Coast-Adelaide","Gold Coast","Adelaide","Virgin Australia","Oct-23",40,38,2,25,27,13,11,2023,10
"Gold Coast-Canberra","Gold Coast","Canberra","Virgin Australia","Oct-23",31,31,0,19,17,12,14,2023,10
"Gold Coast-Melbourne","Gold Coast","Melbourne","Virgin Australia","Oct-23",252,246,6,150,163,96,83,2023,10
"Gold Coast-Sydney","Gold Coast","Sydney","Virgin Australia","Oct-23",311,304,7,188,194,116,110,2023,10
"Hamilton Island-Brisbane","Hamilton Island","Brisbane","Virgin Australia","Oct-23",40,40,0,29,31,11,9,2023,10
"Hamilton Island-Sydney","Hamilton Island","Sydney","Virgin Australia","Oct-23",32,31,1,14,12,17,19,2023,10
"Hobart-Brisbane","Hobart","Brisbane","Virgin Australia","Oct-23",39,38,1,28,29,10,9,2023,10
"Hobart-Melbourne","Hobart","Melbourne","Virgin Australia","Oct-23",121,120,1,90,65,30,55,2023,10
"Hobart-Sydney","Hobart","Sydney","Virgin Australia","Oct-23",78,75,3,57,50,18,25,2023,10
"Kalgoorlie-Perth","Kalgoorlie","Perth","Virgin Australia","Oct-23",61,60,1,47,49,13,11,2023,10
"Karratha-Perth","Karratha","Perth","Virgin Australia","Oct-23",36,36,0,27,31,9,5,2023,10
"Launceston-Brisbane","Launceston","Brisbane","Virgin Australia","Oct-23",17,17,0,9,9,8,8,2023,10
"Launceston-Melbourne","Launceston","Melbourne","Virgin Australia","Oct-23",95,94,1,78,69,16,25,2023,10
"Launceston-Sydney","Launceston","Sydney","Virgin Australia","Oct-23",31,31,0,25,20,6,11,2023,10
"Mackay-Brisbane","Mackay","Brisbane","Virgin Australia","Oct-23",141,140,1,79,87,61,53,2023,10
"Melbourne-Adelaide","Melbourne","Adelaide","Virgin Australia","Oct-23",271,259,12,176,168,83,91,2023,10
"Melbourne-Brisbane","Melbourne","Brisbane","Virgin Australia","Oct-23",429,399,30,267,254,132,145,2023,10
"Melbourne-Cairns","Melbourne","Cairns","Virgin Australia","Oct-23",79,79,0,57,51,22,28,2023,10
"Melbourne-Canberra","Melbourne","Canberra","Virgin Australia","Oct-23",129,127,2,94,90,33,37,2023,10
"Melbourne-Darwin","Melbourne","Darwin","Virgin Australia","Oct-23",31,31,0,22,22,9,9,2023,10
"Melbourne-Gold Coast","Melbourne","Gold Coast","Virgin Australia","Oct-23",252,246,6,169,164,77,82,2023,10
"Melbourne-Hobart","Melbourne","Hobart","Virgin Australia","Oct-23",121,120,1,87,82,33,38,2023,10
"Melbourne-Launceston","Melbourne","Launceston","Virgin Australia","Oct-23",95,95,0,65,60,30,35,2023,10
"Melbourne-Newcastle","Melbourne","Newcastle","Virgin Australia","Oct-23",45,45,0,31,29,14,16,2023,10
"Melbourne-Perth","Melbourne","Perth","Virgin Australia","Oct-23",191,186,5,103,137,83,49,2023,10
"Melbourne-Sunshine Coast","Melbourne","Sunshine Coast","Virgin Australia","Oct-23",64,63,1,47,47,16,16,2023,10
"Melbourne-Sydney","Melbourne","Sydney","Virgin Australia","Oct-23",828,741,87,540,481,201,260,2023,10
"Mount Isa-Brisbane","Mount Isa","Brisbane","Virgin Australia","Oct-23",13,13,0,7,6,6,7,2023,10
"Newcastle-Brisbane","Newcastle","Brisbane","Virgin Australia","Oct-23",83,82,1,54,54,28,28,2023,10
"Newcastle-Melbourne","Newcastle","Melbourne","Virgin Australia","Oct-23",45,45,0,27,25,18,20,2023,10
"Newman-Perth","Newman","Perth","Virgin Australia","Oct-23",38,38,0,26,27,12,11,2023,10
"Perth-Adelaide","Perth","Adelaide","Virgin Australia","Oct-23",36,35,1,27,21,8,14,2023,10
"Perth-Brisbane","Perth","Brisbane","Virgin Australia","Oct-23",129,120,9,89,93,31,27,2023,10
"Perth-Broome","Perth","Broome","Virgin Australia","Oct-23",26,25,1,17,20,8,5,2023,10
"Perth-Darwin","Perth","Darwin","Virgin Australia","Oct-23",9,9,0,7,7,2,2,2023,10
"Perth-Kalgoorlie","Perth","Kalgoorlie","Virgin Australia","Oct-23",61,60,1,52,50,8,10,2023,10
"Perth-Karratha","Perth","Karratha","Virgin Australia","Oct-23",36,36,0,29,27,7,9,2023,10
"Perth-Melbourne","Perth","Melbourne","Virgin Australia","Oct-23",199,194,5,145,145,49,49,2023,10
"Perth-Newman","Perth","Newman","Virgin Australia","Oct-23",38,38,0,27,27,11,11,2023,10
"Perth-Port Hedland","Perth","Port Hedland","Virgin Australia","Oct-23",30,29,1,28,26,1,3,2023,10
"Perth-Sydney","Perth","Sydney","Virgin Australia","Oct-23",139,137,2,104,114,33,23,2023,10
"Port Hedland-Perth","Port Hedland","Perth","Virgin Australia","Oct-23",30,29,1,21,23,8,6,2023,10
"Proserpine-Brisbane","Proserpine","Brisbane","Virgin Australia","Oct-23",40,40,0,29,30,11,10,2023,10
"Rockhampton-Brisbane","Rockhampton","Brisbane","Virgin Australia","Oct-23",144,143,1,91,78,52,65,2023,10
"Sunshine Coast-Melbourne","Sunshine Coast","Melbourne","Virgin Australia","Oct-23",64,63,1,41,39,22,24,2023,10
"Sunshine Coast-Sydney","Sunshine Coast","Sydney","Virgin Australia","Oct-23",68,68,0,43,39,25,29,2023,10
"Sydney-Adelaide","Sydney","Adelaide","Virgin Australia","Oct-23",188,180,8,120,113,60,67,2023,10
"Sydney-Ballina","Sydney","Ballina","Virgin Australia","Oct-23",46,43,3,32,33,11,10,2023,10
"Sydney-Brisbane","Sydney","Brisbane","Virgin Australia","Oct-23",484,446,38,353,347,93,99,2023,10
"Sydney-Cairns","Sydney","Cairns","Virgin Australia","Oct-23",86,86,0,62,56,24,30,2023,10
"Sydney-Canberra","Sydney","Canberra","Virgin Australia","Oct-23",236,226,10,182,183,44,43,2023,10
"Sydney-Gold Coast","Sydney","Gold Coast","Virgin Australia","Oct-23",311,305,6,209,200,96,105,2023,10
"Sydney-Hamilton Island","Sydney","Hamilton Island","Virgin Australia","Oct-23",31,31,0,25,25,6,6,2023,10
"Sydney-Hobart","Sydney","Hobart","Virgin Australia","Oct-23",78,75,3,59,61,16,14,2023,10
"Sydney-Launceston","Sydney","Launceston","Virgin Australia","Oct-23",31,31,0,27,25,4,6,2023,10
"Sydney-Melbourne","Sydney","Melbourne","Virgin Australia","Oct-23",824,738,86,514,510,224,228,2023,10
"Sydney-Perth","Sydney","Perth","Virgin Australia","Oct-23",150,146,4,91,103,55,43,2023,10
"Sydney-Sunshine Coast","Sydney","Sunshine Coast","Virgin Australia","Oct-23",68,68,0,50,46,18,22,2023,10
"Townsville-Brisbane","Townsville","Brisbane","Virgin Australia","Oct-23",142,141,1,83,75,58,66,2023,10
"Adelaide-Perth","Adelaide","Perth","Virgin Australia Regional Airlines","Oct-23",36,33,3,12,21,21,12,2023,10
"Broome-Perth","Broome","Perth","Virgin Australia Regional Airlines","Oct-23",26,26,0,12,20,14,6,2023,10
"Darwin-Perth","Darwin","Perth","Virgin Australia Regional Airlines","Oct-23",13,13,0,13,13,0,0,2023,10
"Kalgoorlie-Perth","Kalgoorlie","Perth","Virgin Australia Regional Airlines","Oct-23",32,32,0,20,24,12,8,2023,10
"Karratha-Perth","Karratha","Perth","Virgin Australia Regional Airlines","Oct-23",21,20,1,14,15,6,5,2023,10
"Newman-Perth","Newman","Perth","Virgin Australia Regional Airlines","Oct-23",21,20,1,17,17,3,3,2023,10
"Perth-Adelaide","Perth","Adelaide","Virgin Australia Regional Airlines","Oct-23",36,34,2,22,16,12,18,2023,10
"Perth-Broome","Perth","Broome","Virgin Australia Regional Airlines","Oct-23",26,26,0,21,20,5,6,2023,10
"Perth-Darwin","Perth","Darwin","Virgin Australia Regional Airlines","Oct-23",13,13,0,13,13,0,0,2023,10
"Perth-Kalgoorlie","Perth","Kalgoorlie","Virgin Australia Regional Airlines","Oct-23",32,32,0,24,24,8,8,2023,10
"Perth-Karratha","Perth","Karratha","Virgin Australia Regional Airlines","Oct-23",21,20,1,15,15,5,5,2023,10
"Perth-Newman","Perth","Newman","Virgin Australia Regional Airlines","Oct-23",21,20,1,19,19,1,1,2023,10
"Perth-Port Hedland","Perth","Port Hedland","Virgin Australia Regional Airlines","Oct-23",24,23,1,18,16,5,7,2023,10
"Port Hedland-Perth","Port Hedland","Perth","Virgin Australia Regional Airlines","Oct-23",24,23,1,17,19,6,4,2023,10
"Adelaide-Alice Springs","Adelaide","Alice Springs","All Airlines","Oct-23",65,65,0,57,56,8,9,2023,10
"Adelaide-Brisbane","Adelaide","Brisbane","All Airlines","Oct-23",348,340,8,261,275,79,65,2023,10
"Adelaide-Cairns","Adelaide","Cairns","All Airlines","Oct-23",57,57,0,51,47,6,10,2023,10
"Adelaide-Canberra","Adelaide","Canberra","All Airlines","Oct-23",126,125,1,112,110,13,15,2023,10
"Adelaide-Darwin","Adelaide","Darwin","All Airlines","Oct-23",89,89,0,77,69,12,20,2023,10
"Adelaide-Gold Coast","Adelaide","Gold Coast","All Airlines","Oct-23",77,75,2,63,66,12,9,2023,10
"Adelaide-Melbourne","Adelaide","Melbourne","All Airlines","Oct-23",705,687,18,464,476,223,211,2023,10
"Adelaide-Perth","Adelaide","Perth","All Airlines","Oct-23",198,193,5,130,154,63,39,2023,10
"Adelaide-Port Lincoln","Adelaide","Port Lincoln","All Airlines","Oct-23",280,274,6,253,248,21,26,2023,10
"Adelaide-Sydney","Adelaide","Sydney","All Airlines","Oct-23",585,552,33,361,355,191,197,2023,10
"Albury-Sydney","Albury","Sydney","All Airlines","Oct-23",189,186,3,137,127,49,59,2023,10
"Alice Springs-Adelaide","Alice Springs","Adelaide","All Airlines","Oct-23",65,65,0,52,50,13,15,2023,10
"Armidale-Sydney","Armidale","Sydney","All Airlines","Oct-23",150,135,15,112,106,23,29,2023,10
"Ballina-Sydney","Ballina","Sydney","All Airlines","Oct-23",200,191,9,126,128,65,63,2023,10
"Brisbane-Adelaide","Brisbane","Adelaide","All Airlines","Oct-23",347,340,7,251,262,89,78,2023,10
"Brisbane-Cairns","Brisbane","Cairns","All Airlines","Oct-23",413,412,1,295,289,117,123,2023,10
"Brisbane-Canberra","Brisbane","Canberra","All Airlines","Oct-23",308,301,7,240,241,61,60,2023,10
"Brisbane-Darwin","Brisbane","Darwin","All Airlines","Oct-23",108,108,0,88,84,20,24,2023,10
"Brisbane-Emerald","Brisbane","Emerald","All Airlines","Oct-23",156,152,4,123,127,29,25,2023,10
"Brisbane-Gladstone","Brisbane","Gladstone","All Airlines","Oct-23",193,189,4,145,151,44,38,2023,10
"Brisbane-Hamilton Island","Brisbane","Hamilton Island","All Airlines","Oct-23",63,63,0,51,52,12,11,2023,10
"Brisbane-Hobart","Brisbane","Hobart","All Airlines","Oct-23",89,88,1,72,68,16,20,2023,10
"Brisbane-Launceston","Brisbane","Launceston","All Airlines","Oct-23",41,41,0,22,26,19,15,2023,10
"Brisbane-Mackay","Brisbane","Mackay","All Airlines","Oct-23",295,293,2,180,190,113,103,2023,10
"Brisbane-Melbourne","Brisbane","Melbourne","All Airlines","Oct-23",1046,986,60,663,686,323,300,2023,10
"Brisbane-Mount Isa","Brisbane","Mount Isa","All Airlines","Oct-23",66,66,0,55,52,11,14,2023,10
"Brisbane-Newcastle","Brisbane","Newcastle","All Airlines","Oct-23",273,267,6,187,199,80,68,2023,10
"Brisbane-Perth","Brisbane","Perth","All Airlines","Oct-23",310,302,8,175,232,127,70,2023,10
"Brisbane-Proserpine","Brisbane","Proserpine","All Airlines","Oct-23",97,97,0,79,81,18,16,2023,10
"Brisbane-Rockhampton","Brisbane","Rockhampton","All Airlines","Oct-23",329,326,3,237,242,89,84,2023,10
"Brisbane-Sydney","Brisbane","Sydney","All Airlines","Oct-23",1377,1293,84,945,941,348,352,2023,10
"Brisbane-Townsville","Brisbane","Townsville","All Airlines","Oct-23",338,335,3,233,228,102,107,2023,10
"Broome-Perth","Broome","Perth","All Airlines","Oct-23",140,138,2,84,103,54,35,2023,10
"Cairns-Adelaide","Cairns","Adelaide","All Airlines","Oct-23",57,57,0,31,32,26,25,2023,10
"Cairns-Brisbane","Cairns","Brisbane","All Airlines","Oct-23",414,413,1,276,305,137,108,2023,10
"Cairns-Melbourne","Cairns","Melbourne","All Airlines","Oct-23",235,228,7,92,125,136,103,2023,10
"Cairns-Sydney","Cairns","Sydney","All Airlines","Oct-23",254,252,2,139,171,113,81,2023,10
"Cairns-Townsville","Cairns","Townsville","All Airlines","Oct-23",168,160,8,139,139,21,21,2023,10
"Canberra-Adelaide","Canberra","Adelaide","All Airlines","Oct-23",126,125,1,112,111,13,14,2023,10
"Canberra-Brisbane","Canberra","Brisbane","All Airlines","Oct-23",310,302,8,242,244,60,58,2023,10
"Canberra-Gold Coast","Canberra","Gold Coast","All Airlines","Oct-23",49,49,0,34,35,15,14,2023,10
"Canberra-Melbourne","Canberra","Melbourne","All Airlines","Oct-23",471,446,25,305,298,141,148,2023,10
"Canberra-Sydney","Canberra","Sydney","All Airlines","Oct-23",699,642,57,493,467,149,175,2023,10
"Coffs Harbour-Sydney","Coffs Harbour","Sydney","All Airlines","Oct-23",201,199,2,140,128,59,71,2023,10
"Darwin-Adelaide","Darwin","Adelaide","All Airlines","Oct-23",90,90,0,53,63,37,27,2023,10
"Darwin-Brisbane","Darwin","Brisbane","All Airlines","Oct-23",109,108,1,72,93,36,15,2023,10
"Darwin-Melbourne","Darwin","Melbourne","All Airlines","Oct-23",105,102,3,76,78,26,24,2023,10
"Darwin-Perth","Darwin","Perth","All Airlines","Oct-23",66,65,1,41,45,24,20,2023,10
"Devonport-Melbourne","Devonport","Melbourne","All Airlines","Oct-23",156,150,6,119,107,31,43,2023,10
"Dubbo-Sydney","Dubbo","Sydney","All Airlines","Oct-23",227,221,6,162,162,59,59,2023,10
"Emerald-Brisbane","Emerald","Brisbane","All Airlines","Oct-23",156,151,5,129,124,22,27,2023,10
"Gladstone-Brisbane","Gladstone","Brisbane","All Airlines","Oct-23",193,189,4,149,144,40,45,2023,10
"Gold Coast-Adelaide","Gold Coast","Adelaide","All Airlines","Oct-23",77,75,2,54,59,21,16,2023,10
"Gold Coast-Canberra","Gold Coast","Canberra","All Airlines","Oct-23",48,48,0,32,29,16,19,2023,10
"Gold Coast-Melbourne","Gold Coast","Melbourne","All Airlines","Oct-23",558,538,20,337,360,201,178,2023,10
"Gold Coast-Sydney","Gold Coast","Sydney","All Airlines","Oct-23",718,697,21,465,463,232,234,2023,10
"Hamilton Island-Brisbane","Hamilton Island","Brisbane","All Airlines","Oct-23",63,63,0,43,45,20,18,2023,10
"Hamilton Island-Sydney","Hamilton Island","Sydney","All Airlines","Oct-23",82,81,1,38,38,43,43,2023,10
"Hobart-Brisbane","Hobart","Brisbane","All Airlines","Oct-23",89,88,1,61,62,27,26,2023,10
"Hobart-Melbourne","Hobart","Melbourne","All Airlines","Oct-23",392,385,7,253,212,132,173,2023,10
"Hobart-Sydney","Hobart","Sydney","All Airlines","Oct-23",271,258,13,191,178,67,80,2023,10
"Kalgoorlie-Perth","Kalgoorlie","Perth","All Airlines","Oct-23",168,163,5,113,122,50,41,2023,10
"Karratha-Perth","Karratha","Perth","All Airlines","Oct-23",211,204,7,149,163,55,41,2023,10
"Launceston-Brisbane","Launceston","Brisbane","All Airlines","Oct-23",41,41,0,17,23,24,18,2023,10
"Launceston-Melbourne","Launceston","Melbourne","All Airlines","Oct-23",318,306,12,201,193,105,113,2023,10
"Launceston-Sydney","Launceston","Sydney","All Airlines","Oct-23",105,102,3,64,59,38,43,2023,10
"Mackay-Brisbane","Mackay","Brisbane","All Airlines","Oct-23",298,296,2,185,199,111,97,2023,10
"Melbourne-Adelaide","Melbourne","Adelaide","All Airlines","Oct-23",711,693,18,454,448,239,245,2023,10
"Melbourne-Brisbane","Melbourne","Brisbane","All Airlines","Oct-23",1049,997,52,650,644,347,353,2023,10
"Melbourne-Cairns","Melbourne","Cairns","All Airlines","Oct-23",237,231,6,149,138,82,93,2023,10
"Melbourne-Canberra","Melbourne","Canberra","All Airlines","Oct-23",469,445,24,312,305,133,140,2023,10
"Melbourne-Darwin","Melbourne","Darwin","All Airlines","Oct-23",103,102,1,64,66,38,36,2023,10
"Melbourne-Devonport","Melbourne","Devonport","All Airlines","Oct-23",155,150,5,118,116,32,34,2023,10
"Melbourne-Gold Coast","Melbourne","Gold Coast","All Airlines","Oct-23",559,539,20,348,353,191,186,2023,10
"Melbourne-Hobart","Melbourne","Hobart","All Airlines","Oct-23",394,388,6,250,254,138,134,2023,10
"Melbourne-Launceston","Melbourne","Launceston","All Airlines","Oct-23",317,307,10,192,188,115,119,2023,10
"Melbourne-Mildura","Melbourne","Mildura","All Airlines","Oct-23",207,203,4,130,122,73,81,2023,10
"Melbourne-Newcastle","Melbourne","Newcastle","All Airlines","Oct-23",156,154,2,99,99,55,55,2023,10
"Melbourne-Perth","Melbourne","Perth","All Airlines","Oct-23",491,477,14,286,328,191,149,2023,10
"Melbourne-Sunshine Coast","Melbourne","Sunshine Coast","All Airlines","Oct-23",171,169,2,124,130,45,39,2023,10
"Melbourne-Sydney","Melbourne","Sydney","All Airlines","Oct-23",2324,2088,236,1461,1312,627,776,2023,10
"Mildura-Melbourne","Mildura","Melbourne","All Airlines","Oct-23",206,200,6,132,125,68,75,2023,10
"Mount Isa-Brisbane","Mount Isa","Brisbane","All Airlines","Oct-23",66,66,0,52,55,14,11,2023,10
"Newcastle-Brisbane","Newcastle","Brisbane","All Airlines","Oct-23",273,267,6,199,205,68,62,2023,10
"Newcastle-Melbourne","Newcastle","Melbourne","All Airlines","Oct-23",155,152,3,98,97,54,55,2023,10
"Newman-Perth","Newman","Perth","All Airlines","Oct-23",179,173,6,137,128,36,45,2023,10
"Perth-Adelaide","Perth","Adelaide","All Airlines","Oct-23",195,191,4,139,125,52,66,2023,10
"Perth-Brisbane","Perth","Brisbane","All Airlines","Oct-23",308,299,9,234,231,65,68,2023,10
"Perth-Broome","Perth","Broome","All Airlines","Oct-23",140,137,3,103,111,34,26,2023,10
"Perth-Darwin","Perth","Darwin","All Airlines","Oct-23",67,66,1,52,47,14,19,2023,10
"Perth-Kalgoorlie","Perth","Kalgoorlie","All Airlines","Oct-23",168,163,5,130,127,33,36,2023,10
"Perth-Karratha","Perth","Karratha","All Airlines","Oct-23",211,204,7,166,169,38,35,2023,10
"Perth-Melbourne","Perth","Melbourne","All Airlines","Oct-23",500,482,18,327,329,155,153,2023,10
"Perth-Newman","Perth","Newman","All Airlines","Oct-23",179,173,6,146,144,27,29,2023,10
"Perth-Port Hedland","Perth","Port Hedland","All Airlines","Oct-23",202,194,8,162,159,32,35,2023,10
"Perth-Sydney","Perth","Sydney","All Airlines","Oct-23",408,400,8,251,249,149,151,2023,10
"Port Hedland-Perth","Port Hedland","Perth","All Airlines","Oct-23",202,193,9,144,147,49,46,2023,10
"Port Lincoln-Adelaide","Port Lincoln","Adelaide","All Airlines","Oct-23",281,273,8,247,242,26,31,2023,10
"Port Macquarie-Sydney","Port Macquarie","Sydney","All Airlines","Oct-23",192,186,6,140,122,46,64,2023,10
"Proserpine-Brisbane","Proserpine","Brisbane","All Airlines","Oct-23",97,97,0,68,67,29,30,2023,10
"Rockhampton-Brisbane","Rockhampton","Brisbane","All Airlines","Oct-23",327,322,5,236,220,86,102,2023,10
"Sunshine Coast-Melbourne","Sunshine Coast","Melbourne","All Airlines","Oct-23",171,169,2,99,102,70,67,2023,10
"Sunshine Coast-Sydney","Sunshine Coast","Sydney","All Airlines","Oct-23",244,241,3,162,155,79,86,2023,10
"Sydney-Adelaide","Sydney","Adelaide","All Airlines","Oct-23",585,553,32,355,335,198,218,2023,10
"Sydney-Albury","Sydney","Albury","All Airlines","Oct-23",189,187,2,139,139,48,48,2023,10
"Sydney-Armidale","Sydney","Armidale","All Airlines","Oct-23",147,132,15,101,109,31,23,2023,10
"Sydney-Ballina","Sydney","Ballina","All Airlines","Oct-23",199,191,8,136,135,55,56,2023,10
"Sydney-Brisbane","Sydney","Brisbane","All Airlines","Oct-23",1374,1287,87,899,905,388,382,2023,10
"Sydney-Cairns","Sydney","Cairns","All Airlines","Oct-23",253,250,3,170,159,80,91,2023,10
"Sydney-Canberra","Sydney","Canberra","All Airlines","Oct-23",701,648,53,507,504,141,144,2023,10
"Sydney-Coffs Harbour","Sydney","Coffs Harbour","All Airlines","Oct-23",203,201,2,129,141,72,60,2023,10
"Sydney-Dubbo","Sydney","Dubbo","All Airlines","Oct-23",231,225,6,145,153,80,72,2023,10
"Sydney-Gold Coast","Sydney","Gold Coast","All Airlines","Oct-23",717,697,20,477,473,220,224,2023,10
"Sydney-Hamilton Island","Sydney","Hamilton Island","All Airlines","Oct-23",80,80,0,57,55,23,25,2023,10
"Sydney-Hobart","Sydney","Hobart","All Airlines","Oct-23",272,258,14,184,193,74,65,2023,10
"Sydney-Launceston","Sydney","Launceston","All Airlines","Oct-23",107,104,3,70,72,34,32,2023,10
"Sydney-Melbourne","Sydney","Melbourne","All Airlines","Oct-23",2312,2083,229,1352,1347,731,736,2023,10
"Sydney-Perth","Sydney","Perth","All Airlines","Oct-23",419,412,7,219,255,193,157,2023,10
"Sydney-Port Macquarie","Sydney","Port Macquarie","All Airlines","Oct-23",195,189,6,138,143,51,46,2023,10
"Sydney-Sunshine Coast","Sydney","Sunshine Coast","All Airlines","Oct-23",245,242,3,166,170,76,72,2023,10
"Sydney-Wagga Wagga","Sydney","Wagga Wagga","All Airlines","Oct-23",199,193,6,150,158,43,35,2023,10
"Townsville-Brisbane","Townsville","Brisbane","All Airlines","Oct-23",338,335,3,224,216,111,119,2023,10
"Townsville-Cairns","Townsville","Cairns","All Airlines","Oct-23",168,158,10,146,146,12,12,2023,10
"Wagga Wagga-Sydney","Wagga Wagga","Sydney","All Airlines","Oct-23",198,190,8,154,153,36,37,2023,10
"Melbourne-Sunshine Coast","Melbourne","Sunshine Coast","Bonza","Nov-23",17,17,0,9,9,8,8,2023,11
"Sunshine Coast-Melbourne","Sunshine Coast","Melbourne","Bonza","Nov-23",17,17,0,8,11,9,6,2023,11
"Melbourne-Mildura","Melbourne","Mildura","Bonza","Nov-23",8,8,0,2,2,6,6,2023,11
"Mildura-Melbourne","Mildura","Melbourne","Bonza","Nov-23",8,8,0,0,0,8,8,2023,11
"Gold Coast-Melbourne","Gold Coast","Melbourne","Bonza","Nov-23",9,9,0,3,1,6,8,2023,11
"Melbourne-Gold Coast","Melbourne","Gold Coast","Bonza","Nov-23",9,9,0,6,5,3,4,2023,11
"Adelaide-Brisbane","Adelaide","Brisbane","Jetstar","Nov-23",30,30,0,26,28,4,2,2023,11
"Adelaide-Gold Coast","Adelaide","Gold Coast","Jetstar","Nov-23",30,29,1,26,26,3,3,2023,11
"Adelaide-Melbourne","Adelaide","Melbourne","Jetstar","Nov-23",91,87,4,55,57,32,30,2023,11
"Adelaide-Perth","Adelaide","Perth","Jetstar","Nov-23",31,29,2,21,22,8,7,2023,11
"Adelaide-Sydney","Adelaide","Sydney","Jetstar","Nov-23",113,107,6,74,73,33,34,2023,11
"Ballina-Sydney","Ballina","Sydney","Jetstar","Nov-23",72,72,0,47,51,25,21,2023,11
"Brisbane-Adelaide","Brisbane","Adelaide","Jetstar","Nov-23",30,30,0,26,25,4,5,2023,11
"Brisbane-Cairns","Brisbane","Cairns","Jetstar","Nov-23",81,80,1,66,62,14,18,2023,11
"Brisbane-Canberra","Brisbane","Canberra","Jetstar","Nov-23",30,30,0,20,17,10,13,2023,11
"Brisbane-Darwin","Brisbane","Darwin","Jetstar","Nov-23",12,12,0,8,3,4,9,2023,11
"Brisbane-Hobart","Brisbane","Hobart","Jetstar","Nov-23",21,21,0,13,14,8,7,2023,11
"Brisbane-Launceston","Brisbane","Launceston","Jetstar","Nov-23",21,21,0,15,16,6,5,2023,11
"Brisbane-Mackay","Brisbane","Mackay","Jetstar","Nov-23",30,30,0,25,26,5,4,2023,11
"Brisbane-Melbourne","Brisbane","Melbourne","Jetstar","Nov-23",116,110,6,60,63,50,47,2023,11
"Brisbane-Newcastle","Brisbane","Newcastle","Jetstar","Nov-23",51,50,1,39,36,11,14,2023,11
"Brisbane-Perth","Brisbane","Perth","Jetstar","Nov-23",17,17,0,8,10,9,7,2023,11
"Brisbane-Proserpine","Brisbane","Proserpine","Jetstar","Nov-23",30,30,0,27,26,3,4,2023,11
"Brisbane-Sydney","Brisbane","Sydney","Jetstar","Nov-23",162,153,9,115,119,38,34,2023,11
"Brisbane-Townsville","Brisbane","Townsville","Jetstar","Nov-23",38,38,0,28,26,10,12,2023,11
"Cairns-Brisbane","Cairns","Brisbane","Jetstar","Nov-23",81,78,3,62,66,16,12,2023,11
"Cairns-Melbourne","Cairns","Melbourne","Jetstar","Nov-23",89,88,1,62,66,26,22,2023,11
"Cairns-Sydney","Cairns","Sydney","Jetstar","Nov-23",87,85,2,63,68,22,17,2023,11
"Canberra-Brisbane","Canberra","Brisbane","Jetstar","Nov-23",30,29,1,15,16,14,13,2023,11
"Canberra-Gold Coast","Canberra","Gold Coast","Jetstar","Nov-23",21,21,0,17,18,4,3,2023,11
"Canberra-Melbourne","Canberra","Melbourne","Jetstar","Nov-23",30,30,0,14,16,16,14,2023,11
"Darwin-Brisbane","Darwin","Brisbane","Jetstar","Nov-23",13,13,0,6,7,7,6,2023,11
"Darwin-Melbourne","Darwin","Melbourne","Jetstar","Nov-23",16,16,0,0,0,16,16,2023,11
"Gold Coast-Adelaide","Gold Coast","Adelaide","Jetstar","Nov-23",30,29,1,23,25,6,4,2023,11
"Gold Coast-Canberra","Gold Coast","Canberra","Jetstar","Nov-23",21,21,0,17,18,4,3,2023,11
"Gold Coast-Melbourne","Gold Coast","Melbourne","Jetstar","Nov-23",215,211,4,144,151,67,60,2023,11
"Gold Coast-Sydney","Gold Coast","Sydney","Jetstar","Nov-23",232,221,11,147,155,74,66,2023,11
"Hamilton Island-Sydney","Hamilton Island","Sydney","Jetstar","Nov-23",22,22,0,12,13,10,9,2023,11
"Hobart-Brisbane","Hobart","Brisbane","Jetstar","Nov-23",21,21,0,12,12,9,9,2023,11
"Hobart-Melbourne","Hobart","Melbourne","Jetstar","Nov-23",128,128,0,65,73,63,55,2023,11
"Hobart-Sydney","Hobart","Sydney","Jetstar","Nov-23",81,80,1,60,58,20,22,2023,11
"Launceston-Brisbane","Launceston","Brisbane","Jetstar","Nov-23",21,21,0,14,15,7,6,2023,11
"Launceston-Melbourne","Launceston","Melbourne","Jetstar","Nov-23",95,95,0,32,46,63,49,2023,11
"Launceston-Sydney","Launceston","Sydney","Jetstar","Nov-23",58,55,3,38,38,17,17,2023,11
"Mackay-Brisbane","Mackay","Brisbane","Jetstar","Nov-23",30,30,0,25,25,5,5,2023,11
"Melbourne-Adelaide","Melbourne","Adelaide","Jetstar","Nov-23",91,87,4,53,61,34,26,2023,11
"Melbourne-Brisbane","Melbourne","Brisbane","Jetstar","Nov-23",119,111,8,53,56,58,55,2023,11
"Melbourne-Cairns","Melbourne","Cairns","Jetstar","Nov-23",89,88,1,60,55,28,33,2023,11
"Melbourne-Canberra","Melbourne","Canberra","Jetstar","Nov-23",31,31,0,18,16,13,15,2023,11
"Melbourne-Darwin","Melbourne","Darwin","Jetstar","Nov-23",18,18,0,12,9,6,9,2023,11
"Melbourne-Gold Coast","Melbourne","Gold Coast","Jetstar","Nov-23",214,211,3,144,139,67,72,2023,11
"Melbourne-Hobart","Melbourne","Hobart","Jetstar","Nov-23",128,128,0,76,70,52,58,2023,11
"Melbourne-Launceston","Melbourne","Launceston","Jetstar","Nov-23",94,94,0,47,44,47,50,2023,11
"Melbourne-Newcastle","Melbourne","Newcastle","Jetstar","Nov-23",69,69,0,42,42,27,27,2023,11
"Melbourne-Perth","Melbourne","Perth","Jetstar","Nov-23",78,75,3,59,67,16,8,2023,11
"Melbourne-Sunshine Coast","Melbourne","Sunshine Coast","Jetstar","Nov-23",81,80,1,61,59,19,21,2023,11
"Melbourne-Sydney","Melbourne","Sydney","Jetstar","Nov-23",335,309,26,201,198,108,111,2023,11
"Newcastle-Brisbane","Newcastle","Brisbane","Jetstar","Nov-23",51,50,1,33,37,17,13,2023,11
"Newcastle-Melbourne","Newcastle","Melbourne","Jetstar","Nov-23",69,69,0,35,38,34,31,2023,11
"Perth-Adelaide","Perth","Adelaide","Jetstar","Nov-23",32,29,3,21,18,8,11,2023,11
"Perth-Brisbane","Perth","Brisbane","Jetstar","Nov-23",18,17,1,7,6,10,11,2023,11
"Perth-Melbourne","Perth","Melbourne","Jetstar","Nov-23",78,74,4,55,50,19,24,2023,11
"Perth-Sydney","Perth","Sydney","Jetstar","Nov-23",51,51,0,32,32,19,19,2023,11
"Proserpine-Brisbane","Proserpine","Brisbane","Jetstar","Nov-23",30,30,0,18,18,12,12,2023,11
"Sunshine Coast-Melbourne","Sunshine Coast","Melbourne","Jetstar","Nov-23",81,79,2,39,44,40,35,2023,11
"Sunshine Coast-Sydney","Sunshine Coast","Sydney","Jetstar","Nov-23",106,104,2,68,73,36,31,2023,11
"Sydney-Adelaide","Sydney","Adelaide","Jetstar","Nov-23",113,109,4,61,71,48,38,2023,11
"Sydney-Ballina","Sydney","Ballina","Jetstar","Nov-23",72,72,0,54,53,18,19,2023,11
"Sydney-Brisbane","Sydney","Brisbane","Jetstar","Nov-23",162,153,9,107,108,46,45,2023,11
"Sydney-Cairns","Sydney","Cairns","Jetstar","Nov-23",86,85,1,70,67,15,18,2023,11
"Sydney-Gold Coast","Sydney","Gold Coast","Jetstar","Nov-23",230,221,9,156,155,65,66,2023,11
"Sydney-Hamilton Island","Sydney","Hamilton Island","Jetstar","Nov-23",22,22,0,16,14,6,8,2023,11
"Sydney-Hobart","Sydney","Hobart","Jetstar","Nov-23",80,80,0,60,66,20,14,2023,11
"Sydney-Launceston","Sydney","Launceston","Jetstar","Nov-23",57,55,2,42,43,13,12,2023,11
"Sydney-Melbourne","Sydney","Melbourne","Jetstar","Nov-23",333,308,25,207,212,101,96,2023,11
"Sydney-Perth","Sydney","Perth","Jetstar","Nov-23",51,51,0,27,33,24,18,2023,11
"Sydney-Sunshine Coast","Sydney","Sunshine Coast","Jetstar","Nov-23",107,105,2,81,81,24,24,2023,11
"Townsville-Brisbane","Townsville","Brisbane","Jetstar","Nov-23",38,38,0,27,27,11,11,2023,11
"Darwin-Perth","Darwin","Perth","Qantas","Nov-23",1,1,0,1,1,0,0,2023,11
"Perth-Darwin","Perth","Darwin","Qantas","Nov-23",1,1,0,1,1,0,0,2023,11
"Adelaide-Melbourne","Adelaide","Melbourne","Qantas","Nov-23",258,253,5,163,151,90,102,2023,11
"Adelaide-Perth","Adelaide","Perth","Qantas","Nov-23",92,89,3,59,64,30,25,2023,11
"Adelaide-Sydney","Adelaide","Sydney","Qantas","Nov-23",236,230,6,162,150,68,80,2023,11
"Brisbane-Cairns","Brisbane","Cairns","Qantas","Nov-23",84,84,0,61,64,23,20,2023,11
"Brisbane-Darwin","Brisbane","Darwin","Qantas","Nov-23",29,29,0,20,17,9,12,2023,11
"Brisbane-Hamilton Island","Brisbane","Hamilton Island","Qantas","Nov-23",30,30,0,26,28,4,2,2023,11
"Brisbane-Mackay","Brisbane","Mackay","Qantas","Nov-23",38,38,0,36,36,2,2,2023,11
"Brisbane-Melbourne","Brisbane","Melbourne","Qantas","Nov-23",387,381,6,285,272,96,109,2023,11
"Brisbane-Mount Isa","Brisbane","Mount Isa","Qantas","Nov-23",52,52,0,45,47,7,5,2023,11
"Brisbane-Perth","Brisbane","Perth","Qantas","Nov-23",154,153,1,95,115,58,38,2023,11
"Brisbane-Sydney","Brisbane","Sydney","Qantas","Nov-23",541,516,25,375,347,141,169,2023,11
"Brisbane-Townsville","Brisbane","Townsville","Qantas","Nov-23",60,60,0,41,42,19,18,2023,11
"Cairns-Brisbane","Cairns","Brisbane","Qantas","Nov-23",84,84,0,70,74,14,10,2023,11
"Cairns-Melbourne","Cairns","Melbourne","Qantas","Nov-23",34,34,0,15,18,19,16,2023,11
"Cairns-Sydney","Cairns","Sydney","Qantas","Nov-23",55,55,0,31,32,24,23,2023,11
"Darwin-Brisbane","Darwin","Brisbane","Qantas","Nov-23",29,29,0,3,9,26,20,2023,11
"Gold Coast-Melbourne","Gold Coast","Melbourne","Qantas","Nov-23",36,36,0,15,21,21,15,2023,11
"Gold Coast-Sydney","Gold Coast","Sydney","Qantas","Nov-23",87,87,0,59,58,28,29,2023,11
"Hamilton Island-Brisbane","Hamilton Island","Brisbane","Qantas","Nov-23",30,30,0,24,25,6,5,2023,11
"Hamilton Island-Sydney","Hamilton Island","Sydney","Qantas","Nov-23",30,30,0,13,11,17,19,2023,11
"Hobart-Melbourne","Hobart","Melbourne","Qantas","Nov-23",55,54,1,39,40,15,14,2023,11
"Hobart-Sydney","Hobart","Sydney","Qantas","Nov-23",8,8,0,2,3,6,5,2023,11
"Kalgoorlie-Perth","Kalgoorlie","Perth","Qantas","Nov-23",18,18,0,12,15,6,3,2023,11
"Karratha-Perth","Karratha","Perth","Qantas","Nov-23",10,10,0,10,10,0,0,2023,11
"Mackay-Brisbane","Mackay","Brisbane","Qantas","Nov-23",38,38,0,34,33,4,5,2023,11
"Melbourne-Adelaide","Melbourne","Adelaide","Qantas","Nov-23",258,254,4,159,158,95,96,2023,11
"Melbourne-Brisbane","Melbourne","Brisbane","Qantas","Nov-23",386,379,7,250,227,129,152,2023,11
"Melbourne-Cairns","Melbourne","Cairns","Qantas","Nov-23",34,34,0,26,26,8,8,2023,11
"Melbourne-Gold Coast","Melbourne","Gold Coast","Qantas","Nov-23",35,35,0,23,25,12,10,2023,11
"Melbourne-Hobart","Melbourne","Hobart","Qantas","Nov-23",55,54,1,29,27,25,27,2023,11
"Melbourne-Perth","Melbourne","Perth","Qantas","Nov-23",209,206,3,103,122,103,84,2023,11
"Melbourne-Sunshine Coast","Melbourne","Sunshine Coast","Qantas","Nov-23",30,30,0,26,24,4,6,2023,11
"Melbourne-Sydney","Melbourne","Sydney","Qantas","Nov-23",941,863,78,578,495,285,368,2023,11
"Mount Isa-Brisbane","Mount Isa","Brisbane","Qantas","Nov-23",52,52,0,42,45,10,7,2023,11
"Newman-Perth","Newman","Perth","Qantas","Nov-23",16,15,1,13,13,2,2,2023,11
"Perth-Adelaide","Perth","Adelaide","Qantas","Nov-23",93,90,3,68,60,22,30,2023,11
"Perth-Brisbane","Perth","Brisbane","Qantas","Nov-23",153,153,0,113,99,40,54,2023,11
"Perth-Kalgoorlie","Perth","Kalgoorlie","Qantas","Nov-23",18,18,0,17,15,1,3,2023,11
"Perth-Karratha","Perth","Karratha","Qantas","Nov-23",10,10,0,9,10,1,0,2023,11
"Perth-Melbourne","Perth","Melbourne","Qantas","Nov-23",210,208,2,122,111,86,97,2023,11
"Perth-Newman","Perth","Newman","Qantas","Nov-23",16,16,0,15,15,1,1,2023,11
"Perth-Sydney","Perth","Sydney","Qantas","Nov-23",198,197,1,118,86,79,111,2023,11
"Sunshine Coast-Melbourne","Sunshine Coast","Melbourne","Qantas","Nov-23",29,29,0,10,13,19,16,2023,11
"Sunshine Coast-Sydney","Sunshine Coast","Sydney","Qantas","Nov-23",56,56,0,35,38,21,18,2023,11
"Sydney-Adelaide","Sydney","Adelaide","Qantas","Nov-23",237,233,4,147,150,86,83,2023,11
"Sydney-Brisbane","Sydney","Brisbane","Qantas","Nov-23",544,520,24,308,295,212,225,2023,11
"Sydney-Cairns","Sydney","Cairns","Qantas","Nov-23",56,56,0,25,28,31,28,2023,11
"Sydney-Gold Coast","Sydney","Gold Coast","Qantas","Nov-23",85,85,0,53,59,32,26,2023,11
"Sydney-Hamilton Island","Sydney","Hamilton Island","Qantas","Nov-23",30,30,0,19,14,11,16,2023,11
"Sydney-Hobart","Sydney","Hobart","Qantas","Nov-23",8,8,0,6,8,2,0,2023,11
"Sydney-Melbourne","Sydney","Melbourne","Qantas","Nov-23",939,861,78,490,519,371,342,2023,11
"Sydney-Perth","Sydney","Perth","Qantas","Nov-23",201,200,1,83,109,117,91,2023,11
"Sydney-Sunshine Coast","Sydney","Sunshine Coast","Qantas","Nov-23",56,56,0,28,28,28,28,2023,11
"Townsville-Brisbane","Townsville","Brisbane","Qantas","Nov-23",60,60,0,44,45,16,15,2023,11
"Canberra-Sydney","Canberra","Sydney","Qantas","Nov-23",16,16,0,16,16,0,0,2023,11
"Canberra-Melbourne","Canberra","Melbourne","Qantas","Nov-23",4,4,0,2,1,2,3,2023,11
"Melbourne-Canberra","Melbourne","Canberra","Qantas","Nov-23",6,6,0,3,3,3,3,2023,11
"Sydney-Canberra","Sydney","Canberra","Qantas","Nov-23",16,16,0,16,16,0,0,2023,11
"Darwin-Melbourne","Darwin","Melbourne","QantasLink","Nov-23",30,30,0,14,8,16,22,2023,11
"Melbourne-Darwin","Melbourne","Darwin","QantasLink","Nov-23",30,30,0,5,1,25,29,2023,11
"Gold Coast-Sydney","Gold Coast","Sydney","QantasLink","Nov-23",32,30,2,19,19,11,11,2023,11
"Sydney-Gold Coast","Sydney","Gold Coast","QantasLink","Nov-23",32,30,2,24,23,6,7,2023,11
"Adelaide-Alice Springs","Adelaide","Alice Springs","QantasLink","Nov-23",43,43,0,33,32,10,11,2023,11
"Adelaide-Brisbane","Adelaide","Brisbane","QantasLink","Nov-23",176,173,3,124,114,49,59,2023,11
"Adelaide-Canberra","Adelaide","Canberra","QantasLink","Nov-23",99,99,0,79,80,20,19,2023,11
"Adelaide-Melbourne","Adelaide","Melbourne","QantasLink","Nov-23",13,11,2,9,9,2,2,2023,11
"Adelaide-Port Lincoln","Adelaide","Port Lincoln","QantasLink","Nov-23",124,121,3,113,117,8,4,2023,11
"Albury-Sydney","Albury","Sydney","QantasLink","Nov-23",104,101,3,69,69,32,32,2023,11
"Alice Springs-Adelaide","Alice Springs","Adelaide","QantasLink","Nov-23",43,43,0,28,24,15,19,2023,11
"Ballina-Sydney","Ballina","Sydney","QantasLink","Nov-23",53,51,2,33,30,18,21,2023,11
"Brisbane-Adelaide","Brisbane","Adelaide","QantasLink","Nov-23",176,172,4,112,113,60,59,2023,11
"Brisbane-Cairns","Brisbane","Cairns","QantasLink","Nov-23",66,64,2,40,35,24,29,2023,11
"Brisbane-Canberra","Brisbane","Canberra","QantasLink","Nov-23",159,158,1,122,126,36,32,2023,11
"Brisbane-Emerald","Brisbane","Emerald","QantasLink","Nov-23",125,121,4,95,96,26,25,2023,11
"Brisbane-Gladstone","Brisbane","Gladstone","QantasLink","Nov-23",138,125,13,83,85,42,40,2023,11
"Brisbane-Hobart","Brisbane","Hobart","QantasLink","Nov-23",26,25,1,19,16,6,9,2023,11
"Brisbane-Mackay","Brisbane","Mackay","QantasLink","Nov-23",126,126,0,68,64,58,62,2023,11
"Brisbane-Newcastle","Brisbane","Newcastle","QantasLink","Nov-23",113,104,9,77,72,27,32,2023,11
"Brisbane-Proserpine","Brisbane","Proserpine","QantasLink","Nov-23",21,21,0,19,20,2,1,2023,11
"Brisbane-Rockhampton","Brisbane","Rockhampton","QantasLink","Nov-23",194,185,9,134,140,51,45,2023,11
"Brisbane-Townsville","Brisbane","Townsville","QantasLink","Nov-23",86,83,3,57,51,26,32,2023,11
"Broome-Perth","Broome","Perth","QantasLink","Nov-23",83,80,3,59,55,21,25,2023,11
"Cairns-Brisbane","Cairns","Brisbane","QantasLink","Nov-23",66,64,2,30,26,34,38,2023,11
"Cairns-Townsville","Cairns","Townsville","QantasLink","Nov-23",142,133,9,108,106,25,27,2023,11
"Canberra-Adelaide","Canberra","Adelaide","QantasLink","Nov-23",99,97,2,76,75,21,22,2023,11
"Canberra-Brisbane","Canberra","Brisbane","QantasLink","Nov-23",159,158,1,123,117,35,41,2023,11
"Canberra-Melbourne","Canberra","Melbourne","QantasLink","Nov-23",250,244,6,150,151,94,93,2023,11
"Canberra-Sydney","Canberra","Sydney","QantasLink","Nov-23",403,387,16,234,218,153,169,2023,11
"Coffs Harbour-Sydney","Coffs Harbour","Sydney","QantasLink","Nov-23",107,104,3,69,66,35,38,2023,11
"Darwin-Perth","Darwin","Perth","QantasLink","Nov-23",30,29,1,12,14,17,15,2023,11
"Devonport-Melbourne","Devonport","Melbourne","QantasLink","Nov-23",115,115,0,86,74,29,41,2023,11
"Dubbo-Sydney","Dubbo","Sydney","QantasLink","Nov-23",112,111,1,85,82,26,29,2023,11
"Emerald-Brisbane","Emerald","Brisbane","QantasLink","Nov-23",125,121,4,93,92,28,29,2023,11
"Gladstone-Brisbane","Gladstone","Brisbane","QantasLink","Nov-23",137,124,13,88,83,36,41,2023,11
"Hobart-Brisbane","Hobart","Brisbane","QantasLink","Nov-23",26,25,1,13,12,12,13,2023,11
"Hobart-Melbourne","Hobart","Melbourne","QantasLink","Nov-23",56,56,0,30,24,26,32,2023,11
"Hobart-Sydney","Hobart","Sydney","QantasLink","Nov-23",74,72,2,48,40,24,32,2023,11
"Kalgoorlie-Perth","Kalgoorlie","Perth","QantasLink","Nov-23",56,53,3,37,35,16,18,2023,11
"Karratha-Perth","Karratha","Perth","QantasLink","Nov-23",139,138,1,99,85,39,53,2023,11
"Launceston-Melbourne","Launceston","Melbourne","QantasLink","Nov-23",111,107,4,74,73,33,34,2023,11
"Launceston-Sydney","Launceston","Sydney","QantasLink","Nov-23",30,29,1,20,20,9,9,2023,11
"Mackay-Brisbane","Mackay","Brisbane","QantasLink","Nov-23",130,129,1,76,64,53,65,2023,11
"Melbourne-Adelaide","Melbourne","Adelaide","QantasLink","Nov-23",13,12,1,5,7,7,5,2023,11
"Melbourne-Canberra","Melbourne","Canberra","QantasLink","Nov-23",250,246,4,164,155,82,91,2023,11
"Melbourne-Devonport","Melbourne","Devonport","QantasLink","Nov-23",115,115,0,71,73,44,42,2023,11
"Melbourne-Hobart","Melbourne","Hobart","QantasLink","Nov-23",56,56,0,40,36,16,20,2023,11
"Melbourne-Launceston","Melbourne","Launceston","QantasLink","Nov-23",112,108,4,63,55,45,53,2023,11
"Melbourne-Mildura","Melbourne","Mildura","QantasLink","Nov-23",108,106,2,62,52,44,54,2023,11
"Melbourne-Newcastle","Melbourne","Newcastle","QantasLink","Nov-23",51,48,3,31,26,17,22,2023,11
"Mildura-Melbourne","Mildura","Melbourne","QantasLink","Nov-23",108,106,2,56,64,50,42,2023,11
"Newcastle-Brisbane","Newcastle","Brisbane","QantasLink","Nov-23",112,101,11,76,75,25,26,2023,11
"Newcastle-Melbourne","Newcastle","Melbourne","QantasLink","Nov-23",52,50,2,33,27,17,23,2023,11
"Newman-Perth","Newman","Perth","QantasLink","Nov-23",103,101,2,76,68,25,33,2023,11
"Perth-Broome","Perth","Broome","QantasLink","Nov-23",83,80,3,58,64,22,16,2023,11
"Perth-Darwin","Perth","Darwin","QantasLink","Nov-23",30,29,1,25,24,4,5,2023,11
"Perth-Kalgoorlie","Perth","Kalgoorlie","QantasLink","Nov-23",56,54,2,37,33,17,21,2023,11
"Perth-Karratha","Perth","Karratha","QantasLink","Nov-23",140,139,1,106,96,33,43,2023,11
"Perth-Newman","Perth","Newman","QantasLink","Nov-23",103,101,2,84,80,17,21,2023,11
"Perth-Port Hedland","Perth","Port Hedland","QantasLink","Nov-23",142,141,1,106,100,35,41,2023,11
"Port Hedland-Perth","Port Hedland","Perth","QantasLink","Nov-23",142,140,2,95,81,45,59,2023,11
"Port Lincoln-Adelaide","Port Lincoln","Adelaide","QantasLink","Nov-23",124,120,4,117,115,3,5,2023,11
"Port Macquarie-Sydney","Port Macquarie","Sydney","QantasLink","Nov-23",112,110,2,85,80,25,30,2023,11
"Proserpine-Brisbane","Proserpine","Brisbane","QantasLink","Nov-23",21,20,1,15,15,5,5,2023,11
"Rockhampton-Brisbane","Rockhampton","Brisbane","QantasLink","Nov-23",194,181,13,132,126,49,55,2023,11
"Sydney-Albury","Sydney","Albury","QantasLink","Nov-23",104,102,2,53,59,49,43,2023,11
"Sydney-Ballina","Sydney","Ballina","QantasLink","Nov-23",54,52,2,28,30,24,22,2023,11
"Sydney-Canberra","Sydney","Canberra","QantasLink","Nov-23",403,392,11,253,251,139,141,2023,11
"Sydney-Coffs Harbour","Sydney","Coffs Harbour","QantasLink","Nov-23",108,106,2,65,60,41,46,2023,11
"Sydney-Dubbo","Sydney","Dubbo","QantasLink","Nov-23",112,110,2,64,69,46,41,2023,11
"Sydney-Hobart","Sydney","Hobart","QantasLink","Nov-23",74,72,2,43,44,29,28,2023,11
"Sydney-Launceston","Sydney","Launceston","QantasLink","Nov-23",30,29,1,19,15,10,14,2023,11
"Sydney-Port Macquarie","Sydney","Port Macquarie","QantasLink","Nov-23",112,110,2,73,81,37,29,2023,11
"Sydney-Wagga Wagga","Sydney","Wagga Wagga","QantasLink","Nov-23",104,100,4,61,63,39,37,2023,11
"Townsville-Brisbane","Townsville","Brisbane","QantasLink","Nov-23",86,84,2,50,47,34,37,2023,11
"Townsville-Cairns","Townsville","Cairns","QantasLink","Nov-23",142,130,12,108,108,22,22,2023,11
"Wagga Wagga-Sydney","Wagga Wagga","Sydney","QantasLink","Nov-23",104,99,5,68,73,31,26,2023,11
"Adelaide-Melbourne","Adelaide","Melbourne","Rex Airlines","Nov-23",56,56,0,43,39,13,17,2023,11
"Adelaide-Port Lincoln","Adelaide","Port Lincoln","Rex Airlines","Nov-23",150,150,0,143,140,7,10,2023,11
"Albury-Sydney","Albury","Sydney","Rex Airlines","Nov-23",82,82,0,68,63,14,19,2023,11
"Brisbane-Melbourne","Brisbane","Melbourne","Rex Airlines","Nov-23",56,56,0,32,37,24,19,2023,11
"Brisbane-Sydney","Brisbane","Sydney","Rex Airlines","Nov-23",146,146,0,105,102,41,44,2023,11
"Cairns-Townsville","Cairns","Townsville","Rex Airlines","Nov-23",13,13,0,12,12,1,1,2023,11
"Canberra-Melbourne","Canberra","Melbourne","Rex Airlines","Nov-23",30,30,0,23,19,7,11,2023,11
"Coffs Harbour-Sydney","Coffs Harbour","Sydney","Rex Airlines","Nov-23",82,82,0,44,38,38,44,2023,11
"Devonport-Melbourne","Devonport","Melbourne","Rex Airlines","Nov-23",44,42,2,32,26,10,16,2023,11
"Dubbo-Sydney","Dubbo","Sydney","Rex Airlines","Nov-23",117,117,0,63,53,54,64,2023,11
"Gold Coast-Melbourne","Gold Coast","Melbourne","Rex Airlines","Nov-23",30,30,0,18,16,12,14,2023,11
"Gold Coast-Sydney","Gold Coast","Sydney","Rex Airlines","Nov-23",30,30,0,18,20,12,10,2023,11
"Melbourne-Adelaide","Melbourne","Adelaide","Rex Airlines","Nov-23",56,56,0,39,36,17,20,2023,11
"Melbourne-Brisbane","Melbourne","Brisbane","Rex Airlines","Nov-23",56,56,0,38,34,18,22,2023,11
"Melbourne-Canberra","Melbourne","Canberra","Rex Airlines","Nov-23",30,30,0,25,22,5,8,2023,11
"Melbourne-Devonport","Melbourne","Devonport","Rex Airlines","Nov-23",45,43,2,30,33,13,10,2023,11
"Melbourne-Gold Coast","Melbourne","Gold Coast","Rex Airlines","Nov-23",30,30,0,27,24,3,6,2023,11
"Melbourne-Mildura","Melbourne","Mildura","Rex Airlines","Nov-23",96,94,2,59,55,35,39,2023,11
"Melbourne-Sydney","Melbourne","Sydney","Rex Airlines","Nov-23",202,200,2,161,150,39,50,2023,11
"Mildura-Melbourne","Mildura","Melbourne","Rex Airlines","Nov-23",96,93,3,52,47,41,46,2023,11
"Port Lincoln-Adelaide","Port Lincoln","Adelaide","Rex Airlines","Nov-23",149,149,0,139,135,10,14,2023,11
"Port Macquarie-Sydney","Port Macquarie","Sydney","Rex Airlines","Nov-23",78,77,1,49,45,28,32,2023,11
"Sydney-Albury","Sydney","Albury","Rex Airlines","Nov-23",82,82,0,70,63,12,19,2023,11
"Sydney-Brisbane","Sydney","Brisbane","Rex Airlines","Nov-23",147,147,0,107,98,40,49,2023,11
"Sydney-Coffs Harbour","Sydney","Coffs Harbour","Rex Airlines","Nov-23",80,80,0,46,50,34,30,2023,11
"Sydney-Dubbo","Sydney","Dubbo","Rex Airlines","Nov-23",122,122,0,77,78,45,44,2023,11
"Sydney-Gold Coast","Sydney","Gold Coast","Rex Airlines","Nov-23",29,29,0,22,21,7,8,2023,11
"Sydney-Melbourne","Sydney","Melbourne","Rex Airlines","Nov-23",202,201,1,143,135,58,66,2023,11
"Sydney-Port Macquarie","Sydney","Port Macquarie","Rex Airlines","Nov-23",80,79,1,50,48,29,31,2023,11
"Sydney-Wagga Wagga","Sydney","Wagga Wagga","Rex Airlines","Nov-23",90,89,1,67,69,22,20,2023,11
"Townsville-Cairns","Townsville","Cairns","Rex Airlines","Nov-23",13,13,0,11,11,2,2,2023,11
"Wagga Wagga-Sydney","Wagga Wagga","Sydney","Rex Airlines","Nov-23",90,89,1,71,59,18,30,2023,11
"Sydney-Adelaide","Sydney","Adelaide","Rex Airlines","Nov-23",30,30,0,13,14,17,16,2023,11
"Adelaide-Sydney","Adelaide","Sydney","Rex Airlines","Nov-23",30,30,0,13,12,17,18,2023,11
"Melbourne-Hobart","Melbourne","Hobart","Rex Airlines","Nov-23",30,30,0,24,24,6,6,2023,11
"Hobart-Melbourne","Hobart","Melbourne","Rex Airlines","Nov-23",29,29,0,18,15,11,14,2023,11
"Adelaide-Alice Springs","Adelaide","Alice Springs","Virgin Australia","Nov-23",13,13,0,7,6,6,7,2023,11
"Adelaide-Brisbane","Adelaide","Brisbane","Virgin Australia","Nov-23",138,128,10,96,98,32,30,2023,11
"Adelaide-Canberra","Adelaide","Canberra","Virgin Australia","Nov-23",17,13,4,9,8,4,5,2023,11
"Adelaide-Gold Coast","Adelaide","Gold Coast","Virgin Australia","Nov-23",30,30,0,25,25,5,5,2023,11
"Adelaide-Melbourne","Adelaide","Melbourne","Virgin Australia","Nov-23",268,260,8,121,127,139,133,2023,11
"Adelaide-Perth","Adelaide","Perth","Virgin Australia","Nov-23",39,38,1,13,21,25,17,2023,11
"Adelaide-Sydney","Adelaide","Sydney","Virgin Australia","Nov-23",176,153,23,86,90,67,63,2023,11
"Alice Springs-Adelaide","Alice Springs","Adelaide","Virgin Australia","Nov-23",13,13,0,2,3,11,10,2023,11
"Ballina-Sydney","Ballina","Sydney","Virgin Australia","Nov-23",51,48,3,28,31,20,17,2023,11
"Brisbane-Adelaide","Brisbane","Adelaide","Virgin Australia","Nov-23",138,131,7,93,93,38,38,2023,11
"Brisbane-Cairns","Brisbane","Cairns","Virgin Australia","Nov-23",142,141,1,76,56,65,85,2023,11
"Brisbane-Canberra","Brisbane","Canberra","Virgin Australia","Nov-23",112,106,6,61,64,45,42,2023,11
"Brisbane-Darwin","Brisbane","Darwin","Virgin Australia","Nov-23",31,30,1,17,9,13,21,2023,11
"Brisbane-Emerald","Brisbane","Emerald","Virgin Australia","Nov-23",26,26,0,14,17,12,9,2023,11
"Brisbane-Gladstone","Brisbane","Gladstone","Virgin Australia","Nov-23",52,51,1,35,40,16,11,2023,11
"Brisbane-Hamilton Island","Brisbane","Hamilton Island","Virgin Australia","Nov-23",30,30,0,14,13,16,17,2023,11
"Brisbane-Hobart","Brisbane","Hobart","Virgin Australia","Nov-23",46,42,4,25,28,17,14,2023,11
"Brisbane-Launceston","Brisbane","Launceston","Virgin Australia","Nov-23",21,18,3,7,7,11,11,2023,11
"Brisbane-Mackay","Brisbane","Mackay","Virgin Australia","Nov-23",136,135,1,75,56,60,79,2023,11
"Brisbane-Melbourne","Brisbane","Melbourne","Virgin Australia","Nov-23",402,373,29,190,171,183,202,2023,11
"Brisbane-Mount Isa","Brisbane","Mount Isa","Virgin Australia","Nov-23",13,13,0,8,4,5,9,2023,11
"Brisbane-Newcastle","Brisbane","Newcastle","Virgin Australia","Nov-23",82,82,0,41,41,41,41,2023,11
"Brisbane-Perth","Brisbane","Perth","Virgin Australia","Nov-23",124,118,6,45,65,73,53,2023,11
"Brisbane-Proserpine","Brisbane","Proserpine","Virgin Australia","Nov-23",30,30,0,21,18,9,12,2023,11
"Brisbane-Rockhampton","Brisbane","Rockhampton","Virgin Australia","Nov-23",142,142,0,82,75,60,67,2023,11
"Brisbane-Sydney","Brisbane","Sydney","Virgin Australia","Nov-23",474,413,61,228,212,185,201,2023,11
"Brisbane-Townsville","Brisbane","Townsville","Virgin Australia","Nov-23",142,139,3,84,70,55,69,2023,11
"Broome-Perth","Broome","Perth","Virgin Australia","Nov-23",32,31,1,17,20,14,11,2023,11
"Cairns-Brisbane","Cairns","Brisbane","Virgin Australia","Nov-23",142,141,1,56,73,85,68,2023,11
"Cairns-Melbourne","Cairns","Melbourne","Virgin Australia","Nov-23",61,58,3,25,30,33,28,2023,11
"Cairns-Sydney","Cairns","Sydney","Virgin Australia","Nov-23",77,74,3,26,36,48,38,2023,11
"Canberra-Adelaide","Canberra","Adelaide","Virgin Australia","Nov-23",17,13,4,7,7,6,6,2023,11
"Canberra-Brisbane","Canberra","Brisbane","Virgin Australia","Nov-23",112,107,5,67,59,40,48,2023,11
"Canberra-Gold Coast","Canberra","Gold Coast","Virgin Australia","Nov-23",30,30,0,18,20,12,10,2023,11
"Canberra-Melbourne","Canberra","Melbourne","Virgin Australia","Nov-23",125,122,3,64,58,58,64,2023,11
"Canberra-Sydney","Canberra","Sydney","Virgin Australia","Nov-23",252,240,12,169,161,71,79,2023,11
"Darwin-Brisbane","Darwin","Brisbane","Virgin Australia","Nov-23",31,30,1,10,19,20,11,2023,11
"Darwin-Melbourne","Darwin","Melbourne","Virgin Australia","Nov-23",27,23,4,5,13,18,10,2023,11
"Darwin-Perth","Darwin","Perth","Virgin Australia","Nov-23",15,15,0,11,9,4,6,2023,11
"Emerald-Brisbane","Emerald","Brisbane","Virgin Australia","Nov-23",26,26,0,17,16,9,10,2023,11
"Gladstone-Brisbane","Gladstone","Brisbane","Virgin Australia","Nov-23",52,51,1,38,30,13,21,2023,11
"Gold Coast-Adelaide","Gold Coast","Adelaide","Virgin Australia","Nov-23",30,30,0,16,16,14,14,2023,11
"Gold Coast-Canberra","Gold Coast","Canberra","Virgin Australia","Nov-23",30,29,1,18,14,11,15,2023,11
"Gold Coast-Melbourne","Gold Coast","Melbourne","Virgin Australia","Nov-23",245,226,19,98,113,128,113,2023,11
"Gold Coast-Sydney","Gold Coast","Sydney","Virgin Australia","Nov-23",304,288,16,138,150,150,138,2023,11
"Hamilton Island-Brisbane","Hamilton Island","Brisbane","Virgin Australia","Nov-23",30,30,0,11,12,19,18,2023,11
"Hamilton Island-Sydney","Hamilton Island","Sydney","Virgin Australia","Nov-23",30,29,1,8,4,21,25,2023,11
"Hobart-Brisbane","Hobart","Brisbane","Virgin Australia","Nov-23",46,41,5,23,19,18,22,2023,11
"Hobart-Melbourne","Hobart","Melbourne","Virgin Australia","Nov-23",117,114,3,63,47,51,67,2023,11
"Hobart-Sydney","Hobart","Sydney","Virgin Australia","Nov-23",76,73,3,40,38,33,35,2023,11
"Kalgoorlie-Perth","Kalgoorlie","Perth","Virgin Australia","Nov-23",79,77,2,63,60,14,17,2023,11
"Karratha-Perth","Karratha","Perth","Virgin Australia","Nov-23",57,52,5,47,45,5,7,2023,11
"Launceston-Brisbane","Launceston","Brisbane","Virgin Australia","Nov-23",21,18,3,6,6,12,12,2023,11
"Launceston-Melbourne","Launceston","Melbourne","Virgin Australia","Nov-23",90,88,2,51,55,37,33,2023,11
"Launceston-Sydney","Launceston","Sydney","Virgin Australia","Nov-23",30,30,0,14,14,16,16,2023,11
"Mackay-Brisbane","Mackay","Brisbane","Virgin Australia","Nov-23",136,135,1,68,55,67,80,2023,11
"Melbourne-Adelaide","Melbourne","Adelaide","Virgin Australia","Nov-23",268,262,6,142,122,120,140,2023,11
"Melbourne-Brisbane","Melbourne","Brisbane","Virgin Australia","Nov-23",405,379,26,223,183,156,196,2023,11
"Melbourne-Cairns","Melbourne","Cairns","Virgin Australia","Nov-23",60,58,2,34,31,24,27,2023,11
"Melbourne-Canberra","Melbourne","Canberra","Virgin Australia","Nov-23",125,121,4,66,59,55,62,2023,11
"Melbourne-Darwin","Melbourne","Darwin","Virgin Australia","Nov-23",25,22,3,9,7,13,15,2023,11
"Melbourne-Gold Coast","Melbourne","Gold Coast","Virgin Australia","Nov-23",245,225,20,119,110,106,115,2023,11
"Melbourne-Hobart","Melbourne","Hobart","Virgin Australia","Nov-23",116,115,1,56,54,59,61,2023,11
"Melbourne-Launceston","Melbourne","Launceston","Virgin Australia","Nov-23",91,87,4,46,38,41,49,2023,11
"Melbourne-Newcastle","Melbourne","Newcastle","Virgin Australia","Nov-23",43,42,1,26,28,16,14,2023,11
"Melbourne-Perth","Melbourne","Perth","Virgin Australia","Nov-23",199,188,11,84,119,104,69,2023,11
"Melbourne-Sunshine Coast","Melbourne","Sunshine Coast","Virgin Australia","Nov-23",70,68,2,41,36,27,32,2023,11
"Melbourne-Sydney","Melbourne","Sydney","Virgin Australia","Nov-23",786,686,100,432,351,254,335,2023,11
"Mount Isa-Brisbane","Mount Isa","Brisbane","Virgin Australia","Nov-23",13,13,0,6,6,7,7,2023,11
"Newcastle-Brisbane","Newcastle","Brisbane","Virgin Australia","Nov-23",82,82,0,48,47,34,35,2023,11
"Newcastle-Melbourne","Newcastle","Melbourne","Virgin Australia","Nov-23",44,42,2,25,27,17,15,2023,11
"Newman-Perth","Newman","Perth","Virgin Australia","Nov-23",47,45,2,33,27,12,18,2023,11
"Perth-Adelaide","Perth","Adelaide","Virgin Australia","Nov-23",39,38,1,26,14,12,24,2023,11
"Perth-Brisbane","Perth","Brisbane","Virgin Australia","Nov-23",123,116,7,70,73,46,43,2023,11
"Perth-Broome","Perth","Broome","Virgin Australia","Nov-23",32,31,1,18,25,13,6,2023,11
"Perth-Darwin","Perth","Darwin","Virgin Australia","Nov-23",15,15,0,8,9,7,6,2023,11
"Perth-Kalgoorlie","Perth","Kalgoorlie","Virgin Australia","Nov-23",79,77,2,68,61,9,16,2023,11
"Perth-Karratha","Perth","Karratha","Virgin Australia","Nov-23",57,52,5,48,48,4,4,2023,11
"Perth-Melbourne","Perth","Melbourne","Virgin Australia","Nov-23",217,205,12,141,109,64,96,2023,11
"Perth-Newman","Perth","Newman","Virgin Australia","Nov-23",47,45,2,37,35,8,10,2023,11
"Perth-Port Hedland","Perth","Port Hedland","Virgin Australia","Nov-23",42,41,1,34,34,7,7,2023,11
"Perth-Sydney","Perth","Sydney","Virgin Australia","Nov-23",146,140,6,98,85,42,55,2023,11
"Port Hedland-Perth","Port Hedland","Perth","Virgin Australia","Nov-23",42,41,1,30,22,11,19,2023,11
"Proserpine-Brisbane","Proserpine","Brisbane","Virgin Australia","Nov-23",30,30,0,9,6,21,24,2023,11
"Rockhampton-Brisbane","Rockhampton","Brisbane","Virgin Australia","Nov-23",142,142,0,102,80,40,62,2023,11
"Sunshine Coast-Melbourne","Sunshine Coast","Melbourne","Virgin Australia","Nov-23",70,68,2,33,23,35,45,2023,11
"Sunshine Coast-Sydney","Sunshine Coast","Sydney","Virgin Australia","Nov-23",61,58,3,30,25,28,33,2023,11
"Sydney-Adelaide","Sydney","Adelaide","Virgin Australia","Nov-23",176,155,21,92,88,63,67,2023,11
"Sydney-Ballina","Sydney","Ballina","Virgin Australia","Nov-23",51,48,3,33,30,15,18,2023,11
"Sydney-Brisbane","Sydney","Brisbane","Virgin Australia","Nov-23",472,414,58,233,224,181,190,2023,11
"Sydney-Cairns","Sydney","Cairns","Virgin Australia","Nov-23",76,73,3,43,33,30,40,2023,11
"Sydney-Canberra","Sydney","Canberra","Virgin Australia","Nov-23",252,240,12,149,168,91,72,2023,11
"Sydney-Gold Coast","Sydney","Gold Coast","Virgin Australia","Nov-23",305,286,19,168,149,118,137,2023,11
"Sydney-Hamilton Island","Sydney","Hamilton Island","Virgin Australia","Nov-23",30,30,0,19,14,11,16,2023,11
"Sydney-Hobart","Sydney","Hobart","Virgin Australia","Nov-23",76,73,3,51,44,22,29,2023,11
"Sydney-Launceston","Sydney","Launceston","Virgin Australia","Nov-23",30,30,0,17,19,13,11,2023,11
"Sydney-Melbourne","Sydney","Melbourne","Virgin Australia","Nov-23",774,681,93,356,359,325,322,2023,11
"Sydney-Perth","Sydney","Perth","Virgin Australia","Nov-23",158,147,11,64,83,83,64,2023,11
"Sydney-Sunshine Coast","Sydney","Sunshine Coast","Virgin Australia","Nov-23",60,58,2,33,27,25,31,2023,11
"Townsville-Brisbane","Townsville","Brisbane","Virgin Australia","Nov-23",142,140,2,77,77,63,63,2023,11
"Adelaide-Perth","Adelaide","Perth","Virgin Australia Regional Airlines","Nov-23",34,33,1,7,13,26,20,2023,11
"Broome-Perth","Broome","Perth","Virgin Australia Regional Airlines","Nov-23",14,14,0,6,7,8,7,2023,11
"Darwin-Perth","Darwin","Perth","Virgin Australia Regional Airlines","Nov-23",6,6,0,3,2,3,4,2023,11
"Kalgoorlie-Perth","Kalgoorlie","Perth","Virgin Australia Regional Airlines","Nov-23",23,23,0,13,13,10,10,2023,11
"Karratha-Perth","Karratha","Perth","Virgin Australia Regional Airlines","Nov-23",18,16,2,10,12,6,4,2023,11
"Newman-Perth","Newman","Perth","Virgin Australia Regional Airlines","Nov-23",9,9,0,6,5,3,4,2023,11
"Perth-Adelaide","Perth","Adelaide","Virgin Australia Regional Airlines","Nov-23",34,33,1,24,16,9,17,2023,11
"Perth-Broome","Perth","Broome","Virgin Australia Regional Airlines","Nov-23",14,14,0,9,11,5,3,2023,11
"Perth-Darwin","Perth","Darwin","Virgin Australia Regional Airlines","Nov-23",6,6,0,4,4,2,2,2023,11
"Perth-Kalgoorlie","Perth","Kalgoorlie","Virgin Australia Regional Airlines","Nov-23",23,23,0,17,15,6,8,2023,11
"Perth-Karratha","Perth","Karratha","Virgin Australia Regional Airlines","Nov-23",18,16,2,12,10,4,6,2023,11
"Perth-Newman","Perth","Newman","Virgin Australia Regional Airlines","Nov-23",9,9,0,4,5,5,4,2023,11
"Perth-Port Hedland","Perth","Port Hedland","Virgin Australia Regional Airlines","Nov-23",15,15,0,11,11,4,4,2023,11
"Port Hedland-Perth","Port Hedland","Perth","Virgin Australia Regional Airlines","Nov-23",15,15,0,10,8,5,7,2023,11
"Adelaide-Alice Springs","Adelaide","Alice Springs","All Airlines","Nov-23",56,56,0,40,38,16,18,2023,11
"Adelaide-Brisbane","Adelaide","Brisbane","All Airlines","Nov-23",344,331,13,246,240,85,91,2023,11
"Adelaide-Canberra","Adelaide","Canberra","All Airlines","Nov-23",116,112,4,88,88,24,24,2023,11
"Adelaide-Gold Coast","Adelaide","Gold Coast","All Airlines","Nov-23",60,59,1,51,51,8,8,2023,11
"Adelaide-Melbourne","Adelaide","Melbourne","All Airlines","Nov-23",686,667,19,391,383,276,284,2023,11
"Adelaide-Perth","Adelaide","Perth","All Airlines","Nov-23",196,189,7,100,120,89,69,2023,11
"Adelaide-Port Lincoln","Adelaide","Port Lincoln","All Airlines","Nov-23",274,271,3,256,257,15,14,2023,11
"Adelaide-Sydney","Adelaide","Sydney","All Airlines","Nov-23",555,520,35,335,325,185,195,2023,11
"Albury-Sydney","Albury","Sydney","All Airlines","Nov-23",186,183,3,137,132,46,51,2023,11
"Alice Springs-Adelaide","Alice Springs","Adelaide","All Airlines","Nov-23",56,56,0,30,27,26,29,2023,11
"Ballina-Sydney","Ballina","Sydney","All Airlines","Nov-23",176,171,5,108,112,63,59,2023,11
"Brisbane-Adelaide","Brisbane","Adelaide","All Airlines","Nov-23",344,333,11,231,231,102,102,2023,11
"Brisbane-Cairns","Brisbane","Cairns","All Airlines","Nov-23",373,369,4,243,217,126,152,2023,11
"Brisbane-Canberra","Brisbane","Canberra","All Airlines","Nov-23",301,294,7,203,207,91,87,2023,11
"Brisbane-Darwin","Brisbane","Darwin","All Airlines","Nov-23",72,71,1,45,29,26,42,2023,11
"Brisbane-Emerald","Brisbane","Emerald","All Airlines","Nov-23",151,147,4,109,113,38,34,2023,11
"Brisbane-Gladstone","Brisbane","Gladstone","All Airlines","Nov-23",190,176,14,118,125,58,51,2023,11
"Brisbane-Hamilton Island","Brisbane","Hamilton Island","All Airlines","Nov-23",60,60,0,40,41,20,19,2023,11
"Brisbane-Hobart","Brisbane","Hobart","All Airlines","Nov-23",93,88,5,57,58,31,30,2023,11
"Brisbane-Launceston","Brisbane","Launceston","All Airlines","Nov-23",42,39,3,22,23,17,16,2023,11
"Brisbane-Mackay","Brisbane","Mackay","All Airlines","Nov-23",330,329,1,204,182,125,147,2023,11
"Brisbane-Melbourne","Brisbane","Melbourne","All Airlines","Nov-23",961,920,41,567,543,353,377,2023,11
"Brisbane-Mount Isa","Brisbane","Mount Isa","All Airlines","Nov-23",65,65,0,53,51,12,14,2023,11
"Brisbane-Newcastle","Brisbane","Newcastle","All Airlines","Nov-23",246,236,10,157,149,79,87,2023,11
"Brisbane-Perth","Brisbane","Perth","All Airlines","Nov-23",295,288,7,148,190,140,98,2023,11
"Brisbane-Proserpine","Brisbane","Proserpine","All Airlines","Nov-23",81,81,0,67,64,14,17,2023,11
"Brisbane-Rockhampton","Brisbane","Rockhampton","All Airlines","Nov-23",336,327,9,216,215,111,112,2023,11
"Brisbane-Sydney","Brisbane","Sydney","All Airlines","Nov-23",1323,1228,95,823,780,405,448,2023,11
"Brisbane-Townsville","Brisbane","Townsville","All Airlines","Nov-23",326,320,6,210,189,110,131,2023,11
"Broome-Perth","Broome","Perth","All Airlines","Nov-23",129,125,4,82,82,43,43,2023,11
"Cairns-Brisbane","Cairns","Brisbane","All Airlines","Nov-23",373,367,6,218,239,149,128,2023,11
"Cairns-Melbourne","Cairns","Melbourne","All Airlines","Nov-23",184,180,4,102,114,78,66,2023,11
"Cairns-Sydney","Cairns","Sydney","All Airlines","Nov-23",219,214,5,120,136,94,78,2023,11
"Cairns-Townsville","Cairns","Townsville","All Airlines","Nov-23",155,146,9,120,118,26,28,2023,11
"Canberra-Adelaide","Canberra","Adelaide","All Airlines","Nov-23",116,110,6,83,82,27,28,2023,11
"Canberra-Brisbane","Canberra","Brisbane","All Airlines","Nov-23",301,294,7,205,192,89,102,2023,11
"Canberra-Gold Coast","Canberra","Gold Coast","All Airlines","Nov-23",51,51,0,35,38,16,13,2023,11
"Canberra-Melbourne","Canberra","Melbourne","All Airlines","Nov-23",439,430,9,253,245,177,185,2023,11
"Canberra-Sydney","Canberra","Sydney","All Airlines","Nov-23",671,643,28,419,395,224,248,2023,11
"Coffs Harbour-Sydney","Coffs Harbour","Sydney","All Airlines","Nov-23",189,186,3,113,104,73,82,2023,11
"Darwin-Brisbane","Darwin","Brisbane","All Airlines","Nov-23",73,72,1,19,35,53,37,2023,11
"Darwin-Melbourne","Darwin","Melbourne","All Airlines","Nov-23",73,69,4,19,21,50,48,2023,11
"Darwin-Perth","Darwin","Perth","All Airlines","Nov-23",52,51,1,27,26,24,25,2023,11
"Devonport-Melbourne","Devonport","Melbourne","All Airlines","Nov-23",159,157,2,118,100,39,57,2023,11
"Dubbo-Sydney","Dubbo","Sydney","All Airlines","Nov-23",229,228,1,148,135,80,93,2023,11
"Emerald-Brisbane","Emerald","Brisbane","All Airlines","Nov-23",151,147,4,110,108,37,39,2023,11
"Gladstone-Brisbane","Gladstone","Brisbane","All Airlines","Nov-23",189,175,14,126,113,49,62,2023,11
"Gold Coast-Adelaide","Gold Coast","Adelaide","All Airlines","Nov-23",60,59,1,39,41,20,18,2023,11
"Gold Coast-Canberra","Gold Coast","Canberra","All Airlines","Nov-23",51,50,1,35,32,15,18,2023,11
"Gold Coast-Melbourne","Gold Coast","Melbourne","All Airlines","Nov-23",535,512,23,278,302,234,210,2023,11
"Gold Coast-Sydney","Gold Coast","Sydney","All Airlines","Nov-23",685,656,29,381,402,275,254,2023,11
"Hamilton Island-Brisbane","Hamilton Island","Brisbane","All Airlines","Nov-23",60,60,0,35,37,25,23,2023,11
"Hamilton Island-Sydney","Hamilton Island","Sydney","All Airlines","Nov-23",82,81,1,33,28,48,53,2023,11
"Hobart-Brisbane","Hobart","Brisbane","All Airlines","Nov-23",93,87,6,48,43,39,44,2023,11
"Hobart-Melbourne","Hobart","Melbourne","All Airlines","Nov-23",385,381,4,215,199,166,182,2023,11
"Hobart-Sydney","Hobart","Sydney","All Airlines","Nov-23",239,233,6,150,139,83,94,2023,11
"Kalgoorlie-Perth","Kalgoorlie","Perth","All Airlines","Nov-23",176,171,5,125,123,46,48,2023,11
"Karratha-Perth","Karratha","Perth","All Airlines","Nov-23",224,216,8,166,152,50,64,2023,11
"Launceston-Brisbane","Launceston","Brisbane","All Airlines","Nov-23",42,39,3,20,21,19,18,2023,11
"Launceston-Melbourne","Launceston","Melbourne","All Airlines","Nov-23",296,290,6,157,174,133,116,2023,11
"Launceston-Sydney","Launceston","Sydney","All Airlines","Nov-23",118,114,4,72,72,42,42,2023,11
"Mackay-Brisbane","Mackay","Brisbane","All Airlines","Nov-23",334,332,2,203,177,129,155,2023,11
"Melbourne-Adelaide","Melbourne","Adelaide","All Airlines","Nov-23",686,671,15,398,384,273,287,2023,11
"Melbourne-Brisbane","Melbourne","Brisbane","All Airlines","Nov-23",966,925,41,564,500,361,425,2023,11
"Melbourne-Cairns","Melbourne","Cairns","All Airlines","Nov-23",183,180,3,120,112,60,68,2023,11
"Melbourne-Canberra","Melbourne","Canberra","All Airlines","Nov-23",442,434,8,276,255,158,179,2023,11
"Melbourne-Darwin","Melbourne","Darwin","All Airlines","Nov-23",73,70,3,26,17,44,53,2023,11
"Melbourne-Devonport","Melbourne","Devonport","All Airlines","Nov-23",160,158,2,101,106,57,52,2023,11
"Melbourne-Gold Coast","Melbourne","Gold Coast","All Airlines","Nov-23",533,510,23,319,303,191,207,2023,11
"Melbourne-Hobart","Melbourne","Hobart","All Airlines","Nov-23",385,383,2,225,211,158,172,2023,11
"Melbourne-Launceston","Melbourne","Launceston","All Airlines","Nov-23",297,289,8,156,137,133,152,2023,11
"Melbourne-Mildura","Melbourne","Mildura","All Airlines","Nov-23",212,208,4,123,109,85,99,2023,11
"Melbourne-Newcastle","Melbourne","Newcastle","All Airlines","Nov-23",163,159,4,99,96,60,63,2023,11
"Melbourne-Perth","Melbourne","Perth","All Airlines","Nov-23",486,469,17,246,308,223,161,2023,11
"Melbourne-Sunshine Coast","Melbourne","Sunshine Coast","All Airlines","Nov-23",198,195,3,137,128,58,67,2023,11
"Melbourne-Sydney","Melbourne","Sydney","All Airlines","Nov-23",2264,2058,206,1372,1194,686,864,2023,11
"Mildura-Melbourne","Mildura","Melbourne","All Airlines","Nov-23",212,207,5,108,111,99,96,2023,11
"Mount Isa-Brisbane","Mount Isa","Brisbane","All Airlines","Nov-23",65,65,0,48,51,17,14,2023,11
"Newcastle-Brisbane","Newcastle","Brisbane","All Airlines","Nov-23",245,233,12,157,159,76,74,2023,11
"Newcastle-Melbourne","Newcastle","Melbourne","All Airlines","Nov-23",165,161,4,93,92,68,69,2023,11
"Newman-Perth","Newman","Perth","All Airlines","Nov-23",175,170,5,128,113,42,57,2023,11
"Perth-Adelaide","Perth","Adelaide","All Airlines","Nov-23",198,190,8,139,108,51,82,2023,11
"Perth-Brisbane","Perth","Brisbane","All Airlines","Nov-23",294,286,8,190,178,96,108,2023,11
"Perth-Broome","Perth","Broome","All Airlines","Nov-23",129,125,4,85,100,40,25,2023,11
"Perth-Darwin","Perth","Darwin","All Airlines","Nov-23",52,51,1,38,38,13,13,2023,11
"Perth-Kalgoorlie","Perth","Kalgoorlie","All Airlines","Nov-23",176,172,4,139,124,33,48,2023,11
"Perth-Karratha","Perth","Karratha","All Airlines","Nov-23",225,217,8,175,164,42,53,2023,11
"Perth-Melbourne","Perth","Melbourne","All Airlines","Nov-23",505,487,18,318,270,169,217,2023,11
"Perth-Newman","Perth","Newman","All Airlines","Nov-23",175,171,4,140,135,31,36,2023,11
"Perth-Port Hedland","Perth","Port Hedland","All Airlines","Nov-23",199,197,2,151,145,46,52,2023,11
"Perth-Sydney","Perth","Sydney","All Airlines","Nov-23",395,388,7,248,203,140,185,2023,11
"Port Hedland-Perth","Port Hedland","Perth","All Airlines","Nov-23",199,196,3,135,111,61,85,2023,11
"Port Lincoln-Adelaide","Port Lincoln","Adelaide","All Airlines","Nov-23",273,269,4,256,250,13,19,2023,11
"Port Macquarie-Sydney","Port Macquarie","Sydney","All Airlines","Nov-23",190,187,3,134,125,53,62,2023,11
"Proserpine-Brisbane","Proserpine","Brisbane","All Airlines","Nov-23",81,80,1,42,39,38,41,2023,11
"Rockhampton-Brisbane","Rockhampton","Brisbane","All Airlines","Nov-23",336,323,13,234,206,89,117,2023,11
"Sunshine Coast-Melbourne","Sunshine Coast","Melbourne","All Airlines","Nov-23",197,193,4,90,91,103,102,2023,11
"Sunshine Coast-Sydney","Sunshine Coast","Sydney","All Airlines","Nov-23",223,218,5,133,136,85,82,2023,11
"Sydney-Adelaide","Sydney","Adelaide","All Airlines","Nov-23",556,527,29,313,323,214,204,2023,11
"Sydney-Albury","Sydney","Albury","All Airlines","Nov-23",186,184,2,123,122,61,62,2023,11
"Sydney-Ballina","Sydney","Ballina","All Airlines","Nov-23",177,172,5,115,113,57,59,2023,11
"Sydney-Brisbane","Sydney","Brisbane","All Airlines","Nov-23",1325,1234,91,755,725,479,509,2023,11
"Sydney-Cairns","Sydney","Cairns","All Airlines","Nov-23",218,214,4,138,128,76,86,2023,11
"Sydney-Canberra","Sydney","Canberra","All Airlines","Nov-23",671,648,23,418,435,230,213,2023,11
"Sydney-Coffs Harbour","Sydney","Coffs Harbour","All Airlines","Nov-23",188,186,2,111,110,75,76,2023,11
"Sydney-Dubbo","Sydney","Dubbo","All Airlines","Nov-23",234,232,2,141,147,91,85,2023,11
"Sydney-Gold Coast","Sydney","Gold Coast","All Airlines","Nov-23",681,651,30,423,407,228,244,2023,11
"Sydney-Hamilton Island","Sydney","Hamilton Island","All Airlines","Nov-23",82,82,0,54,42,28,40,2023,11
"Sydney-Hobart","Sydney","Hobart","All Airlines","Nov-23",238,233,5,160,162,73,71,2023,11
"Sydney-Launceston","Sydney","Launceston","All Airlines","Nov-23",117,114,3,78,77,36,37,2023,11
"Sydney-Melbourne","Sydney","Melbourne","All Airlines","Nov-23",2248,2051,197,1196,1225,855,826,2023,11
"Sydney-Perth","Sydney","Perth","All Airlines","Nov-23",410,398,12,174,225,224,173,2023,11
"Sydney-Port Macquarie","Sydney","Port Macquarie","All Airlines","Nov-23",192,189,3,123,129,66,60,2023,11
"Sydney-Sunshine Coast","Sydney","Sunshine Coast","All Airlines","Nov-23",223,219,4,142,136,77,83,2023,11
"Sydney-Wagga Wagga","Sydney","Wagga Wagga","All Airlines","Nov-23",194,189,5,128,132,61,57,2023,11
"Townsville-Brisbane","Townsville","Brisbane","All Airlines","Nov-23",326,322,4,198,196,124,126,2023,11
"Townsville-Cairns","Townsville","Cairns","All Airlines","Nov-23",155,143,12,119,119,24,24,2023,11
"Wagga Wagga-Sydney","Wagga Wagga","Sydney","All Airlines","Nov-23",194,188,6,139,132,49,56,2023,11
"Melbourne-Sunshine Coast","Melbourne","Sunshine Coast","Bonza","Dec-23",12,12,0,7,7,5,5,2023,12
"Sunshine Coast-Melbourne","Sunshine Coast","Melbourne","Bonza","Dec-23",12,12,0,4,4,8,8,2023,12
"Melbourne-Mildura","Melbourne","Mildura","Bonza","Dec-23",9,8,1,2,2,6,6,2023,12
"Mildura-Melbourne","Mildura","Melbourne","Bonza","Dec-23",9,8,1,1,1,7,7,2023,12
"Gold Coast-Melbourne","Gold Coast","Melbourne","Bonza","Dec-23",14,6,8,1,1,5,5,2023,12
"Melbourne-Gold Coast","Melbourne","Gold Coast","Bonza","Dec-23",14,6,8,1,1,5,5,2023,12
"Adelaide-Brisbane","Adelaide","Brisbane","Jetstar","Dec-23",30,30,0,18,18,12,12,2023,12
"Adelaide-Gold Coast","Adelaide","Gold Coast","Jetstar","Dec-23",33,31,2,24,23,7,8,2023,12
"Adelaide-Melbourne","Adelaide","Melbourne","Jetstar","Dec-23",102,96,6,51,55,45,41,2023,12
"Adelaide-Perth","Adelaide","Perth","Jetstar","Dec-23",31,31,0,22,22,9,9,2023,12
"Adelaide-Sydney","Adelaide","Sydney","Jetstar","Dec-23",136,123,13,79,77,44,46,2023,12
"Ballina-Sydney","Ballina","Sydney","Jetstar","Dec-23",89,89,0,64,67,25,22,2023,12
"Brisbane-Adelaide","Brisbane","Adelaide","Jetstar","Dec-23",34,30,4,13,15,17,15,2023,12
"Brisbane-Cairns","Brisbane","Cairns","Jetstar","Dec-23",97,86,11,59,59,27,27,2023,12
"Brisbane-Canberra","Brisbane","Canberra","Jetstar","Dec-23",31,31,0,13,14,18,17,2023,12
"Brisbane-Darwin","Brisbane","Darwin","Jetstar","Dec-23",27,24,3,8,8,16,16,2023,12
"Brisbane-Hobart","Brisbane","Hobart","Jetstar","Dec-23",36,35,1,25,26,10,9,2023,12
"Brisbane-Launceston","Brisbane","Launceston","Jetstar","Dec-23",26,26,0,7,9,19,17,2023,12
"Brisbane-Mackay","Brisbane","Mackay","Jetstar","Dec-23",31,31,0,22,23,9,8,2023,12
"Brisbane-Melbourne","Brisbane","Melbourne","Jetstar","Dec-23",153,141,12,72,78,69,63,2023,12
"Brisbane-Newcastle","Brisbane","Newcastle","Jetstar","Dec-23",59,57,2,47,47,10,10,2023,12
"Brisbane-Perth","Brisbane","Perth","Jetstar","Dec-23",24,22,2,7,13,15,9,2023,12
"Brisbane-Proserpine","Brisbane","Proserpine","Jetstar","Dec-23",49,48,1,21,25,27,23,2023,12
"Brisbane-Sydney","Brisbane","Sydney","Jetstar","Dec-23",200,184,16,108,118,76,66,2023,12
"Brisbane-Townsville","Brisbane","Townsville","Jetstar","Dec-23",52,52,0,28,24,24,28,2023,12
"Cairns-Brisbane","Cairns","Brisbane","Jetstar","Dec-23",98,87,11,56,59,31,28,2023,12
"Cairns-Melbourne","Cairns","Melbourne","Jetstar","Dec-23",110,95,15,62,61,33,34,2023,12
"Cairns-Sydney","Cairns","Sydney","Jetstar","Dec-23",110,93,17,56,57,37,36,2023,12
"Canberra-Brisbane","Canberra","Brisbane","Jetstar","Dec-23",32,31,1,12,12,19,19,2023,12
"Canberra-Gold Coast","Canberra","Gold Coast","Jetstar","Dec-23",23,23,0,12,17,11,6,2023,12
"Canberra-Melbourne","Canberra","Melbourne","Jetstar","Dec-23",32,32,0,13,16,19,16,2023,12
"Darwin-Brisbane","Darwin","Brisbane","Jetstar","Dec-23",25,22,3,5,9,17,13,2023,12
"Darwin-Melbourne","Darwin","Melbourne","Jetstar","Dec-23",23,23,0,7,8,16,15,2023,12
"Gold Coast-Adelaide","Gold Coast","Adelaide","Jetstar","Dec-23",33,31,2,24,26,7,5,2023,12
"Gold Coast-Canberra","Gold Coast","Canberra","Jetstar","Dec-23",23,23,0,17,18,6,5,2023,12
"Gold Coast-Melbourne","Gold Coast","Melbourne","Jetstar","Dec-23",249,234,15,141,153,93,81,2023,12
"Gold Coast-Sydney","Gold Coast","Sydney","Jetstar","Dec-23",265,253,12,178,180,75,73,2023,12
"Hamilton Island-Sydney","Hamilton Island","Sydney","Jetstar","Dec-23",23,23,0,14,16,9,7,2023,12
"Hobart-Brisbane","Hobart","Brisbane","Jetstar","Dec-23",36,35,1,18,17,17,18,2023,12
"Hobart-Melbourne","Hobart","Melbourne","Jetstar","Dec-23",211,200,11,119,121,81,79,2023,12
"Hobart-Sydney","Hobart","Sydney","Jetstar","Dec-23",103,102,1,75,77,27,25,2023,12
"Launceston-Brisbane","Launceston","Brisbane","Jetstar","Dec-23",29,28,1,5,9,23,19,2023,12
"Launceston-Melbourne","Launceston","Melbourne","Jetstar","Dec-23",154,148,6,77,84,71,64,2023,12
"Launceston-Sydney","Launceston","Sydney","Jetstar","Dec-23",59,59,0,43,44,16,15,2023,12
"Mackay-Brisbane","Mackay","Brisbane","Jetstar","Dec-23",31,31,0,19,19,12,12,2023,12
"Melbourne-Adelaide","Melbourne","Adelaide","Jetstar","Dec-23",102,98,4,55,56,43,42,2023,12
"Melbourne-Brisbane","Melbourne","Brisbane","Jetstar","Dec-23",156,145,11,74,69,71,76,2023,12
"Melbourne-Cairns","Melbourne","Cairns","Jetstar","Dec-23",111,96,15,56,53,40,43,2023,12
"Melbourne-Canberra","Melbourne","Canberra","Jetstar","Dec-23",32,32,0,17,15,15,17,2023,12
"Melbourne-Darwin","Melbourne","Darwin","Jetstar","Dec-23",23,23,0,16,15,7,8,2023,12
"Melbourne-Gold Coast","Melbourne","Gold Coast","Jetstar","Dec-23",249,235,14,149,137,86,98,2023,12
"Melbourne-Hobart","Melbourne","Hobart","Jetstar","Dec-23",210,199,11,133,132,66,67,2023,12
"Melbourne-Launceston","Melbourne","Launceston","Jetstar","Dec-23",152,148,4,89,92,59,56,2023,12
"Melbourne-Newcastle","Melbourne","Newcastle","Jetstar","Dec-23",65,64,1,39,36,25,28,2023,12
"Melbourne-Perth","Melbourne","Perth","Jetstar","Dec-23",87,86,1,64,58,22,28,2023,12
"Melbourne-Sunshine Coast","Melbourne","Sunshine Coast","Jetstar","Dec-23",89,89,0,71,66,18,23,2023,12
"Melbourne-Sydney","Melbourne","Sydney","Jetstar","Dec-23",428,386,42,221,227,165,159,2023,12
"Newcastle-Brisbane","Newcastle","Brisbane","Jetstar","Dec-23",59,56,3,37,38,19,18,2023,12
"Newcastle-Melbourne","Newcastle","Melbourne","Jetstar","Dec-23",64,63,1,30,28,33,35,2023,12
"Perth-Adelaide","Perth","Adelaide","Jetstar","Dec-23",31,31,0,26,25,5,6,2023,12
"Perth-Brisbane","Perth","Brisbane","Jetstar","Dec-23",24,22,2,8,9,14,13,2023,12
"Perth-Melbourne","Perth","Melbourne","Jetstar","Dec-23",88,85,3,50,57,35,28,2023,12
"Perth-Sydney","Perth","Sydney","Jetstar","Dec-23",58,58,0,31,32,27,26,2023,12
"Proserpine-Brisbane","Proserpine","Brisbane","Jetstar","Dec-23",49,48,1,22,17,26,31,2023,12
"Sunshine Coast-Melbourne","Sunshine Coast","Melbourne","Jetstar","Dec-23",92,88,4,50,60,38,28,2023,12
"Sunshine Coast-Sydney","Sunshine Coast","Sydney","Jetstar","Dec-23",120,115,5,71,71,44,44,2023,12
"Sydney-Adelaide","Sydney","Adelaide","Jetstar","Dec-23",136,123,13,71,75,52,48,2023,12
"Sydney-Ballina","Sydney","Ballina","Jetstar","Dec-23",89,89,0,68,70,21,19,2023,12
"Sydney-Brisbane","Sydney","Brisbane","Jetstar","Dec-23",198,183,15,101,101,82,82,2023,12
"Sydney-Cairns","Sydney","Cairns","Jetstar","Dec-23",109,93,16,64,55,29,38,2023,12
"Sydney-Gold Coast","Sydney","Gold Coast","Jetstar","Dec-23",263,251,12,185,178,66,73,2023,12
"Sydney-Hamilton Island","Sydney","Hamilton Island","Jetstar","Dec-23",24,24,0,16,13,8,11,2023,12
"Sydney-Hobart","Sydney","Hobart","Jetstar","Dec-23",105,104,1,76,79,28,25,2023,12
"Sydney-Launceston","Sydney","Launceston","Jetstar","Dec-23",61,61,0,47,50,14,11,2023,12
"Sydney-Melbourne","Sydney","Melbourne","Jetstar","Dec-23",429,388,41,238,235,150,153,2023,12
"Sydney-Perth","Sydney","Perth","Jetstar","Dec-23",58,58,0,35,37,23,21,2023,12
"Sydney-Sunshine Coast","Sydney","Sunshine Coast","Jetstar","Dec-23",120,116,4,82,83,34,33,2023,12
"Townsville-Brisbane","Townsville","Brisbane","Jetstar","Dec-23",53,50,3,19,20,31,30,2023,12
"Brisbane-Hobart","Brisbane","Hobart","Qantas","Dec-23",14,14,0,13,13,1,1,2023,12
"Hobart-Brisbane","Hobart","Brisbane","Qantas","Dec-23",14,14,0,12,10,2,4,2023,12
"Adelaide-Melbourne","Adelaide","Melbourne","Qantas","Dec-23",237,235,2,152,134,83,101,2023,12
"Adelaide-Perth","Adelaide","Perth","Qantas","Dec-23",93,93,0,70,67,23,26,2023,12
"Adelaide-Sydney","Adelaide","Sydney","Qantas","Dec-23",218,214,4,163,166,51,48,2023,12
"Brisbane-Cairns","Brisbane","Cairns","Qantas","Dec-23",90,80,10,63,67,17,13,2023,12
"Brisbane-Darwin","Brisbane","Darwin","Qantas","Dec-23",17,17,0,15,15,2,2,2023,12
"Brisbane-Hamilton Island","Brisbane","Hamilton Island","Qantas","Dec-23",23,23,0,20,22,3,1,2023,12
"Brisbane-Mackay","Brisbane","Mackay","Qantas","Dec-23",22,22,0,19,20,3,2,2023,12
"Brisbane-Melbourne","Brisbane","Melbourne","Qantas","Dec-23",360,351,9,261,242,90,109,2023,12
"Brisbane-Mount Isa","Brisbane","Mount Isa","Qantas","Dec-23",44,44,0,41,41,3,3,2023,12
"Brisbane-Perth","Brisbane","Perth","Qantas","Dec-23",153,152,1,115,117,37,35,2023,12
"Brisbane-Sydney","Brisbane","Sydney","Qantas","Dec-23",481,462,19,376,364,86,98,2023,12
"Brisbane-Townsville","Brisbane","Townsville","Qantas","Dec-23",52,52,0,42,42,10,10,2023,12
"Cairns-Brisbane","Cairns","Brisbane","Qantas","Dec-23",91,81,10,68,68,13,13,2023,12
"Cairns-Melbourne","Cairns","Melbourne","Qantas","Dec-23",39,37,2,26,28,11,9,2023,12
"Cairns-Sydney","Cairns","Sydney","Qantas","Dec-23",62,58,4,38,37,20,21,2023,12
"Darwin-Brisbane","Darwin","Brisbane","Qantas","Dec-23",16,16,0,12,11,4,5,2023,12
"Gold Coast-Melbourne","Gold Coast","Melbourne","Qantas","Dec-23",39,38,1,20,22,18,16,2023,12
"Gold Coast-Sydney","Gold Coast","Sydney","Qantas","Dec-23",108,107,1,66,66,41,41,2023,12
"Hamilton Island-Brisbane","Hamilton Island","Brisbane","Qantas","Dec-23",23,23,0,18,18,5,5,2023,12
"Hamilton Island-Sydney","Hamilton Island","Sydney","Qantas","Dec-23",30,30,0,14,14,16,16,2023,12
"Hobart-Melbourne","Hobart","Melbourne","Qantas","Dec-23",57,57,0,40,41,17,16,2023,12
"Hobart-Sydney","Hobart","Sydney","Qantas","Dec-23",23,23,0,12,9,11,14,2023,12
"Kalgoorlie-Perth","Kalgoorlie","Perth","Qantas","Dec-23",15,14,1,12,11,2,3,2023,12
"Karratha-Perth","Karratha","Perth","Qantas","Dec-23",6,6,0,5,4,1,2,2023,12
"Mackay-Brisbane","Mackay","Brisbane","Qantas","Dec-23",22,22,0,19,17,3,5,2023,12
"Melbourne-Adelaide","Melbourne","Adelaide","Qantas","Dec-23",236,235,1,164,150,71,85,2023,12
"Melbourne-Brisbane","Melbourne","Brisbane","Qantas","Dec-23",359,350,9,232,226,118,124,2023,12
"Melbourne-Cairns","Melbourne","Cairns","Qantas","Dec-23",40,38,2,29,26,9,12,2023,12
"Melbourne-Gold Coast","Melbourne","Gold Coast","Qantas","Dec-23",39,39,0,27,26,12,13,2023,12
"Melbourne-Hobart","Melbourne","Hobart","Qantas","Dec-23",57,57,0,38,36,19,21,2023,12
"Melbourne-Perth","Melbourne","Perth","Qantas","Dec-23",203,202,1,122,111,80,91,2023,12
"Melbourne-Sunshine Coast","Melbourne","Sunshine Coast","Qantas","Dec-23",11,11,0,6,5,5,6,2023,12
"Melbourne-Sydney","Melbourne","Sydney","Qantas","Dec-23",752,708,44,507,449,201,259,2023,12
"Mount Isa-Brisbane","Mount Isa","Brisbane","Qantas","Dec-23",45,45,0,36,33,9,12,2023,12
"Newman-Perth","Newman","Perth","Qantas","Dec-23",16,15,1,13,15,2,0,2023,12
"Perth-Adelaide","Perth","Adelaide","Qantas","Dec-23",93,93,0,78,77,15,16,2023,12
"Perth-Brisbane","Perth","Brisbane","Qantas","Dec-23",152,151,1,112,111,39,40,2023,12
"Perth-Kalgoorlie","Perth","Kalgoorlie","Qantas","Dec-23",15,15,0,14,14,1,1,2023,12
"Perth-Karratha","Perth","Karratha","Qantas","Dec-23",6,6,0,6,6,0,0,2023,12
"Perth-Melbourne","Perth","Melbourne","Qantas","Dec-23",202,200,2,105,117,95,83,2023,12
"Perth-Newman","Perth","Newman","Qantas","Dec-23",16,15,1,13,15,2,0,2023,12
"Perth-Sydney","Perth","Sydney","Qantas","Dec-23",201,201,0,118,127,83,74,2023,12
"Sunshine Coast-Melbourne","Sunshine Coast","Melbourne","Qantas","Dec-23",10,10,0,2,1,8,9,2023,12
"Sunshine Coast-Sydney","Sunshine Coast","Sydney","Qantas","Dec-23",57,57,0,38,42,19,15,2023,12
"Sydney-Adelaide","Sydney","Adelaide","Qantas","Dec-23",218,214,4,155,153,59,61,2023,12
"Sydney-Brisbane","Sydney","Brisbane","Qantas","Dec-23",483,467,16,322,312,145,155,2023,12
"Sydney-Cairns","Sydney","Cairns","Qantas","Dec-23",61,57,4,41,39,16,18,2023,12
"Sydney-Gold Coast","Sydney","Gold Coast","Qantas","Dec-23",107,107,0,69,69,38,38,2023,12
"Sydney-Hamilton Island","Sydney","Hamilton Island","Qantas","Dec-23",30,30,0,19,16,11,14,2023,12
"Sydney-Hobart","Sydney","Hobart","Qantas","Dec-23",23,23,0,12,17,11,6,2023,12
"Sydney-Melbourne","Sydney","Melbourne","Qantas","Dec-23",751,706,45,476,460,230,246,2023,12
"Sydney-Perth","Sydney","Perth","Qantas","Dec-23",201,201,0,111,90,90,111,2023,12
"Sydney-Sunshine Coast","Sydney","Sunshine Coast","Qantas","Dec-23",58,58,0,36,37,22,21,2023,12
"Townsville-Brisbane","Townsville","Brisbane","Qantas","Dec-23",53,53,0,43,41,10,12,2023,12
"Canberra-Sydney","Canberra","Sydney","Qantas","Dec-23",8,8,0,8,8,0,0,2023,12
"Canberra-Melbourne","Canberra","Melbourne","Qantas","Dec-23",5,5,0,3,4,2,1,2023,12
"Melbourne-Canberra","Melbourne","Canberra","Qantas","Dec-23",6,6,0,6,4,0,2,2023,12
"Sydney-Canberra","Sydney","Canberra","Qantas","Dec-23",8,8,0,8,8,0,0,2023,12
"Adelaide-Gold Coast","Adelaide","Gold Coast","QantasLink","Dec-23",8,8,0,8,8,0,0,2023,12
"Brisbane-Darwin","Brisbane","Darwin","QantasLink","Dec-23",24,24,0,17,14,7,10,2023,12
"Brisbane-Hamilton Island","Brisbane","Hamilton Island","QantasLink","Dec-23",7,7,0,4,3,3,4,2023,12
"Brisbane-Mount Isa","Brisbane","Mount Isa","QantasLink","Dec-23",6,6,0,5,6,1,0,2023,12
"Brisbane-Launceston","Brisbane","Launceston","QantasLink","Dec-23",11,11,0,4,3,7,8,2023,12
"Darwin-Brisbane","Darwin","Brisbane","QantasLink","Dec-23",25,25,0,17,15,8,10,2023,12
"Hamilton Island-Brisbane","Hamilton Island","Brisbane","QantasLink","Dec-23",7,7,0,1,1,6,6,2023,12
"Mount Isa-Brisbane","Mount Isa","Brisbane","QantasLink","Dec-23",6,6,0,6,4,0,2,2023,12
"Launceston-Brisbane","Launceston","Brisbane","QantasLink","Dec-23",10,10,0,6,7,4,3,2023,12
"Sunshine Coast-Melbourne","Sunshine Coast","Melbourne","QantasLink","Dec-23",28,28,0,9,11,19,17,2023,12
"Melbourne-Sunshine Coast","Melbourne","Sunshine Coast","QantasLink","Dec-23",28,28,0,15,13,13,15,2023,12
"Melbourne-Gold Coast","Melbourne","Gold Coast","QantasLink","Dec-23",15,14,1,12,12,2,2,2023,12
"Gold Coast-Adelaide","Gold Coast","Adelaide","QantasLink","Dec-23",8,8,0,6,7,2,1,2023,12
"Gold Coast-Melbourne","Gold Coast","Melbourne","QantasLink","Dec-23",15,14,1,11,11,3,3,2023,12
"Darwin-Melbourne","Darwin","Melbourne","QantasLink","Dec-23",31,31,0,28,16,3,15,2023,12
"Melbourne-Darwin","Melbourne","Darwin","QantasLink","Dec-23",31,31,0,11,7,20,24,2023,12
"Gold Coast-Sydney","Gold Coast","Sydney","QantasLink","Dec-23",18,15,3,12,14,3,1,2023,12
"Sydney-Gold Coast","Sydney","Gold Coast","QantasLink","Dec-23",18,15,3,13,14,2,1,2023,12
"Adelaide-Alice Springs","Adelaide","Alice Springs","QantasLink","Dec-23",43,43,0,38,38,5,5,2023,12
"Adelaide-Brisbane","Adelaide","Brisbane","QantasLink","Dec-23",173,168,5,122,111,46,57,2023,12
"Adelaide-Canberra","Adelaide","Canberra","QantasLink","Dec-23",80,80,0,65,67,15,13,2023,12
"Adelaide-Melbourne","Adelaide","Melbourne","QantasLink","Dec-23",12,12,0,11,11,1,1,2023,12
"Adelaide-Port Lincoln","Adelaide","Port Lincoln","QantasLink","Dec-23",127,124,3,105,109,19,15,2023,12
"Albury-Sydney","Albury","Sydney","QantasLink","Dec-23",99,97,2,58,57,39,40,2023,12
"Alice Springs-Adelaide","Alice Springs","Adelaide","QantasLink","Dec-23",43,43,0,32,29,11,14,2023,12
"Ballina-Sydney","Ballina","Sydney","QantasLink","Dec-23",56,55,1,38,39,17,16,2023,12
"Brisbane-Adelaide","Brisbane","Adelaide","QantasLink","Dec-23",173,166,7,104,108,62,58,2023,12
"Brisbane-Cairns","Brisbane","Cairns","QantasLink","Dec-23",61,55,6,24,23,31,32,2023,12
"Brisbane-Canberra","Brisbane","Canberra","QantasLink","Dec-23",142,142,0,105,98,37,44,2023,12
"Brisbane-Emerald","Brisbane","Emerald","QantasLink","Dec-23",109,104,5,71,79,33,25,2023,12
"Brisbane-Gladstone","Brisbane","Gladstone","QantasLink","Dec-23",122,109,13,63,62,46,47,2023,12
"Brisbane-Hobart","Brisbane","Hobart","QantasLink","Dec-23",15,15,0,9,8,6,7,2023,12
"Brisbane-Mackay","Brisbane","Mackay","QantasLink","Dec-23",128,126,2,54,54,72,72,2023,12
"Brisbane-Newcastle","Brisbane","Newcastle","QantasLink","Dec-23",115,108,7,73,64,35,44,2023,12
"Brisbane-Proserpine","Brisbane","Proserpine","QantasLink","Dec-23",22,20,2,15,16,5,4,2023,12
"Brisbane-Rockhampton","Brisbane","Rockhampton","QantasLink","Dec-23",176,164,12,99,104,65,60,2023,12
"Brisbane-Townsville","Brisbane","Townsville","QantasLink","Dec-23",81,80,1,45,43,35,37,2023,12
"Broome-Perth","Broome","Perth","QantasLink","Dec-23",83,82,1,61,60,21,22,2023,12
"Cairns-Brisbane","Cairns","Brisbane","QantasLink","Dec-23",61,54,7,20,19,34,35,2023,12
"Cairns-Townsville","Cairns","Townsville","QantasLink","Dec-23",143,121,22,102,100,19,21,2023,12
"Canberra-Adelaide","Canberra","Adelaide","QantasLink","Dec-23",81,81,0,57,61,24,20,2023,12
"Canberra-Brisbane","Canberra","Brisbane","QantasLink","Dec-23",142,142,0,103,98,39,44,2023,12
"Canberra-Melbourne","Canberra","Melbourne","QantasLink","Dec-23",205,201,4,114,115,87,86,2023,12
"Canberra-Sydney","Canberra","Sydney","QantasLink","Dec-23",336,315,21,199,201,116,114,2023,12
"Coffs Harbour-Sydney","Coffs Harbour","Sydney","QantasLink","Dec-23",108,103,5,75,72,28,31,2023,12
"Darwin-Perth","Darwin","Perth","QantasLink","Dec-23",31,31,0,21,21,10,10,2023,12
"Devonport-Melbourne","Devonport","Melbourne","QantasLink","Dec-23",121,120,1,93,86,27,34,2023,12
"Dubbo-Sydney","Dubbo","Sydney","QantasLink","Dec-23",105,101,4,84,83,17,18,2023,12
"Emerald-Brisbane","Emerald","Brisbane","QantasLink","Dec-23",109,101,8,70,63,31,38,2023,12
"Gladstone-Brisbane","Gladstone","Brisbane","QantasLink","Dec-23",122,105,17,62,57,43,48,2023,12
"Hobart-Brisbane","Hobart","Brisbane","QantasLink","Dec-23",15,15,0,8,6,7,9,2023,12
"Hobart-Melbourne","Hobart","Melbourne","QantasLink","Dec-23",57,56,1,39,32,17,24,2023,12
"Hobart-Sydney","Hobart","Sydney","QantasLink","Dec-23",62,62,0,50,45,12,17,2023,12
"Kalgoorlie-Perth","Kalgoorlie","Perth","QantasLink","Dec-23",52,49,3,37,34,12,15,2023,12
"Karratha-Perth","Karratha","Perth","QantasLink","Dec-23",128,125,3,91,87,34,38,2023,12
"Launceston-Melbourne","Launceston","Melbourne","QantasLink","Dec-23",102,95,7,71,68,24,27,2023,12
"Launceston-Sydney","Launceston","Sydney","QantasLink","Dec-23",42,40,2,34,32,6,8,2023,12
"Mackay-Brisbane","Mackay","Brisbane","QantasLink","Dec-23",131,126,5,55,49,71,77,2023,12
"Melbourne-Adelaide","Melbourne","Adelaide","QantasLink","Dec-23",12,12,0,6,6,6,6,2023,12
"Melbourne-Canberra","Melbourne","Canberra","QantasLink","Dec-23",205,202,3,132,123,70,79,2023,12
"Melbourne-Devonport","Melbourne","Devonport","QantasLink","Dec-23",120,120,0,79,85,41,35,2023,12
"Melbourne-Hobart","Melbourne","Hobart","QantasLink","Dec-23",57,56,1,46,41,10,15,2023,12
"Melbourne-Launceston","Melbourne","Launceston","QantasLink","Dec-23",102,96,6,63,56,33,40,2023,12
"Melbourne-Mildura","Melbourne","Mildura","QantasLink","Dec-23",104,102,2,65,53,37,49,2023,12
"Melbourne-Newcastle","Melbourne","Newcastle","QantasLink","Dec-23",42,39,3,30,25,9,14,2023,12
"Mildura-Melbourne","Mildura","Melbourne","QantasLink","Dec-23",105,102,3,50,58,52,44,2023,12
"Newcastle-Brisbane","Newcastle","Brisbane","QantasLink","Dec-23",115,107,8,75,75,32,32,2023,12
"Newcastle-Melbourne","Newcastle","Melbourne","QantasLink","Dec-23",42,38,4,20,19,18,19,2023,12
"Newman-Perth","Newman","Perth","QantasLink","Dec-23",91,88,3,60,56,28,32,2023,12
"Perth-Broome","Perth","Broome","QantasLink","Dec-23",83,82,1,63,67,19,15,2023,12
"Perth-Darwin","Perth","Darwin","QantasLink","Dec-23",31,31,0,30,28,1,3,2023,12
"Perth-Kalgoorlie","Perth","Kalgoorlie","QantasLink","Dec-23",52,51,1,37,38,14,13,2023,12
"Perth-Karratha","Perth","Karratha","QantasLink","Dec-23",128,126,2,98,95,28,31,2023,12
"Perth-Newman","Perth","Newman","QantasLink","Dec-23",91,89,2,75,70,14,19,2023,12
"Perth-Port Hedland","Perth","Port Hedland","QantasLink","Dec-23",125,124,1,104,96,20,28,2023,12
"Port Hedland-Perth","Port Hedland","Perth","QantasLink","Dec-23",124,123,1,91,85,32,38,2023,12
"Port Lincoln-Adelaide","Port Lincoln","Adelaide","QantasLink","Dec-23",127,123,4,110,108,13,15,2023,12
"Port Macquarie-Sydney","Port Macquarie","Sydney","QantasLink","Dec-23",109,106,3,80,79,26,27,2023,12
"Proserpine-Brisbane","Proserpine","Brisbane","QantasLink","Dec-23",23,20,3,14,14,6,6,2023,12
"Rockhampton-Brisbane","Rockhampton","Brisbane","QantasLink","Dec-23",177,163,14,95,91,68,72,2023,12
"Sydney-Albury","Sydney","Albury","QantasLink","Dec-23",98,96,2,57,55,39,41,2023,12
"Sydney-Ballina","Sydney","Ballina","QantasLink","Dec-23",55,55,0,32,32,23,23,2023,12
"Sydney-Canberra","Sydney","Canberra","QantasLink","Dec-23",335,316,19,207,207,109,109,2023,12
"Sydney-Coffs Harbour","Sydney","Coffs Harbour","QantasLink","Dec-23",107,102,5,63,64,39,38,2023,12
"Sydney-Dubbo","Sydney","Dubbo","QantasLink","Dec-23",104,101,3,66,74,35,27,2023,12
"Sydney-Hobart","Sydney","Hobart","QantasLink","Dec-23",62,62,0,41,46,21,16,2023,12
"Sydney-Launceston","Sydney","Launceston","QantasLink","Dec-23",42,40,2,33,35,7,5,2023,12
"Sydney-Port Macquarie","Sydney","Port Macquarie","QantasLink","Dec-23",108,107,1,73,79,34,28,2023,12
"Sydney-Wagga Wagga","Sydney","Wagga Wagga","QantasLink","Dec-23",98,92,6,51,58,41,34,2023,12
"Townsville-Brisbane","Townsville","Brisbane","QantasLink","Dec-23",80,79,1,38,30,41,49,2023,12
"Townsville-Cairns","Townsville","Cairns","QantasLink","Dec-23",143,125,18,97,97,28,28,2023,12
"Wagga Wagga-Sydney","Wagga Wagga","Sydney","QantasLink","Dec-23",99,93,6,61,67,32,26,2023,12
"Adelaide-Melbourne","Adelaide","Melbourne","Rex Airlines","Dec-23",55,55,0,42,40,13,15,2023,12
"Adelaide-Port Lincoln","Adelaide","Port Lincoln","Rex Airlines","Dec-23",144,144,0,121,115,23,29,2023,12
"Albury-Sydney","Albury","Sydney","Rex Airlines","Dec-23",77,77,0,64,59,13,18,2023,12
"Brisbane-Melbourne","Brisbane","Melbourne","Rex Airlines","Dec-23",72,72,0,32,36,40,36,2023,12
"Brisbane-Sydney","Brisbane","Sydney","Rex Airlines","Dec-23",145,142,3,94,97,48,45,2023,12
"Cairns-Townsville","Cairns","Townsville","Rex Airlines","Dec-23",12,11,1,8,8,3,3,2023,12
"Canberra-Melbourne","Canberra","Melbourne","Rex Airlines","Dec-23",29,29,0,13,12,16,17,2023,12
"Coffs Harbour-Sydney","Coffs Harbour","Sydney","Rex Airlines","Dec-23",84,84,0,57,49,27,35,2023,12
"Devonport-Melbourne","Devonport","Melbourne","Rex Airlines","Dec-23",48,47,1,39,35,8,12,2023,12
"Dubbo-Sydney","Dubbo","Sydney","Rex Airlines","Dec-23",104,103,1,72,61,31,42,2023,12
"Gold Coast-Melbourne","Gold Coast","Melbourne","Rex Airlines","Dec-23",31,31,0,19,20,12,11,2023,12
"Gold Coast-Sydney","Gold Coast","Sydney","Rex Airlines","Dec-23",31,31,0,14,17,17,14,2023,12
"Melbourne-Adelaide","Melbourne","Adelaide","Rex Airlines","Dec-23",54,54,0,34,30,20,24,2023,12
"Melbourne-Brisbane","Melbourne","Brisbane","Rex Airlines","Dec-23",72,72,0,41,35,31,37,2023,12
"Melbourne-Canberra","Melbourne","Canberra","Rex Airlines","Dec-23",29,29,0,21,17,8,12,2023,12
"Melbourne-Devonport","Melbourne","Devonport","Rex Airlines","Dec-23",48,47,1,43,44,4,3,2023,12
"Melbourne-Gold Coast","Melbourne","Gold Coast","Rex Airlines","Dec-23",31,31,0,26,22,5,9,2023,12
"Melbourne-Mildura","Melbourne","Mildura","Rex Airlines","Dec-23",86,86,0,59,52,27,34,2023,12
"Melbourne-Sydney","Melbourne","Sydney","Rex Airlines","Dec-23",200,200,0,140,136,60,64,2023,12
"Mildura-Melbourne","Mildura","Melbourne","Rex Airlines","Dec-23",87,87,0,51,47,36,40,2023,12
"Port Lincoln-Adelaide","Port Lincoln","Adelaide","Rex Airlines","Dec-23",145,145,0,116,116,29,29,2023,12
"Port Macquarie-Sydney","Port Macquarie","Sydney","Rex Airlines","Dec-23",69,69,0,53,48,16,21,2023,12
"Sydney-Albury","Sydney","Albury","Rex Airlines","Dec-23",77,77,0,64,61,13,16,2023,12
"Sydney-Brisbane","Sydney","Brisbane","Rex Airlines","Dec-23",146,145,1,88,86,57,59,2023,12
"Sydney-Coffs Harbour","Sydney","Coffs Harbour","Rex Airlines","Dec-23",83,83,0,56,66,27,17,2023,12
"Sydney-Dubbo","Sydney","Dubbo","Rex Airlines","Dec-23",104,104,0,79,83,25,21,2023,12
"Sydney-Gold Coast","Sydney","Gold Coast","Rex Airlines","Dec-23",31,31,0,21,19,10,12,2023,12
"Sydney-Melbourne","Sydney","Melbourne","Rex Airlines","Dec-23",200,200,0,131,124,69,76,2023,12
"Sydney-Port Macquarie","Sydney","Port Macquarie","Rex Airlines","Dec-23",68,68,0,47,49,21,19,2023,12
"Sydney-Wagga Wagga","Sydney","Wagga Wagga","Rex Airlines","Dec-23",77,77,0,62,61,15,16,2023,12
"Townsville-Cairns","Townsville","Cairns","Rex Airlines","Dec-23",11,11,0,10,10,1,1,2023,12
"Wagga Wagga-Sydney","Wagga Wagga","Sydney","Rex Airlines","Dec-23",77,76,1,65,58,11,18,2023,12
"Sydney-Adelaide","Sydney","Adelaide","Rex Airlines","Dec-23",31,31,0,13,11,18,20,2023,12
"Adelaide-Sydney","Adelaide","Sydney","Rex Airlines","Dec-23",31,31,0,11,15,20,16,2023,12
"Melbourne-Hobart","Melbourne","Hobart","Rex Airlines","Dec-23",42,42,0,31,31,11,11,2023,12
"Hobart-Melbourne","Hobart","Melbourne","Rex Airlines","Dec-23",42,42,0,30,28,12,14,2023,12
"Adelaide-Alice Springs","Adelaide","Alice Springs","Virgin Australia","Dec-23",13,12,1,8,6,4,6,2023,12
"Adelaide-Brisbane","Adelaide","Brisbane","Virgin Australia","Dec-23",137,125,12,76,81,49,44,2023,12
"Adelaide-Canberra","Adelaide","Canberra","Virgin Australia","Dec-23",16,15,1,10,10,5,5,2023,12
"Adelaide-Gold Coast","Adelaide","Gold Coast","Virgin Australia","Dec-23",41,41,0,30,30,11,11,2023,12
"Adelaide-Melbourne","Adelaide","Melbourne","Virgin Australia","Dec-23",247,233,14,133,131,100,102,2023,12
"Adelaide-Perth","Adelaide","Perth","Virgin Australia","Dec-23",41,36,5,10,7,26,29,2023,12
"Adelaide-Sydney","Adelaide","Sydney","Virgin Australia","Dec-23",180,162,18,97,91,65,71,2023,12
"Alice Springs-Adelaide","Alice Springs","Adelaide","Virgin Australia","Dec-23",13,12,1,1,3,11,9,2023,12
"Ballina-Sydney","Ballina","Sydney","Virgin Australia","Dec-23",47,45,2,32,36,13,9,2023,12
"Brisbane-Adelaide","Brisbane","Adelaide","Virgin Australia","Dec-23",135,123,12,69,72,54,51,2023,12
"Brisbane-Cairns","Brisbane","Cairns","Virgin Australia","Dec-23",146,126,20,65,63,61,63,2023,12
"Brisbane-Canberra","Brisbane","Canberra","Virgin Australia","Dec-23",94,92,2,50,57,42,35,2023,12
"Brisbane-Darwin","Brisbane","Darwin","Virgin Australia","Dec-23",31,31,0,24,24,7,7,2023,12
"Brisbane-Emerald","Brisbane","Emerald","Virgin Australia","Dec-23",25,25,0,15,16,10,9,2023,12
"Brisbane-Gladstone","Brisbane","Gladstone","Virgin Australia","Dec-23",47,44,3,24,27,20,17,2023,12
"Brisbane-Hamilton Island","Brisbane","Hamilton Island","Virgin Australia","Dec-23",46,44,2,31,31,13,13,2023,12
"Brisbane-Hobart","Brisbane","Hobart","Virgin Australia","Dec-23",56,54,2,29,31,25,23,2023,12
"Brisbane-Launceston","Brisbane","Launceston","Virgin Australia","Dec-23",29,26,3,8,10,18,16,2023,12
"Brisbane-Mackay","Brisbane","Mackay","Virgin Australia","Dec-23",137,134,3,62,51,72,83,2023,12
"Brisbane-Melbourne","Brisbane","Melbourne","Virgin Australia","Dec-23",384,344,40,172,164,172,180,2023,12
"Brisbane-Mount Isa","Brisbane","Mount Isa","Virgin Australia","Dec-23",13,13,0,10,7,3,6,2023,12
"Brisbane-Newcastle","Brisbane","Newcastle","Virgin Australia","Dec-23",75,73,2,32,29,41,44,2023,12
"Brisbane-Perth","Brisbane","Perth","Virgin Australia","Dec-23",129,115,14,54,57,61,58,2023,12
"Brisbane-Proserpine","Brisbane","Proserpine","Virgin Australia","Dec-23",47,46,1,35,34,11,12,2023,12
"Brisbane-Rockhampton","Brisbane","Rockhampton","Virgin Australia","Dec-23",121,120,1,59,58,61,62,2023,12
"Brisbane-Sydney","Brisbane","Sydney","Virgin Australia","Dec-23",447,400,47,225,222,175,178,2023,12
"Brisbane-Townsville","Brisbane","Townsville","Virgin Australia","Dec-23",143,139,4,64,56,75,83,2023,12
"Broome-Perth","Broome","Perth","Virgin Australia","Dec-23",21,20,1,11,12,9,8,2023,12
"Cairns-Brisbane","Cairns","Brisbane","Virgin Australia","Dec-23",148,126,22,58,61,68,65,2023,12
"Cairns-Melbourne","Cairns","Melbourne","Virgin Australia","Dec-23",80,66,14,37,39,29,27,2023,12
"Cairns-Sydney","Cairns","Sydney","Virgin Australia","Dec-23",96,78,18,37,42,41,36,2023,12
"Canberra-Adelaide","Canberra","Adelaide","Virgin Australia","Dec-23",16,15,1,8,8,7,7,2023,12
"Canberra-Brisbane","Canberra","Brisbane","Virgin Australia","Dec-23",94,93,1,42,44,51,49,2023,12
"Canberra-Gold Coast","Canberra","Gold Coast","Virgin Australia","Dec-23",31,31,0,18,19,13,12,2023,12
"Canberra-Melbourne","Canberra","Melbourne","Virgin Australia","Dec-23",113,111,2,41,39,70,72,2023,12
"Canberra-Sydney","Canberra","Sydney","Virgin Australia","Dec-23",216,208,8,130,144,78,64,2023,12
"Darwin-Brisbane","Darwin","Brisbane","Virgin Australia","Dec-23",31,30,1,9,13,21,17,2023,12
"Darwin-Melbourne","Darwin","Melbourne","Virgin Australia","Dec-23",31,29,2,5,9,24,20,2023,12
"Darwin-Perth","Darwin","Perth","Virgin Australia","Dec-23",14,14,0,9,10,5,4,2023,12
"Emerald-Brisbane","Emerald","Brisbane","Virgin Australia","Dec-23",25,25,0,13,11,12,14,2023,12
"Gladstone-Brisbane","Gladstone","Brisbane","Virgin Australia","Dec-23",47,44,3,20,15,24,29,2023,12
"Gold Coast-Adelaide","Gold Coast","Adelaide","Virgin Australia","Dec-23",41,40,1,17,21,23,19,2023,12
"Gold Coast-Canberra","Gold Coast","Canberra","Virgin Australia","Dec-23",31,31,0,12,12,19,19,2023,12
"Gold Coast-Melbourne","Gold Coast","Melbourne","Virgin Australia","Dec-23",317,287,30,116,133,171,154,2023,12
"Gold Coast-Sydney","Gold Coast","Sydney","Virgin Australia","Dec-23",326,306,20,162,177,144,129,2023,12
"Hamilton Island-Brisbane","Hamilton Island","Brisbane","Virgin Australia","Dec-23",46,44,2,28,27,16,17,2023,12
"Hamilton Island-Sydney","Hamilton Island","Sydney","Virgin Australia","Dec-23",31,30,1,13,8,17,22,2023,12
"Hobart-Brisbane","Hobart","Brisbane","Virgin Australia","Dec-23",56,54,2,26,23,28,31,2023,12
"Hobart-Melbourne","Hobart","Melbourne","Virgin Australia","Dec-23",128,126,2,73,57,53,69,2023,12
"Hobart-Sydney","Hobart","Sydney","Virgin Australia","Dec-23",78,74,4,51,47,23,27,2023,12
"Kalgoorlie-Perth","Kalgoorlie","Perth","Virgin Australia","Dec-23",66,64,2,45,42,19,22,2023,12
"Karratha-Perth","Karratha","Perth","Virgin Australia","Dec-23",51,51,0,40,41,11,10,2023,12
"Launceston-Brisbane","Launceston","Brisbane","Virgin Australia","Dec-23",29,26,3,5,5,21,21,2023,12
"Launceston-Melbourne","Launceston","Melbourne","Virgin Australia","Dec-23",103,97,6,64,63,33,34,2023,12
"Launceston-Sydney","Launceston","Sydney","Virgin Australia","Dec-23",31,30,1,16,12,14,18,2023,12
"Mackay-Brisbane","Mackay","Brisbane","Virgin Australia","Dec-23",137,132,5,56,43,76,89,2023,12
"Melbourne-Adelaide","Melbourne","Adelaide","Virgin Australia","Dec-23",248,233,15,130,98,103,135,2023,12
"Melbourne-Brisbane","Melbourne","Brisbane","Virgin Australia","Dec-23",386,346,40,193,157,153,189,2023,12
"Melbourne-Cairns","Melbourne","Cairns","Virgin Australia","Dec-23",81,67,14,46,40,21,27,2023,12
"Melbourne-Canberra","Melbourne","Canberra","Virgin Australia","Dec-23",113,113,0,60,56,53,57,2023,12
"Melbourne-Darwin","Melbourne","Darwin","Virgin Australia","Dec-23",31,29,2,10,8,19,21,2023,12
"Melbourne-Gold Coast","Melbourne","Gold Coast","Virgin Australia","Dec-23",315,289,26,162,140,127,149,2023,12
"Melbourne-Hobart","Melbourne","Hobart","Virgin Australia","Dec-23",129,126,3,65,60,61,66,2023,12
"Melbourne-Launceston","Melbourne","Launceston","Virgin Australia","Dec-23",103,97,6,52,48,45,49,2023,12
"Melbourne-Newcastle","Melbourne","Newcastle","Virgin Australia","Dec-23",44,44,0,29,24,15,20,2023,12
"Melbourne-Perth","Melbourne","Perth","Virgin Australia","Dec-23",217,209,8,99,89,110,120,2023,12
"Melbourne-Sunshine Coast","Melbourne","Sunshine Coast","Virgin Australia","Dec-23",98,93,5,62,56,31,37,2023,12
"Melbourne-Sydney","Melbourne","Sydney","Virgin Australia","Dec-23",725,615,110,372,297,243,318,2023,12
"Mount Isa-Brisbane","Mount Isa","Brisbane","Virgin Australia","Dec-23",13,12,1,7,5,5,7,2023,12
"Newcastle-Brisbane","Newcastle","Brisbane","Virgin Australia","Dec-23",76,74,2,39,36,35,38,2023,12
"Newcastle-Melbourne","Newcastle","Melbourne","Virgin Australia","Dec-23",44,44,0,22,18,22,26,2023,12
"Newman-Perth","Newman","Perth","Virgin Australia","Dec-23",42,39,3,27,23,12,16,2023,12
"Perth-Adelaide","Perth","Adelaide","Virgin Australia","Dec-23",42,38,4,23,15,15,23,2023,12
"Perth-Brisbane","Perth","Brisbane","Virgin Australia","Dec-23",132,122,10,65,80,57,42,2023,12
"Perth-Broome","Perth","Broome","Virgin Australia","Dec-23",21,20,1,13,13,7,7,2023,12
"Perth-Darwin","Perth","Darwin","Virgin Australia","Dec-23",14,14,0,11,12,3,2,2023,12
"Perth-Kalgoorlie","Perth","Kalgoorlie","Virgin Australia","Dec-23",66,64,2,50,49,14,15,2023,12
"Perth-Karratha","Perth","Karratha","Virgin Australia","Dec-23",51,51,0,44,45,7,6,2023,12
"Perth-Melbourne","Perth","Melbourne","Virgin Australia","Dec-23",227,218,9,133,134,85,84,2023,12
"Perth-Newman","Perth","Newman","Virgin Australia","Dec-23",42,39,3,36,34,3,5,2023,12
"Perth-Port Hedland","Perth","Port Hedland","Virgin Australia","Dec-23",34,32,2,25,24,7,8,2023,12
"Perth-Sydney","Perth","Sydney","Virgin Australia","Dec-23",172,158,14,90,97,68,61,2023,12
"Port Hedland-Perth","Port Hedland","Perth","Virgin Australia","Dec-23",33,32,1,22,24,10,8,2023,12
"Proserpine-Brisbane","Proserpine","Brisbane","Virgin Australia","Dec-23",47,46,1,31,25,15,21,2023,12
"Rockhampton-Brisbane","Rockhampton","Brisbane","Virgin Australia","Dec-23",121,120,1,73,54,47,66,2023,12
"Sunshine Coast-Melbourne","Sunshine Coast","Melbourne","Virgin Australia","Dec-23",98,93,5,54,39,39,54,2023,12
"Sunshine Coast-Sydney","Sunshine Coast","Sydney","Virgin Australia","Dec-23",70,70,0,40,35,30,35,2023,12
"Sydney-Adelaide","Sydney","Adelaide","Virgin Australia","Dec-23",180,164,16,97,96,67,68,2023,12
"Sydney-Ballina","Sydney","Ballina","Virgin Australia","Dec-23",47,45,2,37,33,8,12,2023,12
"Sydney-Brisbane","Sydney","Brisbane","Virgin Australia","Dec-23",441,389,52,248,239,141,150,2023,12
"Sydney-Cairns","Sydney","Cairns","Virgin Australia","Dec-23",96,78,18,54,49,24,29,2023,12
"Sydney-Canberra","Sydney","Canberra","Virgin Australia","Dec-23",216,208,8,138,157,70,51,2023,12
"Sydney-Gold Coast","Sydney","Gold Coast","Virgin Australia","Dec-23",326,307,19,182,167,125,140,2023,12
"Sydney-Hamilton Island","Sydney","Hamilton Island","Virgin Australia","Dec-23",31,30,1,23,17,7,13,2023,12
"Sydney-Hobart","Sydney","Hobart","Virgin Australia","Dec-23",78,74,4,59,59,15,15,2023,12
"Sydney-Launceston","Sydney","Launceston","Virgin Australia","Dec-23",31,31,0,18,19,13,12,2023,12
"Sydney-Melbourne","Sydney","Melbourne","Virgin Australia","Dec-23",719,608,111,333,307,275,301,2023,12
"Sydney-Perth","Sydney","Perth","Virgin Australia","Dec-23",184,173,11,78,87,95,86,2023,12
"Sydney-Sunshine Coast","Sydney","Sunshine Coast","Virgin Australia","Dec-23",70,70,0,49,44,21,26,2023,12
"Townsville-Brisbane","Townsville","Brisbane","Virgin Australia","Dec-23",143,139,4,52,51,87,88,2023,12
"Adelaide-Perth","Adelaide","Perth","Virgin Australia Regional Airlines","Dec-23",42,40,2,14,15,26,25,2023,12
"Broome-Perth","Broome","Perth","Virgin Australia Regional Airlines","Dec-23",16,16,0,8,12,8,4,2023,12
"Darwin-Perth","Darwin","Perth","Virgin Australia Regional Airlines","Dec-23",11,11,0,7,6,4,5,2023,12
"Kalgoorlie-Perth","Kalgoorlie","Perth","Virgin Australia Regional Airlines","Dec-23",17,17,0,14,14,3,3,2023,12
"Karratha-Perth","Karratha","Perth","Virgin Australia Regional Airlines","Dec-23",11,10,1,6,6,4,4,2023,12
"Newman-Perth","Newman","Perth","Virgin Australia Regional Airlines","Dec-23",11,11,0,8,8,3,3,2023,12
"Perth-Adelaide","Perth","Adelaide","Virgin Australia Regional Airlines","Dec-23",42,40,2,24,22,16,18,2023,12
"Perth-Broome","Perth","Broome","Virgin Australia Regional Airlines","Dec-23",16,16,0,13,16,3,0,2023,12
"Perth-Darwin","Perth","Darwin","Virgin Australia Regional Airlines","Dec-23",11,11,0,8,7,3,4,2023,12
"Perth-Kalgoorlie","Perth","Kalgoorlie","Virgin Australia Regional Airlines","Dec-23",17,17,0,14,14,3,3,2023,12
"Perth-Karratha","Perth","Karratha","Virgin Australia Regional Airlines","Dec-23",11,10,1,7,7,3,3,2023,12
"Perth-Newman","Perth","Newman","Virgin Australia Regional Airlines","Dec-23",11,11,0,9,8,2,3,2023,12
"Perth-Port Hedland","Perth","Port Hedland","Virgin Australia Regional Airlines","Dec-23",23,22,1,15,17,7,5,2023,12
"Port Hedland-Perth","Port Hedland","Perth","Virgin Australia Regional Airlines","Dec-23",23,22,1,11,13,11,9,2023,12
"Adelaide-Alice Springs","Adelaide","Alice Springs","All Airlines","Dec-23",56,55,1,46,44,9,11,2023,12
"Adelaide-Brisbane","Adelaide","Brisbane","All Airlines","Dec-23",340,323,17,216,210,107,113,2023,12
"Adelaide-Canberra","Adelaide","Canberra","All Airlines","Dec-23",96,95,1,75,77,20,18,2023,12
"Adelaide-Gold Coast","Adelaide","Gold Coast","All Airlines","Dec-23",82,80,2,62,61,18,19,2023,12
"Adelaide-Melbourne","Adelaide","Melbourne","All Airlines","Dec-23",653,631,22,389,371,242,260,2023,12
"Adelaide-Perth","Adelaide","Perth","All Airlines","Dec-23",207,200,7,116,111,84,89,2023,12
"Adelaide-Port Lincoln","Adelaide","Port Lincoln","All Airlines","Dec-23",271,268,3,226,224,42,44,2023,12
"Adelaide-Sydney","Adelaide","Sydney","All Airlines","Dec-23",565,530,35,350,349,180,181,2023,12
"Albury-Sydney","Albury","Sydney","All Airlines","Dec-23",176,174,2,122,116,52,58,2023,12
"Alice Springs-Adelaide","Alice Springs","Adelaide","All Airlines","Dec-23",56,55,1,33,32,22,23,2023,12
"Ballina-Sydney","Ballina","Sydney","All Airlines","Dec-23",192,189,3,134,142,55,47,2023,12
"Brisbane-Adelaide","Brisbane","Adelaide","All Airlines","Dec-23",342,319,23,186,195,133,124,2023,12
"Brisbane-Cairns","Brisbane","Cairns","All Airlines","Dec-23",394,347,47,211,212,136,135,2023,12
"Brisbane-Canberra","Brisbane","Canberra","All Airlines","Dec-23",267,265,2,168,169,97,96,2023,12
"Brisbane-Darwin","Brisbane","Darwin","All Airlines","Dec-23",99,96,3,64,61,32,35,2023,12
"Brisbane-Emerald","Brisbane","Emerald","All Airlines","Dec-23",134,129,5,86,95,43,34,2023,12
"Brisbane-Gladstone","Brisbane","Gladstone","All Airlines","Dec-23",169,153,16,87,89,66,64,2023,12
"Brisbane-Hamilton Island","Brisbane","Hamilton Island","All Airlines","Dec-23",76,74,2,55,56,19,18,2023,12
"Brisbane-Hobart","Brisbane","Hobart","All Airlines","Dec-23",121,118,3,76,78,42,40,2023,12
"Brisbane-Launceston","Brisbane","Launceston","All Airlines","Dec-23",66,63,3,19,22,44,41,2023,12
"Brisbane-Mackay","Brisbane","Mackay","All Airlines","Dec-23",318,313,5,157,148,156,165,2023,12
"Brisbane-Melbourne","Brisbane","Melbourne","All Airlines","Dec-23",969,908,61,537,520,371,388,2023,12
"Brisbane-Mount Isa","Brisbane","Mount Isa","All Airlines","Dec-23",63,63,0,56,54,7,9,2023,12
"Brisbane-Newcastle","Brisbane","Newcastle","All Airlines","Dec-23",249,238,11,152,140,86,98,2023,12
"Brisbane-Perth","Brisbane","Perth","All Airlines","Dec-23",306,289,17,176,187,113,102,2023,12
"Brisbane-Proserpine","Brisbane","Proserpine","All Airlines","Dec-23",118,114,4,71,75,43,39,2023,12
"Brisbane-Rockhampton","Brisbane","Rockhampton","All Airlines","Dec-23",297,284,13,158,162,126,122,2023,12
"Brisbane-Sydney","Brisbane","Sydney","All Airlines","Dec-23",1273,1188,85,803,801,385,387,2023,12
"Brisbane-Townsville","Brisbane","Townsville","All Airlines","Dec-23",328,323,5,179,165,144,158,2023,12
"Broome-Perth","Broome","Perth","All Airlines","Dec-23",120,118,2,80,84,38,34,2023,12
"Cairns-Brisbane","Cairns","Brisbane","All Airlines","Dec-23",398,348,50,202,207,146,141,2023,12
"Cairns-Melbourne","Cairns","Melbourne","All Airlines","Dec-23",229,198,31,125,128,73,70,2023,12
"Cairns-Sydney","Cairns","Sydney","All Airlines","Dec-23",268,229,39,131,136,98,93,2023,12
"Cairns-Townsville","Cairns","Townsville","All Airlines","Dec-23",155,132,23,110,108,22,24,2023,12
"Canberra-Adelaide","Canberra","Adelaide","All Airlines","Dec-23",97,96,1,65,69,31,27,2023,12
"Canberra-Brisbane","Canberra","Brisbane","All Airlines","Dec-23",268,266,2,157,154,109,112,2023,12
"Canberra-Gold Coast","Canberra","Gold Coast","All Airlines","Dec-23",54,54,0,30,36,24,18,2023,12
"Canberra-Melbourne","Canberra","Melbourne","All Airlines","Dec-23",384,378,6,184,186,194,192,2023,12
"Canberra-Sydney","Canberra","Sydney","All Airlines","Dec-23",560,531,29,337,353,194,178,2023,12
"Coffs Harbour-Sydney","Coffs Harbour","Sydney","All Airlines","Dec-23",192,187,5,132,121,55,66,2023,12
"Darwin-Brisbane","Darwin","Brisbane","All Airlines","Dec-23",97,93,4,43,48,50,45,2023,12
"Darwin-Melbourne","Darwin","Melbourne","All Airlines","Dec-23",85,83,2,40,33,43,50,2023,12
"Darwin-Perth","Darwin","Perth","All Airlines","Dec-23",56,56,0,37,37,19,19,2023,12
"Devonport-Melbourne","Devonport","Melbourne","All Airlines","Dec-23",169,167,2,132,121,35,46,2023,12
"Dubbo-Sydney","Dubbo","Sydney","All Airlines","Dec-23",209,204,5,156,144,48,60,2023,12
"Emerald-Brisbane","Emerald","Brisbane","All Airlines","Dec-23",134,126,8,83,74,43,52,2023,12
"Gladstone-Brisbane","Gladstone","Brisbane","All Airlines","Dec-23",169,149,20,82,72,67,77,2023,12
"Gold Coast-Adelaide","Gold Coast","Adelaide","All Airlines","Dec-23",82,79,3,47,54,32,25,2023,12
"Gold Coast-Canberra","Gold Coast","Canberra","All Airlines","Dec-23",54,54,0,29,30,25,24,2023,12
"Gold Coast-Melbourne","Gold Coast","Melbourne","All Airlines","Dec-23",665,610,55,308,340,302,270,2023,12
"Gold Coast-Sydney","Gold Coast","Sydney","All Airlines","Dec-23",748,712,36,432,454,280,258,2023,12
"Hamilton Island-Brisbane","Hamilton Island","Brisbane","All Airlines","Dec-23",76,74,2,47,46,27,28,2023,12
"Hamilton Island-Sydney","Hamilton Island","Sydney","All Airlines","Dec-23",84,83,1,41,38,42,45,2023,12
"Hobart-Brisbane","Hobart","Brisbane","All Airlines","Dec-23",121,118,3,64,56,54,62,2023,12
"Hobart-Melbourne","Hobart","Melbourne","All Airlines","Dec-23",495,481,14,301,279,180,202,2023,12
"Hobart-Sydney","Hobart","Sydney","All Airlines","Dec-23",266,261,5,188,178,73,83,2023,12
"Kalgoorlie-Perth","Kalgoorlie","Perth","All Airlines","Dec-23",150,144,6,108,101,36,43,2023,12
"Karratha-Perth","Karratha","Perth","All Airlines","Dec-23",196,192,4,142,138,50,54,2023,12
"Launceston-Brisbane","Launceston","Brisbane","All Airlines","Dec-23",68,64,4,16,21,48,43,2023,12
"Launceston-Melbourne","Launceston","Melbourne","All Airlines","Dec-23",359,340,19,212,215,128,125,2023,12
"Launceston-Sydney","Launceston","Sydney","All Airlines","Dec-23",132,129,3,93,88,36,41,2023,12
"Mackay-Brisbane","Mackay","Brisbane","All Airlines","Dec-23",321,311,10,149,128,162,183,2023,12
"Melbourne-Adelaide","Melbourne","Adelaide","All Airlines","Dec-23",652,632,20,389,340,243,292,2023,12
"Melbourne-Brisbane","Melbourne","Brisbane","All Airlines","Dec-23",973,913,60,540,487,373,426,2023,12
"Melbourne-Cairns","Melbourne","Cairns","All Airlines","Dec-23",232,201,31,131,119,70,82,2023,12
"Melbourne-Canberra","Melbourne","Canberra","All Airlines","Dec-23",385,382,3,236,215,146,167,2023,12
"Melbourne-Darwin","Melbourne","Darwin","All Airlines","Dec-23",85,83,2,37,30,46,53,2023,12
"Melbourne-Devonport","Melbourne","Devonport","All Airlines","Dec-23",168,167,1,122,129,45,38,2023,12
"Melbourne-Gold Coast","Melbourne","Gold Coast","All Airlines","Dec-23",663,614,49,377,338,237,276,2023,12
"Melbourne-Hobart","Melbourne","Hobart","All Airlines","Dec-23",495,480,15,313,300,167,180,2023,12
"Melbourne-Launceston","Melbourne","Launceston","All Airlines","Dec-23",357,341,16,204,196,137,145,2023,12
"Melbourne-Mildura","Melbourne","Mildura","All Airlines","Dec-23",199,196,3,126,107,70,89,2023,12
"Melbourne-Newcastle","Melbourne","Newcastle","All Airlines","Dec-23",151,147,4,98,85,49,62,2023,12
"Melbourne-Perth","Melbourne","Perth","All Airlines","Dec-23",507,497,10,285,258,212,239,2023,12
"Melbourne-Sunshine Coast","Melbourne","Sunshine Coast","All Airlines","Dec-23",238,233,5,161,147,72,86,2023,12
"Melbourne-Sydney","Melbourne","Sydney","All Airlines","Dec-23",2105,1909,196,1240,1109,669,800,2023,12
"Mildura-Melbourne","Mildura","Melbourne","All Airlines","Dec-23",201,197,4,102,106,95,91,2023,12
"Mount Isa-Brisbane","Mount Isa","Brisbane","All Airlines","Dec-23",64,63,1,49,42,14,21,2023,12
"Newcastle-Brisbane","Newcastle","Brisbane","All Airlines","Dec-23",250,237,13,151,149,86,88,2023,12
"Newcastle-Melbourne","Newcastle","Melbourne","All Airlines","Dec-23",150,145,5,72,65,73,80,2023,12
"Newman-Perth","Newman","Perth","All Airlines","Dec-23",160,153,7,108,102,45,51,2023,12
"Perth-Adelaide","Perth","Adelaide","All Airlines","Dec-23",208,202,6,151,139,51,63,2023,12
"Perth-Brisbane","Perth","Brisbane","All Airlines","Dec-23",308,295,13,185,200,110,95,2023,12
"Perth-Broome","Perth","Broome","All Airlines","Dec-23",120,118,2,89,96,29,22,2023,12
"Perth-Darwin","Perth","Darwin","All Airlines","Dec-23",56,56,0,49,47,7,9,2023,12
"Perth-Kalgoorlie","Perth","Kalgoorlie","All Airlines","Dec-23",150,147,3,115,115,32,32,2023,12
"Perth-Karratha","Perth","Karratha","All Airlines","Dec-23",196,193,3,155,153,38,40,2023,12
"Perth-Melbourne","Perth","Melbourne","All Airlines","Dec-23",517,503,14,288,308,215,195,2023,12
"Perth-Newman","Perth","Newman","All Airlines","Dec-23",160,154,6,133,127,21,27,2023,12
"Perth-Port Hedland","Perth","Port Hedland","All Airlines","Dec-23",182,178,4,144,137,34,41,2023,12
"Perth-Sydney","Perth","Sydney","All Airlines","Dec-23",431,417,14,239,256,178,161,2023,12
"Port Hedland-Perth","Port Hedland","Perth","All Airlines","Dec-23",180,177,3,124,122,53,55,2023,12
"Port Lincoln-Adelaide","Port Lincoln","Adelaide","All Airlines","Dec-23",272,268,4,226,224,42,44,2023,12
"Port Macquarie-Sydney","Port Macquarie","Sydney","All Airlines","Dec-23",178,175,3,133,127,42,48,2023,12
"Proserpine-Brisbane","Proserpine","Brisbane","All Airlines","Dec-23",119,114,5,67,56,47,58,2023,12
"Rockhampton-Brisbane","Rockhampton","Brisbane","All Airlines","Dec-23",298,283,15,168,145,115,138,2023,12
"Sunshine Coast-Melbourne","Sunshine Coast","Melbourne","All Airlines","Dec-23",240,231,9,119,115,112,116,2023,12
"Sunshine Coast-Sydney","Sunshine Coast","Sydney","All Airlines","Dec-23",247,242,5,149,148,93,94,2023,12
"Sydney-Adelaide","Sydney","Adelaide","All Airlines","Dec-23",565,532,33,336,335,196,197,2023,12
"Sydney-Albury","Sydney","Albury","All Airlines","Dec-23",175,173,2,121,116,52,57,2023,12
"Sydney-Ballina","Sydney","Ballina","All Airlines","Dec-23",191,189,2,137,135,52,54,2023,12
"Sydney-Brisbane","Sydney","Brisbane","All Airlines","Dec-23",1268,1184,84,759,738,425,446,2023,12
"Sydney-Cairns","Sydney","Cairns","All Airlines","Dec-23",266,228,38,159,143,69,85,2023,12
"Sydney-Canberra","Sydney","Canberra","All Airlines","Dec-23",559,532,27,353,372,179,160,2023,12
"Sydney-Coffs Harbour","Sydney","Coffs Harbour","All Airlines","Dec-23",190,185,5,119,130,66,55,2023,12
"Sydney-Dubbo","Sydney","Dubbo","All Airlines","Dec-23",208,205,3,145,157,60,48,2023,12
"Sydney-Gold Coast","Sydney","Gold Coast","All Airlines","Dec-23",745,711,34,470,447,241,264,2023,12
"Sydney-Hamilton Island","Sydney","Hamilton Island","All Airlines","Dec-23",85,84,1,58,46,26,38,2023,12
"Sydney-Hobart","Sydney","Hobart","All Airlines","Dec-23",268,263,5,188,201,75,62,2023,12
"Sydney-Launceston","Sydney","Launceston","All Airlines","Dec-23",134,132,2,98,104,34,28,2023,12
"Sydney-Melbourne","Sydney","Melbourne","All Airlines","Dec-23",2099,1902,197,1178,1126,724,776,2023,12
"Sydney-Perth","Sydney","Perth","All Airlines","Dec-23",443,432,11,224,214,208,218,2023,12
"Sydney-Port Macquarie","Sydney","Port Macquarie","All Airlines","Dec-23",176,175,1,120,128,55,47,2023,12
"Sydney-Sunshine Coast","Sydney","Sunshine Coast","All Airlines","Dec-23",248,244,4,167,164,77,80,2023,12
"Sydney-Wagga Wagga","Sydney","Wagga Wagga","All Airlines","Dec-23",175,169,6,113,119,56,50,2023,12
"Townsville-Brisbane","Townsville","Brisbane","All Airlines","Dec-23",329,321,8,152,142,169,179,2023,12
"Townsville-Cairns","Townsville","Cairns","All Airlines","Dec-23",154,136,18,107,107,29,29,2023,12
"Wagga Wagga-Sydney","Wagga Wagga","Sydney","All Airlines","Dec-23",176,169,7,126,125,43,44,2023,12
"Melbourne-Sunshine Coast","Melbourne","Sunshine Coast","Bonza","Jan-24",14,14,0,7,7,7,7,2024,1
"Sunshine Coast-Melbourne","Sunshine Coast","Melbourne","Bonza","Jan-24",14,14,0,8,8,6,6,2024,1
"Melbourne-Mildura","Melbourne","Mildura","Bonza","Jan-24",9,9,0,2,3,7,6,2024,1
"Mildura-Melbourne","Mildura","Melbourne","Bonza","Jan-24",9,9,0,3,3,6,6,2024,1
"Gold Coast-Melbourne","Gold Coast","Melbourne","Bonza","Jan-24",17,17,0,15,12,2,5,2024,1
"Melbourne-Gold Coast","Melbourne","Gold Coast","Bonza","Jan-24",17,17,0,9,8,8,9,2024,1
"Adelaide-Brisbane","Adelaide","Brisbane","Jetstar","Jan-24",31,31,0,28,25,3,6,2024,1
"Adelaide-Gold Coast","Adelaide","Gold Coast","Jetstar","Jan-24",35,35,0,29,30,6,5,2024,1
"Adelaide-Melbourne","Adelaide","Melbourne","Jetstar","Jan-24",116,112,4,71,73,41,39,2024,1
"Adelaide-Perth","Adelaide","Perth","Jetstar","Jan-24",31,31,0,22,26,9,5,2024,1
"Adelaide-Sydney","Adelaide","Sydney","Jetstar","Jan-24",151,146,5,119,123,27,23,2024,1
"Ballina-Sydney","Ballina","Sydney","Jetstar","Jan-24",91,90,1,69,75,21,15,2024,1
"Brisbane-Adelaide","Brisbane","Adelaide","Jetstar","Jan-24",31,31,0,24,26,7,5,2024,1
"Brisbane-Cairns","Brisbane","Cairns","Jetstar","Jan-24",102,100,2,69,72,31,28,2024,1
"Brisbane-Canberra","Brisbane","Canberra","Jetstar","Jan-24",31,31,0,15,17,16,14,2024,1
"Brisbane-Darwin","Brisbane","Darwin","Jetstar","Jan-24",25,25,0,22,21,3,4,2024,1
"Brisbane-Hobart","Brisbane","Hobart","Jetstar","Jan-24",44,43,1,32,31,11,12,2024,1
"Brisbane-Launceston","Brisbane","Launceston","Jetstar","Jan-24",27,27,0,18,18,9,9,2024,1
"Brisbane-Mackay","Brisbane","Mackay","Jetstar","Jan-24",31,31,0,26,27,5,4,2024,1
"Brisbane-Melbourne","Brisbane","Melbourne","Jetstar","Jan-24",214,204,10,116,113,88,91,2024,1
"Brisbane-Newcastle","Brisbane","Newcastle","Jetstar","Jan-24",58,58,0,48,47,10,11,2024,1
"Brisbane-Perth","Brisbane","Perth","Jetstar","Jan-24",28,27,1,6,15,21,12,2024,1
"Brisbane-Proserpine","Brisbane","Proserpine","Jetstar","Jan-24",51,49,2,24,27,25,22,2024,1
"Brisbane-Sydney","Brisbane","Sydney","Jetstar","Jan-24",212,205,7,143,156,62,49,2024,1
"Brisbane-Townsville","Brisbane","Townsville","Jetstar","Jan-24",54,53,1,31,31,22,22,2024,1
"Cairns-Brisbane","Cairns","Brisbane","Jetstar","Jan-24",102,100,2,82,75,18,25,2024,1
"Cairns-Melbourne","Cairns","Melbourne","Jetstar","Jan-24",120,118,2,76,69,42,49,2024,1
"Cairns-Sydney","Cairns","Sydney","Jetstar","Jan-24",121,119,2,97,91,22,28,2024,1
"Canberra-Brisbane","Canberra","Brisbane","Jetstar","Jan-24",31,31,0,18,15,13,16,2024,1
"Canberra-Gold Coast","Canberra","Gold Coast","Jetstar","Jan-24",22,22,0,15,18,7,4,2024,1
"Canberra-Melbourne","Canberra","Melbourne","Jetstar","Jan-24",31,31,0,16,14,15,17,2024,1
"Darwin-Brisbane","Darwin","Brisbane","Jetstar","Jan-24",26,26,0,22,23,4,3,2024,1
"Darwin-Melbourne","Darwin","Melbourne","Jetstar","Jan-24",28,27,1,9,12,18,15,2024,1
"Gold Coast-Adelaide","Gold Coast","Adelaide","Jetstar","Jan-24",35,35,0,27,30,8,5,2024,1
"Gold Coast-Canberra","Gold Coast","Canberra","Jetstar","Jan-24",22,22,0,14,15,8,7,2024,1
"Gold Coast-Melbourne","Gold Coast","Melbourne","Jetstar","Jan-24",302,292,10,205,209,87,83,2024,1
"Gold Coast-Sydney","Gold Coast","Sydney","Jetstar","Jan-24",294,285,9,218,232,67,53,2024,1
"Hamilton Island-Sydney","Hamilton Island","Sydney","Jetstar","Jan-24",21,20,1,13,15,7,5,2024,1
"Hobart-Brisbane","Hobart","Brisbane","Jetstar","Jan-24",44,43,1,26,28,17,15,2024,1
"Hobart-Melbourne","Hobart","Melbourne","Jetstar","Jan-24",237,233,4,161,167,72,66,2024,1
"Hobart-Sydney","Hobart","Sydney","Jetstar","Jan-24",121,121,0,108,108,13,13,2024,1
"Launceston-Brisbane","Launceston","Brisbane","Jetstar","Jan-24",27,27,0,14,21,13,6,2024,1
"Launceston-Melbourne","Launceston","Melbourne","Jetstar","Jan-24",177,175,2,99,112,76,63,2024,1
"Launceston-Sydney","Launceston","Sydney","Jetstar","Jan-24",60,59,1,48,48,11,11,2024,1
"Mackay-Brisbane","Mackay","Brisbane","Jetstar","Jan-24",31,31,0,26,25,5,6,2024,1
"Melbourne-Adelaide","Melbourne","Adelaide","Jetstar","Jan-24",116,112,4,69,74,43,38,2024,1
"Melbourne-Brisbane","Melbourne","Brisbane","Jetstar","Jan-24",217,207,10,116,119,91,88,2024,1
"Melbourne-Cairns","Melbourne","Cairns","Jetstar","Jan-24",120,119,1,67,75,52,44,2024,1
"Melbourne-Canberra","Melbourne","Canberra","Jetstar","Jan-24",31,31,0,17,18,14,13,2024,1
"Melbourne-Darwin","Melbourne","Darwin","Jetstar","Jan-24",28,28,0,19,18,9,10,2024,1
"Melbourne-Gold Coast","Melbourne","Gold Coast","Jetstar","Jan-24",299,291,8,190,199,101,92,2024,1
"Melbourne-Hobart","Melbourne","Hobart","Jetstar","Jan-24",237,233,4,166,169,67,64,2024,1
"Melbourne-Launceston","Melbourne","Launceston","Jetstar","Jan-24",177,175,2,99,101,76,74,2024,1
"Melbourne-Newcastle","Melbourne","Newcastle","Jetstar","Jan-24",63,63,0,42,45,21,18,2024,1
"Melbourne-Perth","Melbourne","Perth","Jetstar","Jan-24",91,90,1,53,63,37,27,2024,1
"Melbourne-Sunshine Coast","Melbourne","Sunshine Coast","Jetstar","Jan-24",88,87,1,61,61,26,26,2024,1
"Melbourne-Sydney","Melbourne","Sydney","Jetstar","Jan-24",538,508,30,310,351,198,157,2024,1
"Newcastle-Brisbane","Newcastle","Brisbane","Jetstar","Jan-24",58,58,0,46,44,12,14,2024,1
"Newcastle-Melbourne","Newcastle","Melbourne","Jetstar","Jan-24",63,63,0,41,43,22,20,2024,1
"Perth-Adelaide","Perth","Adelaide","Jetstar","Jan-24",31,31,0,26,25,5,6,2024,1
"Perth-Brisbane","Perth","Brisbane","Jetstar","Jan-24",28,27,1,11,10,16,17,2024,1
"Perth-Melbourne","Perth","Melbourne","Jetstar","Jan-24",92,89,3,56,63,33,26,2024,1
"Perth-Sydney","Perth","Sydney","Jetstar","Jan-24",60,59,1,32,40,27,19,2024,1
"Proserpine-Brisbane","Proserpine","Brisbane","Jetstar","Jan-24",51,49,2,19,19,30,30,2024,1
"Sunshine Coast-Melbourne","Sunshine Coast","Melbourne","Jetstar","Jan-24",89,87,2,47,50,40,37,2024,1
"Sunshine Coast-Sydney","Sunshine Coast","Sydney","Jetstar","Jan-24",124,122,2,85,84,37,38,2024,1
"Sydney-Adelaide","Sydney","Adelaide","Jetstar","Jan-24",151,146,5,103,114,43,32,2024,1
"Sydney-Ballina","Sydney","Ballina","Jetstar","Jan-24",90,90,0,73,77,17,13,2024,1
"Sydney-Brisbane","Sydney","Brisbane","Jetstar","Jan-24",212,204,8,132,134,72,70,2024,1
"Sydney-Cairns","Sydney","Cairns","Jetstar","Jan-24",121,120,1,88,97,32,23,2024,1
"Sydney-Gold Coast","Sydney","Gold Coast","Jetstar","Jan-24",295,286,9,227,225,59,61,2024,1
"Sydney-Hamilton Island","Sydney","Hamilton Island","Jetstar","Jan-24",21,20,1,16,15,4,5,2024,1
"Sydney-Hobart","Sydney","Hobart","Jetstar","Jan-24",121,121,0,105,109,16,12,2024,1
"Sydney-Launceston","Sydney","Launceston","Jetstar","Jan-24",60,59,1,49,54,10,5,2024,1
"Sydney-Melbourne","Sydney","Melbourne","Jetstar","Jan-24",538,507,31,328,329,179,178,2024,1
"Sydney-Perth","Sydney","Perth","Jetstar","Jan-24",60,60,0,41,43,19,17,2024,1
"Sydney-Sunshine Coast","Sydney","Sunshine Coast","Jetstar","Jan-24",124,123,1,90,92,33,31,2024,1
"Townsville-Brisbane","Townsville","Brisbane","Jetstar","Jan-24",54,53,1,27,27,26,26,2024,1
"Brisbane-Hobart","Brisbane","Hobart","Qantas","Jan-24",27,27,0,25,24,2,3,2024,1
"Hobart-Brisbane","Hobart","Brisbane","Qantas","Jan-24",27,26,1,23,23,3,3,2024,1
"Adelaide-Melbourne","Adelaide","Melbourne","Qantas","Jan-24",232,230,2,144,136,86,94,2024,1
"Adelaide-Perth","Adelaide","Perth","Qantas","Jan-24",93,93,0,79,81,14,12,2024,1
"Adelaide-Sydney","Adelaide","Sydney","Qantas","Jan-24",236,232,4,180,192,52,40,2024,1
"Brisbane-Cairns","Brisbane","Cairns","Qantas","Jan-24",76,75,1,69,70,6,5,2024,1
"Brisbane-Hamilton Island","Brisbane","Hamilton Island","Qantas","Jan-24",2,2,0,1,1,1,1,2024,1
"Brisbane-Mackay","Brisbane","Mackay","Qantas","Jan-24",15,14,1,12,12,2,2,2024,1
"Brisbane-Melbourne","Brisbane","Melbourne","Qantas","Jan-24",370,354,16,267,251,87,103,2024,1
"Brisbane-Mount Isa","Brisbane","Mount Isa","Qantas","Jan-24",44,44,0,40,42,4,2,2024,1
"Brisbane-Perth","Brisbane","Perth","Qantas","Jan-24",153,153,0,129,141,24,12,2024,1
"Brisbane-Sydney","Brisbane","Sydney","Qantas","Jan-24",439,426,13,351,355,75,71,2024,1
"Brisbane-Townsville","Brisbane","Townsville","Qantas","Jan-24",51,48,3,39,38,9,10,2024,1
"Cairns-Brisbane","Cairns","Brisbane","Qantas","Jan-24",76,74,2,70,70,4,4,2024,1
"Cairns-Melbourne","Cairns","Melbourne","Qantas","Jan-24",47,45,2,37,37,8,8,2024,1
"Cairns-Sydney","Cairns","Sydney","Qantas","Jan-24",61,61,0,49,49,12,12,2024,1
"Gold Coast-Melbourne","Gold Coast","Melbourne","Qantas","Jan-24",72,71,1,47,51,24,20,2024,1
"Gold Coast-Sydney","Gold Coast","Sydney","Qantas","Jan-24",144,142,2,108,111,34,31,2024,1
"Hamilton Island-Brisbane","Hamilton Island","Brisbane","Qantas","Jan-24",2,2,0,0,0,2,2,2024,1
"Hamilton Island-Sydney","Hamilton Island","Sydney","Qantas","Jan-24",31,30,1,23,24,7,6,2024,1
"Hobart-Melbourne","Hobart","Melbourne","Qantas","Jan-24",56,55,1,46,44,9,11,2024,1
"Hobart-Sydney","Hobart","Sydney","Qantas","Jan-24",39,39,0,28,30,11,9,2024,1
"Kalgoorlie-Perth","Kalgoorlie","Perth","Qantas","Jan-24",19,19,0,16,16,3,3,2024,1
"Karratha-Perth","Karratha","Perth","Qantas","Jan-24",10,10,0,8,9,2,1,2024,1
"Mackay-Brisbane","Mackay","Brisbane","Qantas","Jan-24",15,14,1,12,12,2,2,2024,1
"Melbourne-Adelaide","Melbourne","Adelaide","Qantas","Jan-24",233,232,1,144,141,88,91,2024,1
"Melbourne-Brisbane","Melbourne","Brisbane","Qantas","Jan-24",369,356,13,250,238,106,118,2024,1
"Melbourne-Cairns","Melbourne","Cairns","Qantas","Jan-24",47,45,2,37,38,8,7,2024,1
"Melbourne-Gold Coast","Melbourne","Gold Coast","Qantas","Jan-24",72,71,1,56,60,15,11,2024,1
"Melbourne-Hobart","Melbourne","Hobart","Qantas","Jan-24",56,56,0,41,44,15,12,2024,1
"Melbourne-Perth","Melbourne","Perth","Qantas","Jan-24",199,198,1,134,136,64,62,2024,1
"Melbourne-Sunshine Coast","Melbourne","Sunshine Coast","Qantas","Jan-24",38,37,1,29,32,8,5,2024,1
"Melbourne-Sydney","Melbourne","Sydney","Qantas","Jan-24",671,640,31,480,468,160,172,2024,1
"Mount Isa-Brisbane","Mount Isa","Brisbane","Qantas","Jan-24",44,44,0,43,41,1,3,2024,1
"Newman-Perth","Newman","Perth","Qantas","Jan-24",20,18,2,17,17,1,1,2024,1
"Perth-Adelaide","Perth","Adelaide","Qantas","Jan-24",94,93,1,86,83,7,10,2024,1
"Perth-Brisbane","Perth","Brisbane","Qantas","Jan-24",154,154,0,140,128,14,26,2024,1
"Perth-Kalgoorlie","Perth","Kalgoorlie","Qantas","Jan-24",19,19,0,18,18,1,1,2024,1
"Perth-Karratha","Perth","Karratha","Qantas","Jan-24",10,10,0,8,8,2,2,2024,1
"Perth-Melbourne","Perth","Melbourne","Qantas","Jan-24",199,197,2,139,145,58,52,2024,1
"Perth-Newman","Perth","Newman","Qantas","Jan-24",20,18,2,17,18,1,0,2024,1
"Perth-Sydney","Perth","Sydney","Qantas","Jan-24",203,202,1,155,153,47,49,2024,1
"Sunshine Coast-Melbourne","Sunshine Coast","Melbourne","Qantas","Jan-24",39,38,1,23,20,15,18,2024,1
"Sunshine Coast-Sydney","Sunshine Coast","Sydney","Qantas","Jan-24",58,58,0,40,44,18,14,2024,1
"Sydney-Adelaide","Sydney","Adelaide","Qantas","Jan-24",237,235,2,196,184,39,51,2024,1
"Sydney-Brisbane","Sydney","Brisbane","Qantas","Jan-24",446,431,15,321,322,110,109,2024,1
"Sydney-Cairns","Sydney","Cairns","Qantas","Jan-24",61,61,0,44,49,17,12,2024,1
"Sydney-Gold Coast","Sydney","Gold Coast","Qantas","Jan-24",144,143,1,115,117,28,26,2024,1
"Sydney-Hamilton Island","Sydney","Hamilton Island","Qantas","Jan-24",31,30,1,24,27,6,3,2024,1
"Sydney-Hobart","Sydney","Hobart","Qantas","Jan-24",39,39,0,28,30,11,9,2024,1
"Sydney-Melbourne","Sydney","Melbourne","Qantas","Jan-24",671,638,33,477,441,161,197,2024,1
"Sydney-Perth","Sydney","Perth","Qantas","Jan-24",204,204,0,154,141,50,63,2024,1
"Sydney-Sunshine Coast","Sydney","Sunshine Coast","Qantas","Jan-24",57,57,0,46,47,11,10,2024,1
"Townsville-Brisbane","Townsville","Brisbane","Qantas","Jan-24",48,46,2,38,36,8,10,2024,1
"Canberra-Sydney","Canberra","Sydney","Qantas","Jan-24",3,3,0,2,2,1,1,2024,1
"Canberra-Melbourne","Canberra","Melbourne","Qantas","Jan-24",4,4,0,3,4,1,0,2024,1
"Melbourne-Canberra","Melbourne","Canberra","Qantas","Jan-24",5,5,0,4,4,1,1,2024,1
"Sydney-Canberra","Sydney","Canberra","Qantas","Jan-24",3,3,0,3,2,0,1,2024,1
"Adelaide-Gold Coast","Adelaide","Gold Coast","QantasLink","Jan-24",8,8,0,7,6,1,2,2024,1
"Brisbane-Darwin","Brisbane","Darwin","QantasLink","Jan-24",61,60,1,44,47,16,13,2024,1
"Brisbane-Hamilton Island","Brisbane","Hamilton Island","QantasLink","Jan-24",26,24,2,17,14,7,10,2024,1
"Brisbane-Mount Isa","Brisbane","Mount Isa","QantasLink","Jan-24",8,8,0,3,4,5,4,2024,1
"Brisbane-Launceston","Brisbane","Launceston","QantasLink","Jan-24",8,8,0,3,5,5,3,2024,1
"Darwin-Brisbane","Darwin","Brisbane","QantasLink","Jan-24",62,61,1,47,38,14,23,2024,1
"Hamilton Island-Brisbane","Hamilton Island","Brisbane","QantasLink","Jan-24",26,24,2,9,5,15,19,2024,1
"Mount Isa-Brisbane","Mount Isa","Brisbane","QantasLink","Jan-24",8,8,0,3,3,5,5,2024,1
"Launceston-Brisbane","Launceston","Brisbane","QantasLink","Jan-24",8,8,0,6,6,2,2,2024,1
"Sunshine Coast-Melbourne","Sunshine Coast","Melbourne","QantasLink","Jan-24",20,20,0,11,11,9,9,2024,1
"Melbourne-Sunshine Coast","Melbourne","Sunshine Coast","QantasLink","Jan-24",20,20,0,15,12,5,8,2024,1
"Melbourne-Gold Coast","Melbourne","Gold Coast","QantasLink","Jan-24",27,26,1,22,24,4,2,2024,1
"Gold Coast-Adelaide","Gold Coast","Adelaide","QantasLink","Jan-24",8,8,0,5,7,3,1,2024,1
"Gold Coast-Melbourne","Gold Coast","Melbourne","QantasLink","Jan-24",27,26,1,21,23,5,3,2024,1
"Darwin-Melbourne","Darwin","Melbourne","QantasLink","Jan-24",31,31,0,29,11,2,20,2024,1
"Melbourne-Darwin","Melbourne","Darwin","QantasLink","Jan-24",28,27,1,8,5,19,22,2024,1
"Adelaide-Alice Springs","Adelaide","Alice Springs","QantasLink","Jan-24",43,43,0,40,39,3,4,2024,1
"Adelaide-Brisbane","Adelaide","Brisbane","QantasLink","Jan-24",169,166,3,138,133,28,33,2024,1
"Adelaide-Canberra","Adelaide","Canberra","QantasLink","Jan-24",63,63,0,57,57,6,6,2024,1
"Adelaide-Melbourne","Adelaide","Melbourne","QantasLink","Jan-24",13,12,1,10,8,2,4,2024,1
"Adelaide-Port Lincoln","Adelaide","Port Lincoln","QantasLink","Jan-24",132,131,1,122,121,9,10,2024,1
"Albury-Sydney","Albury","Sydney","QantasLink","Jan-24",96,95,1,78,76,17,19,2024,1
"Alice Springs-Adelaide","Alice Springs","Adelaide","QantasLink","Jan-24",43,43,0,38,38,5,5,2024,1
"Ballina-Sydney","Ballina","Sydney","QantasLink","Jan-24",52,51,1,40,37,11,14,2024,1
"Brisbane-Adelaide","Brisbane","Adelaide","QantasLink","Jan-24",169,164,5,123,127,41,37,2024,1
"Brisbane-Cairns","Brisbane","Cairns","QantasLink","Jan-24",79,77,2,45,51,32,26,2024,1
"Brisbane-Canberra","Brisbane","Canberra","QantasLink","Jan-24",123,119,4,91,93,28,26,2024,1
"Brisbane-Emerald","Brisbane","Emerald","QantasLink","Jan-24",105,104,1,75,81,29,23,2024,1
"Brisbane-Gladstone","Brisbane","Gladstone","QantasLink","Jan-24",111,110,1,76,70,34,40,2024,1
"Brisbane-Hobart","Brisbane","Hobart","QantasLink","Jan-24",3,3,0,2,2,1,1,2024,1
"Brisbane-Mackay","Brisbane","Mackay","QantasLink","Jan-24",129,124,5,77,73,47,51,2024,1
"Brisbane-Newcastle","Brisbane","Newcastle","QantasLink","Jan-24",102,97,5,76,70,21,27,2024,1
"Brisbane-Proserpine","Brisbane","Proserpine","QantasLink","Jan-24",22,21,1,17,17,4,4,2024,1
"Brisbane-Rockhampton","Brisbane","Rockhampton","QantasLink","Jan-24",167,163,4,120,117,43,46,2024,1
"Brisbane-Townsville","Brisbane","Townsville","QantasLink","Jan-24",74,70,4,41,42,29,28,2024,1
"Broome-Perth","Broome","Perth","QantasLink","Jan-24",83,80,3,67,62,13,18,2024,1
"Cairns-Brisbane","Cairns","Brisbane","QantasLink","Jan-24",79,77,2,43,39,34,38,2024,1
"Cairns-Townsville","Cairns","Townsville","QantasLink","Jan-24",132,124,8,109,105,15,19,2024,1
"Canberra-Adelaide","Canberra","Adelaide","QantasLink","Jan-24",62,62,0,48,49,14,13,2024,1
"Canberra-Brisbane","Canberra","Brisbane","QantasLink","Jan-24",124,121,3,106,104,15,17,2024,1
"Canberra-Melbourne","Canberra","Melbourne","QantasLink","Jan-24",167,162,5,122,115,40,47,2024,1
"Canberra-Sydney","Canberra","Sydney","QantasLink","Jan-24",284,274,10,217,223,57,51,2024,1
"Coffs Harbour-Sydney","Coffs Harbour","Sydney","QantasLink","Jan-24",109,109,0,90,83,19,26,2024,1
"Darwin-Perth","Darwin","Perth","QantasLink","Jan-24",30,30,0,22,25,8,5,2024,1
"Devonport-Melbourne","Devonport","Melbourne","QantasLink","Jan-24",117,114,3,82,75,32,39,2024,1
"Dubbo-Sydney","Dubbo","Sydney","QantasLink","Jan-24",97,97,0,81,80,16,17,2024,1
"Emerald-Brisbane","Emerald","Brisbane","QantasLink","Jan-24",105,103,2,82,74,21,29,2024,1
"Gladstone-Brisbane","Gladstone","Brisbane","QantasLink","Jan-24",112,110,2,71,73,39,37,2024,1
"Hobart-Brisbane","Hobart","Brisbane","QantasLink","Jan-24",3,3,0,2,2,1,1,2024,1
"Hobart-Melbourne","Hobart","Melbourne","QantasLink","Jan-24",59,58,1,41,35,17,23,2024,1
"Hobart-Sydney","Hobart","Sydney","QantasLink","Jan-24",50,49,1,41,42,8,7,2024,1
"Kalgoorlie-Perth","Kalgoorlie","Perth","QantasLink","Jan-24",54,52,2,40,38,12,14,2024,1
"Karratha-Perth","Karratha","Perth","QantasLink","Jan-24",134,133,1,111,106,22,27,2024,1
"Launceston-Melbourne","Launceston","Melbourne","QantasLink","Jan-24",91,89,2,70,71,19,18,2024,1
"Launceston-Sydney","Launceston","Sydney","QantasLink","Jan-24",42,39,3,35,35,4,4,2024,1
"Mackay-Brisbane","Mackay","Brisbane","QantasLink","Jan-24",134,128,6,86,81,42,47,2024,1
"Melbourne-Adelaide","Melbourne","Adelaide","QantasLink","Jan-24",13,12,1,8,10,4,2,2024,1
"Melbourne-Canberra","Melbourne","Canberra","QantasLink","Jan-24",168,166,2,109,114,57,52,2024,1
"Melbourne-Devonport","Melbourne","Devonport","QantasLink","Jan-24",118,115,3,75,72,40,43,2024,1
"Melbourne-Hobart","Melbourne","Hobart","QantasLink","Jan-24",59,58,1,47,46,11,12,2024,1
"Melbourne-Launceston","Melbourne","Launceston","QantasLink","Jan-24",92,90,2,65,58,25,32,2024,1
"Melbourne-Mildura","Melbourne","Mildura","QantasLink","Jan-24",108,106,2,75,63,31,43,2024,1
"Melbourne-Newcastle","Melbourne","Newcastle","QantasLink","Jan-24",34,33,1,29,25,4,8,2024,1
"Mildura-Melbourne","Mildura","Melbourne","QantasLink","Jan-24",107,104,3,69,69,35,35,2024,1
"Newcastle-Brisbane","Newcastle","Brisbane","QantasLink","Jan-24",102,95,7,77,77,18,18,2024,1
"Newcastle-Melbourne","Newcastle","Melbourne","QantasLink","Jan-24",34,31,3,21,15,10,16,2024,1
"Newman-Perth","Newman","Perth","QantasLink","Jan-24",102,94,8,68,68,26,26,2024,1
"Perth-Broome","Perth","Broome","QantasLink","Jan-24",82,81,1,65,69,16,12,2024,1
"Perth-Darwin","Perth","Darwin","QantasLink","Jan-24",31,31,0,30,25,1,6,2024,1
"Perth-Kalgoorlie","Perth","Kalgoorlie","QantasLink","Jan-24",54,53,1,42,40,11,13,2024,1
"Perth-Karratha","Perth","Karratha","QantasLink","Jan-24",135,134,1,111,113,23,21,2024,1
"Perth-Newman","Perth","Newman","QantasLink","Jan-24",102,94,8,83,82,11,12,2024,1
"Perth-Port Hedland","Perth","Port Hedland","QantasLink","Jan-24",144,143,1,129,124,14,19,2024,1
"Port Hedland-Perth","Port Hedland","Perth","QantasLink","Jan-24",143,141,2,119,107,22,34,2024,1
"Port Lincoln-Adelaide","Port Lincoln","Adelaide","QantasLink","Jan-24",132,130,2,121,120,9,10,2024,1
"Port Macquarie-Sydney","Port Macquarie","Sydney","QantasLink","Jan-24",105,102,3,83,81,19,21,2024,1
"Proserpine-Brisbane","Proserpine","Brisbane","QantasLink","Jan-24",22,21,1,13,15,8,6,2024,1
"Rockhampton-Brisbane","Rockhampton","Brisbane","QantasLink","Jan-24",166,160,6,117,121,43,39,2024,1
"Sydney-Albury","Sydney","Albury","QantasLink","Jan-24",97,96,1,69,75,27,21,2024,1
"Sydney-Ballina","Sydney","Ballina","QantasLink","Jan-24",53,52,1,39,38,13,14,2024,1
"Sydney-Canberra","Sydney","Canberra","QantasLink","Jan-24",285,278,7,219,227,59,51,2024,1
"Sydney-Coffs Harbour","Sydney","Coffs Harbour","QantasLink","Jan-24",111,111,0,81,77,30,34,2024,1
"Sydney-Dubbo","Sydney","Dubbo","QantasLink","Jan-24",98,98,0,76,81,22,17,2024,1
"Sydney-Hobart","Sydney","Hobart","QantasLink","Jan-24",50,49,1,35,39,14,10,2024,1
"Sydney-Launceston","Sydney","Launceston","QantasLink","Jan-24",42,40,2,35,33,5,7,2024,1
"Sydney-Port Macquarie","Sydney","Port Macquarie","QantasLink","Jan-24",105,104,1,84,86,20,18,2024,1
"Sydney-Wagga Wagga","Sydney","Wagga Wagga","QantasLink","Jan-24",98,97,1,76,76,21,21,2024,1
"Townsville-Brisbane","Townsville","Brisbane","QantasLink","Jan-24",74,70,4,40,36,30,34,2024,1
"Townsville-Cairns","Townsville","Cairns","QantasLink","Jan-24",132,122,10,106,106,16,16,2024,1
"Wagga Wagga-Sydney","Wagga Wagga","Sydney","QantasLink","Jan-24",97,96,1,76,76,20,20,2024,1
"Adelaide-Melbourne","Adelaide","Melbourne","Rex Airlines","Jan-24",55,55,0,41,41,14,14,2024,1
"Adelaide-Port Lincoln","Adelaide","Port Lincoln","Rex Airlines","Jan-24",147,146,1,137,135,9,11,2024,1
"Albury-Sydney","Albury","Sydney","Rex Airlines","Jan-24",58,58,0,54,55,4,3,2024,1
"Brisbane-Melbourne","Brisbane","Melbourne","Rex Airlines","Jan-24",67,66,1,46,47,20,19,2024,1
"Brisbane-Sydney","Brisbane","Sydney","Rex Airlines","Jan-24",145,143,2,113,112,30,31,2024,1
"Cairns-Townsville","Cairns","Townsville","Rex Airlines","Jan-24",12,12,0,10,10,2,2,2024,1
"Canberra-Melbourne","Canberra","Melbourne","Rex Airlines","Jan-24",31,31,0,20,18,11,13,2024,1
"Coffs Harbour-Sydney","Coffs Harbour","Sydney","Rex Airlines","Jan-24",95,95,0,81,80,14,15,2024,1
"Devonport-Melbourne","Devonport","Melbourne","Rex Airlines","Jan-24",36,36,0,28,28,8,8,2024,1
"Dubbo-Sydney","Dubbo","Sydney","Rex Airlines","Jan-24",73,73,0,59,54,14,19,2024,1
"Gold Coast-Melbourne","Gold Coast","Melbourne","Rex Airlines","Jan-24",31,31,0,26,26,5,5,2024,1
"Gold Coast-Sydney","Gold Coast","Sydney","Rex Airlines","Jan-24",31,31,0,22,24,9,7,2024,1
"Melbourne-Adelaide","Melbourne","Adelaide","Rex Airlines","Jan-24",57,57,0,47,45,10,12,2024,1
"Melbourne-Brisbane","Melbourne","Brisbane","Rex Airlines","Jan-24",66,65,1,52,45,13,20,2024,1
"Melbourne-Canberra","Melbourne","Canberra","Rex Airlines","Jan-24",30,30,0,24,21,6,9,2024,1
"Melbourne-Devonport","Melbourne","Devonport","Rex Airlines","Jan-24",36,36,0,28,27,8,9,2024,1
"Melbourne-Gold Coast","Melbourne","Gold Coast","Rex Airlines","Jan-24",31,31,0,28,28,3,3,2024,1
"Melbourne-Mildura","Melbourne","Mildura","Rex Airlines","Jan-24",62,62,0,49,46,13,16,2024,1
"Melbourne-Sydney","Melbourne","Sydney","Rex Airlines","Jan-24",201,201,0,157,160,44,41,2024,1
"Mildura-Melbourne","Mildura","Melbourne","Rex Airlines","Jan-24",61,61,0,43,32,18,29,2024,1
"Port Lincoln-Adelaide","Port Lincoln","Adelaide","Rex Airlines","Jan-24",146,145,1,131,131,14,14,2024,1
"Port Macquarie-Sydney","Port Macquarie","Sydney","Rex Airlines","Jan-24",57,57,0,46,44,11,13,2024,1
"Sydney-Albury","Sydney","Albury","Rex Airlines","Jan-24",58,58,0,55,55,3,3,2024,1
"Sydney-Brisbane","Sydney","Brisbane","Rex Airlines","Jan-24",145,144,1,112,106,32,38,2024,1
"Sydney-Coffs Harbour","Sydney","Coffs Harbour","Rex Airlines","Jan-24",96,96,0,83,84,13,12,2024,1
"Sydney-Dubbo","Sydney","Dubbo","Rex Airlines","Jan-24",77,77,0,68,68,9,9,2024,1
"Sydney-Gold Coast","Sydney","Gold Coast","Rex Airlines","Jan-24",31,31,0,24,25,7,6,2024,1
"Sydney-Melbourne","Sydney","Melbourne","Rex Airlines","Jan-24",202,202,0,157,142,45,60,2024,1
"Sydney-Port Macquarie","Sydney","Port Macquarie","Rex Airlines","Jan-24",58,58,0,46,46,12,12,2024,1
"Sydney-Wagga Wagga","Sydney","Wagga Wagga","Rex Airlines","Jan-24",61,61,0,51,53,10,8,2024,1
"Townsville-Cairns","Townsville","Cairns","Rex Airlines","Jan-24",13,13,0,10,10,3,3,2024,1
"Wagga Wagga-Sydney","Wagga Wagga","Sydney","Rex Airlines","Jan-24",60,60,0,47,46,13,14,2024,1
"Sydney-Adelaide","Sydney","Adelaide","Rex Airlines","Jan-24",31,31,0,20,18,11,13,2024,1
"Adelaide-Sydney","Adelaide","Sydney","Rex Airlines","Jan-24",31,31,0,19,18,12,13,2024,1
"Melbourne-Hobart","Melbourne","Hobart","Rex Airlines","Jan-24",45,45,0,40,41,5,4,2024,1
"Hobart-Melbourne","Hobart","Melbourne","Rex Airlines","Jan-24",45,45,0,40,36,5,9,2024,1
"Brisbane-Cairns","Brisbane","Cairns","Rex Airlines","Jan-24",5,5,0,4,4,1,1,2024,1
"Cairns-Brisbane","Cairns","Brisbane","Rex Airlines","Jan-24",4,4,0,4,4,0,0,2024,1
"Adelaide-Alice Springs","Adelaide","Alice Springs","Virgin Australia","Jan-24",14,14,0,12,11,2,3,2024,1
"Adelaide-Brisbane","Adelaide","Brisbane","Virgin Australia","Jan-24",134,128,6,87,92,41,36,2024,1
"Adelaide-Canberra","Adelaide","Canberra","Virgin Australia","Jan-24",14,13,1,6,6,7,7,2024,1
"Adelaide-Gold Coast","Adelaide","Gold Coast","Virgin Australia","Jan-24",42,42,0,32,31,10,11,2024,1
"Adelaide-Melbourne","Adelaide","Melbourne","Virgin Australia","Jan-24",247,238,9,160,172,78,66,2024,1
"Adelaide-Perth","Adelaide","Perth","Virgin Australia","Jan-24",59,58,1,28,29,30,29,2024,1
"Adelaide-Sydney","Adelaide","Sydney","Virgin Australia","Jan-24",175,160,15,108,115,52,45,2024,1
"Alice Springs-Adelaide","Alice Springs","Adelaide","Virgin Australia","Jan-24",14,14,0,9,12,5,2,2024,1
"Ballina-Sydney","Ballina","Sydney","Virgin Australia","Jan-24",44,41,3,31,33,10,8,2024,1
"Brisbane-Adelaide","Brisbane","Adelaide","Virgin Australia","Jan-24",134,128,6,78,86,50,42,2024,1
"Brisbane-Cairns","Brisbane","Cairns","Virgin Australia","Jan-24",146,140,6,98,100,42,40,2024,1
"Brisbane-Canberra","Brisbane","Canberra","Virgin Australia","Jan-24",87,86,1,53,57,33,29,2024,1
"Brisbane-Darwin","Brisbane","Darwin","Virgin Australia","Jan-24",31,31,0,20,24,11,7,2024,1
"Brisbane-Emerald","Brisbane","Emerald","Virgin Australia","Jan-24",27,27,0,19,20,8,7,2024,1
"Brisbane-Gladstone","Brisbane","Gladstone","Virgin Australia","Jan-24",35,34,1,21,19,13,15,2024,1
"Brisbane-Hamilton Island","Brisbane","Hamilton Island","Virgin Australia","Jan-24",44,43,1,34,33,9,10,2024,1
"Brisbane-Hobart","Brisbane","Hobart","Virgin Australia","Jan-24",59,57,2,44,45,13,12,2024,1
"Brisbane-Launceston","Brisbane","Launceston","Virgin Australia","Jan-24",24,24,0,15,16,9,8,2024,1
"Brisbane-Mackay","Brisbane","Mackay","Virgin Australia","Jan-24",139,134,5,73,55,61,79,2024,1
"Brisbane-Melbourne","Brisbane","Melbourne","Virgin Australia","Jan-24",370,333,37,239,206,94,127,2024,1
"Brisbane-Mount Isa","Brisbane","Mount Isa","Virgin Australia","Jan-24",14,14,0,13,9,1,5,2024,1
"Brisbane-Newcastle","Brisbane","Newcastle","Virgin Australia","Jan-24",81,80,1,45,46,35,34,2024,1
"Brisbane-Perth","Brisbane","Perth","Virgin Australia","Jan-24",130,126,4,80,99,46,27,2024,1
"Brisbane-Proserpine","Brisbane","Proserpine","Virgin Australia","Jan-24",45,43,2,35,32,8,11,2024,1
"Brisbane-Rockhampton","Brisbane","Rockhampton","Virgin Australia","Jan-24",120,119,1,80,72,39,47,2024,1
"Brisbane-Sydney","Brisbane","Sydney","Virgin Australia","Jan-24",396,369,27,247,248,122,121,2024,1
"Brisbane-Townsville","Brisbane","Townsville","Virgin Australia","Jan-24",142,129,13,77,77,52,52,2024,1
"Broome-Perth","Broome","Perth","Virgin Australia","Jan-24",19,18,1,13,13,5,5,2024,1
"Cairns-Brisbane","Cairns","Brisbane","Virgin Australia","Jan-24",146,140,6,97,99,43,41,2024,1
"Cairns-Melbourne","Cairns","Melbourne","Virgin Australia","Jan-24",79,70,9,52,50,18,20,2024,1
"Cairns-Sydney","Cairns","Sydney","Virgin Australia","Jan-24",93,89,4,70,69,19,20,2024,1
"Canberra-Adelaide","Canberra","Adelaide","Virgin Australia","Jan-24",14,13,1,8,8,5,5,2024,1
"Canberra-Brisbane","Canberra","Brisbane","Virgin Australia","Jan-24",87,86,1,51,47,35,39,2024,1
"Canberra-Gold Coast","Canberra","Gold Coast","Virgin Australia","Jan-24",31,31,0,26,25,5,6,2024,1
"Canberra-Melbourne","Canberra","Melbourne","Virgin Australia","Jan-24",115,115,0,76,75,39,40,2024,1
"Canberra-Sydney","Canberra","Sydney","Virgin Australia","Jan-24",188,187,1,162,165,25,22,2024,1
"Darwin-Brisbane","Darwin","Brisbane","Virgin Australia","Jan-24",31,31,0,20,24,11,7,2024,1
"Darwin-Melbourne","Darwin","Melbourne","Virgin Australia","Jan-24",31,29,2,17,19,12,10,2024,1
"Darwin-Perth","Darwin","Perth","Virgin Australia","Jan-24",16,16,0,10,11,6,5,2024,1
"Emerald-Brisbane","Emerald","Brisbane","Virgin Australia","Jan-24",27,27,0,21,20,6,7,2024,1
"Gladstone-Brisbane","Gladstone","Brisbane","Virgin Australia","Jan-24",35,34,1,17,15,17,19,2024,1
"Gold Coast-Adelaide","Gold Coast","Adelaide","Virgin Australia","Jan-24",42,42,0,24,28,18,14,2024,1
"Gold Coast-Canberra","Gold Coast","Canberra","Virgin Australia","Jan-24",31,31,0,17,18,14,13,2024,1
"Gold Coast-Melbourne","Gold Coast","Melbourne","Virgin Australia","Jan-24",326,307,19,157,178,150,129,2024,1
"Gold Coast-Sydney","Gold Coast","Sydney","Virgin Australia","Jan-24",325,311,14,181,199,130,112,2024,1
"Hamilton Island-Brisbane","Hamilton Island","Brisbane","Virgin Australia","Jan-24",44,43,1,32,34,11,9,2024,1
"Hamilton Island-Sydney","Hamilton Island","Sydney","Virgin Australia","Jan-24",31,30,1,11,5,19,25,2024,1
"Hobart-Brisbane","Hobart","Brisbane","Virgin Australia","Jan-24",59,55,4,37,37,18,18,2024,1
"Hobart-Melbourne","Hobart","Melbourne","Virgin Australia","Jan-24",132,130,2,91,81,39,49,2024,1
"Hobart-Sydney","Hobart","Sydney","Virgin Australia","Jan-24",75,74,1,62,57,12,17,2024,1
"Kalgoorlie-Perth","Kalgoorlie","Perth","Virgin Australia","Jan-24",71,68,3,53,51,15,17,2024,1
"Karratha-Perth","Karratha","Perth","Virgin Australia","Jan-24",53,53,0,43,42,10,11,2024,1
"Launceston-Brisbane","Launceston","Brisbane","Virgin Australia","Jan-24",24,24,0,14,15,10,9,2024,1
"Launceston-Melbourne","Launceston","Melbourne","Virgin Australia","Jan-24",105,100,5,78,76,22,24,2024,1
"Launceston-Sydney","Launceston","Sydney","Virgin Australia","Jan-24",31,31,0,12,10,19,21,2024,1
"Mackay-Brisbane","Mackay","Brisbane","Virgin Australia","Jan-24",139,133,6,65,56,68,77,2024,1
"Melbourne-Adelaide","Melbourne","Adelaide","Virgin Australia","Jan-24",249,239,10,176,147,63,92,2024,1
"Melbourne-Brisbane","Melbourne","Brisbane","Virgin Australia","Jan-24",373,341,32,239,218,102,123,2024,1
"Melbourne-Cairns","Melbourne","Cairns","Virgin Australia","Jan-24",80,71,9,58,62,13,9,2024,1
"Melbourne-Canberra","Melbourne","Canberra","Virgin Australia","Jan-24",115,115,0,77,78,38,37,2024,1
"Melbourne-Darwin","Melbourne","Darwin","Virgin Australia","Jan-24",30,29,1,16,16,13,13,2024,1
"Melbourne-Gold Coast","Melbourne","Gold Coast","Virgin Australia","Jan-24",327,307,20,192,186,115,121,2024,1
"Melbourne-Hobart","Melbourne","Hobart","Virgin Australia","Jan-24",132,130,2,99,93,31,37,2024,1
"Melbourne-Launceston","Melbourne","Launceston","Virgin Australia","Jan-24",105,101,4,76,73,25,28,2024,1
"Melbourne-Newcastle","Melbourne","Newcastle","Virgin Australia","Jan-24",42,42,0,32,27,10,15,2024,1
"Melbourne-Perth","Melbourne","Perth","Virgin Australia","Jan-24",217,210,7,131,135,79,75,2024,1
"Melbourne-Sunshine Coast","Melbourne","Sunshine Coast","Virgin Australia","Jan-24",105,104,1,83,84,21,20,2024,1
"Melbourne-Sydney","Melbourne","Sydney","Virgin Australia","Jan-24",689,595,94,421,390,174,205,2024,1
"Mount Isa-Brisbane","Mount Isa","Brisbane","Virgin Australia","Jan-24",14,14,0,12,10,2,4,2024,1
"Newcastle-Brisbane","Newcastle","Brisbane","Virgin Australia","Jan-24",80,78,2,59,54,19,24,2024,1
"Newcastle-Melbourne","Newcastle","Melbourne","Virgin Australia","Jan-24",42,42,0,25,23,17,19,2024,1
"Newman-Perth","Newman","Perth","Virgin Australia","Jan-24",48,46,2,31,33,15,13,2024,1
"Perth-Adelaide","Perth","Adelaide","Virgin Australia","Jan-24",58,56,2,45,30,11,26,2024,1
"Perth-Brisbane","Perth","Brisbane","Virgin Australia","Jan-24",133,128,5,93,99,35,29,2024,1
"Perth-Broome","Perth","Broome","Virgin Australia","Jan-24",19,18,1,14,15,4,3,2024,1
"Perth-Darwin","Perth","Darwin","Virgin Australia","Jan-24",16,16,0,9,9,7,7,2024,1
"Perth-Kalgoorlie","Perth","Kalgoorlie","Virgin Australia","Jan-24",71,68,3,58,56,10,12,2024,1
"Perth-Karratha","Perth","Karratha","Virgin Australia","Jan-24",53,53,0,43,41,10,12,2024,1
"Perth-Melbourne","Perth","Melbourne","Virgin Australia","Jan-24",225,219,6,161,158,58,61,2024,1
"Perth-Newman","Perth","Newman","Virgin Australia","Jan-24",48,46,2,41,40,5,6,2024,1
"Perth-Port Hedland","Perth","Port Hedland","Virgin Australia","Jan-24",44,41,3,36,35,5,6,2024,1
"Perth-Sydney","Perth","Sydney","Virgin Australia","Jan-24",179,175,4,131,129,44,46,2024,1
"Port Hedland-Perth","Port Hedland","Perth","Virgin Australia","Jan-24",44,40,4,34,33,6,7,2024,1
"Proserpine-Brisbane","Proserpine","Brisbane","Virgin Australia","Jan-24",45,43,2,30,27,13,16,2024,1
"Rockhampton-Brisbane","Rockhampton","Brisbane","Virgin Australia","Jan-24",120,119,1,82,67,37,52,2024,1
"Sunshine Coast-Melbourne","Sunshine Coast","Melbourne","Virgin Australia","Jan-24",105,102,3,78,52,24,50,2024,1
"Sunshine Coast-Sydney","Sunshine Coast","Sydney","Virgin Australia","Jan-24",74,74,0,50,40,24,34,2024,1
"Sydney-Adelaide","Sydney","Adelaide","Virgin Australia","Jan-24",175,162,13,114,107,48,55,2024,1
"Sydney-Ballina","Sydney","Ballina","Virgin Australia","Jan-24",44,43,1,33,31,10,12,2024,1
"Sydney-Brisbane","Sydney","Brisbane","Virgin Australia","Jan-24",391,356,35,270,266,86,90,2024,1
"Sydney-Cairns","Sydney","Cairns","Virgin Australia","Jan-24",92,89,3,78,75,11,14,2024,1
"Sydney-Canberra","Sydney","Canberra","Virgin Australia","Jan-24",187,186,1,146,155,40,31,2024,1
"Sydney-Gold Coast","Sydney","Gold Coast","Virgin Australia","Jan-24",325,312,13,220,213,92,99,2024,1
"Sydney-Hamilton Island","Sydney","Hamilton Island","Virgin Australia","Jan-24",31,30,1,21,19,9,11,2024,1
"Sydney-Hobart","Sydney","Hobart","Virgin Australia","Jan-24",75,74,1,65,64,9,10,2024,1
"Sydney-Launceston","Sydney","Launceston","Virgin Australia","Jan-24",31,31,0,18,18,13,13,2024,1
"Sydney-Melbourne","Sydney","Melbourne","Virgin Australia","Jan-24",681,593,88,407,391,186,202,2024,1
"Sydney-Perth","Sydney","Perth","Virgin Australia","Jan-24",194,189,5,120,120,69,69,2024,1
"Sydney-Sunshine Coast","Sydney","Sunshine Coast","Virgin Australia","Jan-24",74,74,0,60,55,14,19,2024,1
"Townsville-Brisbane","Townsville","Brisbane","Virgin Australia","Jan-24",143,130,13,80,78,50,52,2024,1
"Adelaide-Perth","Adelaide","Perth","Virgin Australia Regional Airlines","Jan-24",28,27,1,15,16,12,11,2024,1
"Broome-Perth","Broome","Perth","Virgin Australia Regional Airlines","Jan-24",13,13,0,5,10,8,3,2024,1
"Darwin-Perth","Darwin","Perth","Virgin Australia Regional Airlines","Jan-24",8,8,0,6,7,2,1,2024,1
"Kalgoorlie-Perth","Kalgoorlie","Perth","Virgin Australia Regional Airlines","Jan-24",19,19,0,15,17,4,2,2024,1
"Karratha-Perth","Karratha","Perth","Virgin Australia Regional Airlines","Jan-24",19,19,0,14,16,5,3,2024,1
"Newman-Perth","Newman","Perth","Virgin Australia Regional Airlines","Jan-24",11,10,1,9,10,1,0,2024,1
"Perth-Adelaide","Perth","Adelaide","Virgin Australia Regional Airlines","Jan-24",28,27,1,20,20,7,7,2024,1
"Perth-Broome","Perth","Broome","Virgin Australia Regional Airlines","Jan-24",13,13,0,8,11,5,2,2024,1
"Perth-Darwin","Perth","Darwin","Virgin Australia Regional Airlines","Jan-24",8,8,0,5,5,3,3,2024,1
"Perth-Kalgoorlie","Perth","Kalgoorlie","Virgin Australia Regional Airlines","Jan-24",19,19,0,15,15,4,4,2024,1
"Perth-Karratha","Perth","Karratha","Virgin Australia Regional Airlines","Jan-24",19,19,0,15,17,4,2,2024,1
"Perth-Newman","Perth","Newman","Virgin Australia Regional Airlines","Jan-24",11,10,1,9,9,1,1,2024,1
"Perth-Port Hedland","Perth","Port Hedland","Virgin Australia Regional Airlines","Jan-24",19,19,0,15,16,4,3,2024,1
"Port Hedland-Perth","Port Hedland","Perth","Virgin Australia Regional Airlines","Jan-24",19,19,0,16,16,3,3,2024,1
"Adelaide-Alice Springs","Adelaide","Alice Springs","All Airlines","Jan-24",57,57,0,52,50,5,7,2024,1
"Adelaide-Brisbane","Adelaide","Brisbane","All Airlines","Jan-24",334,325,9,253,250,72,75,2024,1
"Adelaide-Canberra","Adelaide","Canberra","All Airlines","Jan-24",77,76,1,63,63,13,13,2024,1
"Adelaide-Gold Coast","Adelaide","Gold Coast","All Airlines","Jan-24",85,85,0,68,67,17,18,2024,1
"Adelaide-Melbourne","Adelaide","Melbourne","All Airlines","Jan-24",663,647,16,426,430,221,217,2024,1
"Adelaide-Perth","Adelaide","Perth","All Airlines","Jan-24",211,209,2,144,152,65,57,2024,1
"Adelaide-Port Lincoln","Adelaide","Port Lincoln","All Airlines","Jan-24",279,277,2,259,256,18,21,2024,1
"Adelaide-Sydney","Adelaide","Sydney","All Airlines","Jan-24",593,569,24,426,448,143,121,2024,1
"Albury-Sydney","Albury","Sydney","All Airlines","Jan-24",154,153,1,132,131,21,22,2024,1
"Alice Springs-Adelaide","Alice Springs","Adelaide","All Airlines","Jan-24",57,57,0,47,50,10,7,2024,1
"Ballina-Sydney","Ballina","Sydney","All Airlines","Jan-24",187,182,5,140,145,42,37,2024,1
"Brisbane-Adelaide","Brisbane","Adelaide","All Airlines","Jan-24",334,323,11,225,239,98,84,2024,1
"Brisbane-Cairns","Brisbane","Cairns","All Airlines","Jan-24",408,397,11,285,297,112,100,2024,1
"Brisbane-Canberra","Brisbane","Canberra","All Airlines","Jan-24",241,236,5,159,167,77,69,2024,1
"Brisbane-Darwin","Brisbane","Darwin","All Airlines","Jan-24",117,116,1,86,92,30,24,2024,1
"Brisbane-Emerald","Brisbane","Emerald","All Airlines","Jan-24",132,131,1,94,101,37,30,2024,1
"Brisbane-Gladstone","Brisbane","Gladstone","All Airlines","Jan-24",146,144,2,97,89,47,55,2024,1
"Brisbane-Hamilton Island","Brisbane","Hamilton Island","All Airlines","Jan-24",72,69,3,52,48,17,21,2024,1
"Brisbane-Hobart","Brisbane","Hobart","All Airlines","Jan-24",133,130,3,103,102,27,28,2024,1
"Brisbane-Launceston","Brisbane","Launceston","All Airlines","Jan-24",59,59,0,36,39,23,20,2024,1
"Brisbane-Mackay","Brisbane","Mackay","All Airlines","Jan-24",314,303,11,188,167,115,136,2024,1
"Brisbane-Melbourne","Brisbane","Melbourne","All Airlines","Jan-24",1021,957,64,668,617,289,340,2024,1
"Brisbane-Mount Isa","Brisbane","Mount Isa","All Airlines","Jan-24",66,66,0,56,55,10,11,2024,1
"Brisbane-Newcastle","Brisbane","Newcastle","All Airlines","Jan-24",241,235,6,169,163,66,72,2024,1
"Brisbane-Perth","Brisbane","Perth","All Airlines","Jan-24",311,306,5,215,255,91,51,2024,1
"Brisbane-Proserpine","Brisbane","Proserpine","All Airlines","Jan-24",118,113,5,76,76,37,37,2024,1
"Brisbane-Rockhampton","Brisbane","Rockhampton","All Airlines","Jan-24",287,282,5,200,189,82,93,2024,1
"Brisbane-Sydney","Brisbane","Sydney","All Airlines","Jan-24",1192,1143,49,854,871,289,272,2024,1
"Brisbane-Townsville","Brisbane","Townsville","All Airlines","Jan-24",321,300,21,188,188,112,112,2024,1
"Broome-Perth","Broome","Perth","All Airlines","Jan-24",115,111,4,85,85,26,26,2024,1
"Cairns-Brisbane","Cairns","Brisbane","All Airlines","Jan-24",407,395,12,296,287,99,108,2024,1
"Cairns-Melbourne","Cairns","Melbourne","All Airlines","Jan-24",246,233,13,165,156,68,77,2024,1
"Cairns-Sydney","Cairns","Sydney","All Airlines","Jan-24",275,269,6,216,209,53,60,2024,1
"Cairns-Townsville","Cairns","Townsville","All Airlines","Jan-24",144,136,8,119,115,17,21,2024,1
"Canberra-Adelaide","Canberra","Adelaide","All Airlines","Jan-24",76,75,1,56,57,19,18,2024,1
"Canberra-Brisbane","Canberra","Brisbane","All Airlines","Jan-24",242,238,4,175,166,63,72,2024,1
"Canberra-Gold Coast","Canberra","Gold Coast","All Airlines","Jan-24",53,53,0,41,43,12,10,2024,1
"Canberra-Melbourne","Canberra","Melbourne","All Airlines","Jan-24",348,343,5,237,226,106,117,2024,1
"Canberra-Sydney","Canberra","Sydney","All Airlines","Jan-24",475,464,11,381,390,83,74,2024,1
"Coffs Harbour-Sydney","Coffs Harbour","Sydney","All Airlines","Jan-24",204,204,0,171,163,33,41,2024,1
"Darwin-Brisbane","Darwin","Brisbane","All Airlines","Jan-24",119,118,1,89,85,29,33,2024,1
"Darwin-Melbourne","Darwin","Melbourne","All Airlines","Jan-24",90,87,3,55,42,32,45,2024,1
"Darwin-Perth","Darwin","Perth","All Airlines","Jan-24",54,54,0,38,43,16,11,2024,1
"Devonport-Melbourne","Devonport","Melbourne","All Airlines","Jan-24",153,150,3,110,103,40,47,2024,1
"Dubbo-Sydney","Dubbo","Sydney","All Airlines","Jan-24",170,170,0,140,134,30,36,2024,1
"Emerald-Brisbane","Emerald","Brisbane","All Airlines","Jan-24",132,130,2,103,94,27,36,2024,1
"Gladstone-Brisbane","Gladstone","Brisbane","All Airlines","Jan-24",147,144,3,88,88,56,56,2024,1
"Gold Coast-Adelaide","Gold Coast","Adelaide","All Airlines","Jan-24",85,85,0,56,65,29,20,2024,1
"Gold Coast-Canberra","Gold Coast","Canberra","All Airlines","Jan-24",53,53,0,31,33,22,20,2024,1
"Gold Coast-Melbourne","Gold Coast","Melbourne","All Airlines","Jan-24",775,744,31,471,499,273,245,2024,1
"Gold Coast-Sydney","Gold Coast","Sydney","All Airlines","Jan-24",794,769,25,529,566,240,203,2024,1
"Hamilton Island-Brisbane","Hamilton Island","Brisbane","All Airlines","Jan-24",72,69,3,41,39,28,30,2024,1
"Hamilton Island-Sydney","Hamilton Island","Sydney","All Airlines","Jan-24",83,80,3,47,44,33,36,2024,1
"Hobart-Brisbane","Hobart","Brisbane","All Airlines","Jan-24",133,127,6,88,90,39,37,2024,1
"Hobart-Melbourne","Hobart","Melbourne","All Airlines","Jan-24",529,521,8,379,363,142,158,2024,1
"Hobart-Sydney","Hobart","Sydney","All Airlines","Jan-24",285,283,2,239,237,44,46,2024,1
"Kalgoorlie-Perth","Kalgoorlie","Perth","All Airlines","Jan-24",163,158,5,124,122,34,36,2024,1
"Karratha-Perth","Karratha","Perth","All Airlines","Jan-24",216,215,1,176,173,39,42,2024,1
"Launceston-Brisbane","Launceston","Brisbane","All Airlines","Jan-24",59,59,0,34,42,25,17,2024,1
"Launceston-Melbourne","Launceston","Melbourne","All Airlines","Jan-24",373,364,9,247,259,117,105,2024,1
"Launceston-Sydney","Launceston","Sydney","All Airlines","Jan-24",133,129,4,95,93,34,36,2024,1
"Mackay-Brisbane","Mackay","Brisbane","All Airlines","Jan-24",319,306,13,189,174,117,132,2024,1
"Melbourne-Adelaide","Melbourne","Adelaide","All Airlines","Jan-24",668,652,16,444,417,208,235,2024,1
"Melbourne-Brisbane","Melbourne","Brisbane","All Airlines","Jan-24",1025,969,56,657,620,312,349,2024,1
"Melbourne-Cairns","Melbourne","Cairns","All Airlines","Jan-24",247,235,12,162,175,73,60,2024,1
"Melbourne-Canberra","Melbourne","Canberra","All Airlines","Jan-24",349,347,2,231,235,116,112,2024,1
"Melbourne-Darwin","Melbourne","Darwin","All Airlines","Jan-24",86,84,2,43,39,41,45,2024,1
"Melbourne-Devonport","Melbourne","Devonport","All Airlines","Jan-24",154,151,3,103,99,48,52,2024,1
"Melbourne-Gold Coast","Melbourne","Gold Coast","All Airlines","Jan-24",773,743,30,497,505,246,238,2024,1
"Melbourne-Hobart","Melbourne","Hobart","All Airlines","Jan-24",529,522,7,393,393,129,129,2024,1
"Melbourne-Launceston","Melbourne","Launceston","All Airlines","Jan-24",374,366,8,240,232,126,134,2024,1
"Melbourne-Mildura","Melbourne","Mildura","All Airlines","Jan-24",179,177,2,126,112,51,65,2024,1
"Melbourne-Newcastle","Melbourne","Newcastle","All Airlines","Jan-24",139,138,1,103,97,35,41,2024,1
"Melbourne-Perth","Melbourne","Perth","All Airlines","Jan-24",507,498,9,318,334,180,164,2024,1
"Melbourne-Sunshine Coast","Melbourne","Sunshine Coast","All Airlines","Jan-24",265,262,3,195,196,67,66,2024,1
"Melbourne-Sydney","Melbourne","Sydney","All Airlines","Jan-24",2099,1944,155,1368,1369,576,575,2024,1
"Mildura-Melbourne","Mildura","Melbourne","All Airlines","Jan-24",177,174,3,115,104,59,70,2024,1
"Mount Isa-Brisbane","Mount Isa","Brisbane","All Airlines","Jan-24",66,66,0,58,54,8,12,2024,1
"Newcastle-Brisbane","Newcastle","Brisbane","All Airlines","Jan-24",240,231,9,182,175,49,56,2024,1
"Newcastle-Melbourne","Newcastle","Melbourne","All Airlines","Jan-24",139,136,3,87,81,49,55,2024,1
"Newman-Perth","Newman","Perth","All Airlines","Jan-24",181,168,13,125,128,43,40,2024,1
"Perth-Adelaide","Perth","Adelaide","All Airlines","Jan-24",211,207,4,177,158,30,49,2024,1
"Perth-Brisbane","Perth","Brisbane","All Airlines","Jan-24",315,309,6,244,237,65,72,2024,1
"Perth-Broome","Perth","Broome","All Airlines","Jan-24",114,112,2,87,95,25,17,2024,1
"Perth-Darwin","Perth","Darwin","All Airlines","Jan-24",55,55,0,44,39,11,16,2024,1
"Perth-Kalgoorlie","Perth","Kalgoorlie","All Airlines","Jan-24",163,159,4,133,129,26,30,2024,1
"Perth-Karratha","Perth","Karratha","All Airlines","Jan-24",217,216,1,177,179,39,37,2024,1
"Perth-Melbourne","Perth","Melbourne","All Airlines","Jan-24",516,505,11,356,366,149,139,2024,1
"Perth-Newman","Perth","Newman","All Airlines","Jan-24",181,168,13,150,149,18,19,2024,1
"Perth-Port Hedland","Perth","Port Hedland","All Airlines","Jan-24",207,203,4,180,175,23,28,2024,1
"Perth-Sydney","Perth","Sydney","All Airlines","Jan-24",442,436,6,318,322,118,114,2024,1
"Port Hedland-Perth","Port Hedland","Perth","All Airlines","Jan-24",206,200,6,169,156,31,44,2024,1
"Port Lincoln-Adelaide","Port Lincoln","Adelaide","All Airlines","Jan-24",278,275,3,252,251,23,24,2024,1
"Port Macquarie-Sydney","Port Macquarie","Sydney","All Airlines","Jan-24",162,159,3,129,125,30,34,2024,1
"Proserpine-Brisbane","Proserpine","Brisbane","All Airlines","Jan-24",118,113,5,62,61,51,52,2024,1
"Rockhampton-Brisbane","Rockhampton","Brisbane","All Airlines","Jan-24",286,279,7,199,188,80,91,2024,1
"Sunshine Coast-Melbourne","Sunshine Coast","Melbourne","All Airlines","Jan-24",267,261,6,167,141,94,120,2024,1
"Sunshine Coast-Sydney","Sunshine Coast","Sydney","All Airlines","Jan-24",256,254,2,175,168,79,86,2024,1
"Sydney-Adelaide","Sydney","Adelaide","All Airlines","Jan-24",594,574,20,433,423,141,151,2024,1
"Sydney-Albury","Sydney","Albury","All Airlines","Jan-24",155,154,1,124,130,30,24,2024,1
"Sydney-Ballina","Sydney","Ballina","All Airlines","Jan-24",187,185,2,145,146,40,39,2024,1
"Sydney-Brisbane","Sydney","Brisbane","All Airlines","Jan-24",1194,1135,59,835,828,300,307,2024,1
"Sydney-Cairns","Sydney","Cairns","All Airlines","Jan-24",274,270,4,210,221,60,49,2024,1
"Sydney-Canberra","Sydney","Canberra","All Airlines","Jan-24",475,467,8,368,384,99,83,2024,1
"Sydney-Coffs Harbour","Sydney","Coffs Harbour","All Airlines","Jan-24",207,207,0,164,161,43,46,2024,1
"Sydney-Dubbo","Sydney","Dubbo","All Airlines","Jan-24",175,175,0,144,149,31,26,2024,1
"Sydney-Gold Coast","Sydney","Gold Coast","All Airlines","Jan-24",795,772,23,586,580,186,192,2024,1
"Sydney-Hamilton Island","Sydney","Hamilton Island","All Airlines","Jan-24",83,80,3,61,61,19,19,2024,1
"Sydney-Hobart","Sydney","Hobart","All Airlines","Jan-24",285,283,2,233,242,50,41,2024,1
"Sydney-Launceston","Sydney","Launceston","All Airlines","Jan-24",133,130,3,102,105,28,25,2024,1
"Sydney-Melbourne","Sydney","Melbourne","All Airlines","Jan-24",2092,1940,152,1369,1303,571,637,2024,1
"Sydney-Perth","Sydney","Perth","All Airlines","Jan-24",458,453,5,315,304,138,149,2024,1
"Sydney-Port Macquarie","Sydney","Port Macquarie","All Airlines","Jan-24",163,162,1,130,132,32,30,2024,1
"Sydney-Sunshine Coast","Sydney","Sunshine Coast","All Airlines","Jan-24",255,254,1,196,194,58,60,2024,1
"Sydney-Wagga Wagga","Sydney","Wagga Wagga","All Airlines","Jan-24",159,158,1,127,129,31,29,2024,1
"Townsville-Brisbane","Townsville","Brisbane","All Airlines","Jan-24",319,299,20,185,177,114,122,2024,1
"Townsville-Cairns","Townsville","Cairns","All Airlines","Jan-24",145,135,10,116,116,19,19,2024,1
"Wagga Wagga-Sydney","Wagga Wagga","Sydney","All Airlines","Jan-24",157,156,1,123,122,33,34,2024,1
"Melbourne-Sunshine Coast","Melbourne","Sunshine Coast","Bonza","Feb-24",13,13,0,6,5,7,8,2024,2
"Sunshine Coast-Melbourne","Sunshine Coast","Melbourne","Bonza","Feb-24",13,13,0,6,7,7,6,2024,2
"Melbourne-Mildura","Melbourne","Mildura","Bonza","Feb-24",8,8,0,4,4,4,4,2024,2
"Mildura-Melbourne","Mildura","Melbourne","Bonza","Feb-24",8,8,0,2,2,6,6,2024,2
"Gold Coast-Melbourne","Gold Coast","Melbourne","Bonza","Feb-24",17,15,2,15,12,0,3,2024,2
"Melbourne-Gold Coast","Melbourne","Gold Coast","Bonza","Feb-24",17,15,2,11,8,4,7,2024,2
"Adelaide-Brisbane","Adelaide","Brisbane","Jetstar","Feb-24",30,29,1,24,25,5,4,2024,2
"Adelaide-Gold Coast","Adelaide","Gold Coast","Jetstar","Feb-24",29,29,0,28,28,1,1,2024,2
"Adelaide-Melbourne","Adelaide","Melbourne","Jetstar","Feb-24",108,108,0,76,83,32,25,2024,2
"Adelaide-Perth","Adelaide","Perth","Jetstar","Feb-24",38,38,0,32,34,6,4,2024,2
"Adelaide-Sydney","Adelaide","Sydney","Jetstar","Feb-24",114,106,8,79,78,27,28,2024,2
"Ballina-Sydney","Ballina","Sydney","Jetstar","Feb-24",75,73,2,54,59,19,14,2024,2
"Brisbane-Adelaide","Brisbane","Adelaide","Jetstar","Feb-24",30,29,1,24,25,5,4,2024,2
"Brisbane-Cairns","Brisbane","Cairns","Jetstar","Feb-24",63,62,1,53,54,9,8,2024,2
"Brisbane-Canberra","Brisbane","Canberra","Jetstar","Feb-24",29,29,0,19,19,10,10,2024,2
"Brisbane-Darwin","Brisbane","Darwin","Jetstar","Feb-24",13,13,0,10,10,3,3,2024,2
"Brisbane-Hobart","Brisbane","Hobart","Jetstar","Feb-24",29,29,0,25,25,4,4,2024,2
"Brisbane-Launceston","Brisbane","Launceston","Jetstar","Feb-24",21,21,0,12,12,9,9,2024,2
"Brisbane-Mackay","Brisbane","Mackay","Jetstar","Feb-24",29,29,0,28,28,1,1,2024,2
"Brisbane-Melbourne","Brisbane","Melbourne","Jetstar","Feb-24",134,132,2,88,96,44,36,2024,2
"Brisbane-Newcastle","Brisbane","Newcastle","Jetstar","Feb-24",48,47,1,38,39,9,8,2024,2
"Brisbane-Perth","Brisbane","Perth","Jetstar","Feb-24",29,29,0,19,28,10,1,2024,2
"Brisbane-Proserpine","Brisbane","Proserpine","Jetstar","Feb-24",22,22,0,19,18,3,4,2024,2
"Brisbane-Sydney","Brisbane","Sydney","Jetstar","Feb-24",150,142,8,104,112,38,30,2024,2
"Brisbane-Townsville","Brisbane","Townsville","Jetstar","Feb-24",49,49,0,37,38,12,11,2024,2
"Cairns-Brisbane","Cairns","Brisbane","Jetstar","Feb-24",63,63,0,51,52,12,11,2024,2
"Cairns-Melbourne","Cairns","Melbourne","Jetstar","Feb-24",66,62,4,37,41,25,21,2024,2
"Cairns-Sydney","Cairns","Sydney","Jetstar","Feb-24",82,79,3,57,57,22,22,2024,2
"Canberra-Brisbane","Canberra","Brisbane","Jetstar","Feb-24",29,29,0,18,18,11,11,2024,2
"Canberra-Gold Coast","Canberra","Gold Coast","Jetstar","Feb-24",21,19,2,13,14,6,5,2024,2
"Canberra-Melbourne","Canberra","Melbourne","Jetstar","Feb-24",21,21,0,12,10,9,11,2024,2
"Darwin-Brisbane","Darwin","Brisbane","Jetstar","Feb-24",14,13,1,9,10,4,3,2024,2
"Darwin-Melbourne","Darwin","Melbourne","Jetstar","Feb-24",16,16,0,7,7,9,9,2024,2
"Gold Coast-Adelaide","Gold Coast","Adelaide","Jetstar","Feb-24",29,29,0,26,27,3,2,2024,2
"Gold Coast-Canberra","Gold Coast","Canberra","Jetstar","Feb-24",21,20,1,16,16,4,4,2024,2
"Gold Coast-Melbourne","Gold Coast","Melbourne","Jetstar","Feb-24",232,225,7,166,172,59,53,2024,2
"Gold Coast-Sydney","Gold Coast","Sydney","Jetstar","Feb-24",213,202,11,156,162,46,40,2024,2
"Hamilton Island-Sydney","Hamilton Island","Sydney","Jetstar","Feb-24",18,18,0,11,13,7,5,2024,2
"Hobart-Brisbane","Hobart","Brisbane","Jetstar","Feb-24",29,29,0,22,22,7,7,2024,2
"Hobart-Melbourne","Hobart","Melbourne","Jetstar","Feb-24",149,148,1,92,100,56,48,2024,2
"Hobart-Sydney","Hobart","Sydney","Jetstar","Feb-24",89,87,2,71,76,16,11,2024,2
"Launceston-Brisbane","Launceston","Brisbane","Jetstar","Feb-24",21,21,0,11,13,10,8,2024,2
"Launceston-Melbourne","Launceston","Melbourne","Jetstar","Feb-24",117,116,1,70,76,46,40,2024,2
"Launceston-Sydney","Launceston","Sydney","Jetstar","Feb-24",47,45,2,36,34,9,11,2024,2
"Mackay-Brisbane","Mackay","Brisbane","Jetstar","Feb-24",29,29,0,23,25,6,4,2024,2
"Melbourne-Adelaide","Melbourne","Adelaide","Jetstar","Feb-24",108,108,0,80,77,28,31,2024,2
"Melbourne-Brisbane","Melbourne","Brisbane","Jetstar","Feb-24",135,133,2,82,84,51,49,2024,2
"Melbourne-Cairns","Melbourne","Cairns","Jetstar","Feb-24",66,62,4,45,40,17,22,2024,2
"Melbourne-Canberra","Melbourne","Canberra","Jetstar","Feb-24",22,22,0,12,11,10,11,2024,2
"Melbourne-Darwin","Melbourne","Darwin","Jetstar","Feb-24",19,19,0,15,14,4,5,2024,2
"Melbourne-Gold Coast","Melbourne","Gold Coast","Jetstar","Feb-24",232,224,8,157,159,67,65,2024,2
"Melbourne-Hobart","Melbourne","Hobart","Jetstar","Feb-24",149,148,1,104,102,44,46,2024,2
"Melbourne-Launceston","Melbourne","Launceston","Jetstar","Feb-24",116,116,0,73,73,43,43,2024,2
"Melbourne-Newcastle","Melbourne","Newcastle","Jetstar","Feb-24",60,59,1,38,39,21,20,2024,2
"Melbourne-Perth","Melbourne","Perth","Jetstar","Feb-24",65,65,0,48,51,17,14,2024,2
"Melbourne-Sunshine Coast","Melbourne","Sunshine Coast","Jetstar","Feb-24",65,64,1,52,51,12,13,2024,2
"Melbourne-Sydney","Melbourne","Sydney","Jetstar","Feb-24",435,414,21,298,299,116,115,2024,2
"Newcastle-Brisbane","Newcastle","Brisbane","Jetstar","Feb-24",50,48,2,36,36,12,12,2024,2
"Newcastle-Melbourne","Newcastle","Melbourne","Jetstar","Feb-24",60,59,1,34,33,25,26,2024,2
"Perth-Adelaide","Perth","Adelaide","Jetstar","Feb-24",38,38,0,34,34,4,4,2024,2
"Perth-Brisbane","Perth","Brisbane","Jetstar","Feb-24",29,29,0,24,23,5,6,2024,2
"Perth-Melbourne","Perth","Melbourne","Jetstar","Feb-24",64,63,1,44,50,19,13,2024,2
"Perth-Sydney","Perth","Sydney","Jetstar","Feb-24",41,39,2,23,27,16,12,2024,2
"Proserpine-Brisbane","Proserpine","Brisbane","Jetstar","Feb-24",22,22,0,19,19,3,3,2024,2
"Sunshine Coast-Melbourne","Sunshine Coast","Melbourne","Jetstar","Feb-24",64,63,1,45,43,18,20,2024,2
"Sunshine Coast-Sydney","Sunshine Coast","Sydney","Jetstar","Feb-24",96,94,2,70,72,24,22,2024,2
"Sydney-Adelaide","Sydney","Adelaide","Jetstar","Feb-24",116,108,8,71,78,37,30,2024,2
"Sydney-Ballina","Sydney","Ballina","Jetstar","Feb-24",75,74,1,62,60,12,14,2024,2
"Sydney-Brisbane","Sydney","Brisbane","Jetstar","Feb-24",148,139,9,112,113,27,26,2024,2
"Sydney-Cairns","Sydney","Cairns","Jetstar","Feb-24",79,79,0,64,66,15,13,2024,2
"Sydney-Gold Coast","Sydney","Gold Coast","Jetstar","Feb-24",213,202,11,154,156,48,46,2024,2
"Sydney-Hamilton Island","Sydney","Hamilton Island","Jetstar","Feb-24",18,18,0,17,15,1,3,2024,2
"Sydney-Hobart","Sydney","Hobart","Jetstar","Feb-24",88,87,1,72,75,15,12,2024,2
"Sydney-Launceston","Sydney","Launceston","Jetstar","Feb-24",47,45,2,40,39,5,6,2024,2
"Sydney-Melbourne","Sydney","Melbourne","Jetstar","Feb-24",434,416,18,307,304,109,112,2024,2
"Sydney-Perth","Sydney","Perth","Jetstar","Feb-24",39,39,0,29,28,10,11,2024,2
"Sydney-Sunshine Coast","Sydney","Sunshine Coast","Jetstar","Feb-24",97,96,1,79,80,17,16,2024,2
"Townsville-Brisbane","Townsville","Brisbane","Jetstar","Feb-24",50,49,1,34,33,15,16,2024,2
"Adelaide-Melbourne","Adelaide","Melbourne","Qantas","Feb-24",238,234,4,169,157,65,77,2024,2
"Adelaide-Perth","Adelaide","Perth","Qantas","Feb-24",87,73,14,56,59,17,14,2024,2
"Adelaide-Sydney","Adelaide","Sydney","Qantas","Feb-24",220,217,3,163,167,54,50,2024,2
"Brisbane-Cairns","Brisbane","Cairns","Qantas","Feb-24",67,60,7,48,50,12,10,2024,2
"Brisbane-Hamilton Island","Brisbane","Hamilton Island","Qantas","Feb-24",3,3,0,3,3,0,0,2024,2
"Brisbane-Mackay","Brisbane","Mackay","Qantas","Feb-24",44,44,0,41,42,3,2,2024,2
"Brisbane-Melbourne","Brisbane","Melbourne","Qantas","Feb-24",353,345,8,274,258,71,87,2024,2
"Brisbane-Mount Isa","Brisbane","Mount Isa","Qantas","Feb-24",50,49,1,46,44,3,5,2024,2
"Brisbane-Perth","Brisbane","Perth","Qantas","Feb-24",139,139,0,111,124,28,15,2024,2
"Brisbane-Sydney","Brisbane","Sydney","Qantas","Feb-24",493,471,22,372,376,99,95,2024,2
"Brisbane-Townsville","Brisbane","Townsville","Qantas","Feb-24",60,56,4,48,50,8,6,2024,2
"Cairns-Brisbane","Cairns","Brisbane","Qantas","Feb-24",66,60,6,55,55,5,5,2024,2
"Cairns-Melbourne","Cairns","Melbourne","Qantas","Feb-24",33,33,0,20,22,13,11,2024,2
"Cairns-Sydney","Cairns","Sydney","Qantas","Feb-24",53,53,0,38,37,15,16,2024,2
"Gold Coast-Melbourne","Gold Coast","Melbourne","Qantas","Feb-24",37,37,0,22,21,15,16,2024,2
"Gold Coast-Sydney","Gold Coast","Sydney","Qantas","Feb-24",116,116,0,83,86,33,30,2024,2
"Hamilton Island-Brisbane","Hamilton Island","Brisbane","Qantas","Feb-24",5,5,0,3,3,2,2,2024,2
"Hamilton Island-Sydney","Hamilton Island","Sydney","Qantas","Feb-24",28,27,1,15,16,12,11,2024,2
"Hobart-Melbourne","Hobart","Melbourne","Qantas","Feb-24",73,72,1,55,54,17,18,2024,2
"Hobart-Sydney","Hobart","Sydney","Qantas","Feb-24",33,33,0,19,23,14,10,2024,2
"Kalgoorlie-Perth","Kalgoorlie","Perth","Qantas","Feb-24",17,16,1,13,14,3,2,2024,2
"Karratha-Perth","Karratha","Perth","Qantas","Feb-24",15,14,1,9,11,5,3,2024,2
"Mackay-Brisbane","Mackay","Brisbane","Qantas","Feb-24",44,44,0,39,41,5,3,2024,2
"Melbourne-Adelaide","Melbourne","Adelaide","Qantas","Feb-24",239,234,5,161,155,73,79,2024,2
"Melbourne-Brisbane","Melbourne","Brisbane","Qantas","Feb-24",356,348,8,267,242,81,106,2024,2
"Melbourne-Cairns","Melbourne","Cairns","Qantas","Feb-24",33,33,0,25,22,8,11,2024,2
"Melbourne-Gold Coast","Melbourne","Gold Coast","Qantas","Feb-24",37,37,0,27,27,10,10,2024,2
"Melbourne-Hobart","Melbourne","Hobart","Qantas","Feb-24",73,72,1,51,50,21,22,2024,2
"Melbourne-Perth","Melbourne","Perth","Qantas","Feb-24",194,188,6,112,107,76,81,2024,2
"Melbourne-Sunshine Coast","Melbourne","Sunshine Coast","Qantas","Feb-24",29,29,0,22,19,7,10,2024,2
"Melbourne-Sydney","Melbourne","Sydney","Qantas","Feb-24",837,770,67,547,469,223,301,2024,2
"Mount Isa-Brisbane","Mount Isa","Brisbane","Qantas","Feb-24",50,49,1,42,42,7,7,2024,2
"Newman-Perth","Newman","Perth","Qantas","Feb-24",19,19,0,18,18,1,1,2024,2
"Perth-Adelaide","Perth","Adelaide","Qantas","Feb-24",87,72,15,63,61,9,11,2024,2
"Perth-Brisbane","Perth","Brisbane","Qantas","Feb-24",139,139,0,114,104,25,35,2024,2
"Perth-Kalgoorlie","Perth","Kalgoorlie","Qantas","Feb-24",17,16,1,16,16,0,0,2024,2
"Perth-Karratha","Perth","Karratha","Qantas","Feb-24",12,11,1,9,9,2,2,2024,2
"Perth-Melbourne","Perth","Melbourne","Qantas","Feb-24",196,193,3,125,134,68,59,2024,2
"Perth-Newman","Perth","Newman","Qantas","Feb-24",19,19,0,19,19,0,0,2024,2
"Perth-Sydney","Perth","Sydney","Qantas","Feb-24",195,183,12,105,105,78,78,2024,2
"Sunshine Coast-Melbourne","Sunshine Coast","Melbourne","Qantas","Feb-24",29,29,0,19,19,10,10,2024,2
"Sunshine Coast-Sydney","Sunshine Coast","Sydney","Qantas","Feb-24",53,52,1,36,35,16,17,2024,2
"Sydney-Adelaide","Sydney","Adelaide","Qantas","Feb-24",220,219,1,146,147,73,72,2024,2
"Sydney-Brisbane","Sydney","Brisbane","Qantas","Feb-24",497,477,20,321,311,156,166,2024,2
"Sydney-Cairns","Sydney","Cairns","Qantas","Feb-24",53,53,0,37,40,16,13,2024,2
"Sydney-Gold Coast","Sydney","Gold Coast","Qantas","Feb-24",116,116,0,73,74,43,42,2024,2
"Sydney-Hamilton Island","Sydney","Hamilton Island","Qantas","Feb-24",29,28,1,16,15,12,13,2024,2
"Sydney-Hobart","Sydney","Hobart","Qantas","Feb-24",33,33,0,26,25,7,8,2024,2
"Sydney-Melbourne","Sydney","Melbourne","Qantas","Feb-24",837,760,77,508,491,252,269,2024,2
"Sydney-Perth","Sydney","Perth","Qantas","Feb-24",195,186,9,101,106,85,80,2024,2
"Sydney-Sunshine Coast","Sydney","Sunshine Coast","Qantas","Feb-24",52,52,0,33,32,19,20,2024,2
"Townsville-Brisbane","Townsville","Brisbane","Qantas","Feb-24",59,54,5,46,44,8,10,2024,2
"Canberra-Sydney","Canberra","Sydney","Qantas","Feb-24",17,17,0,17,17,0,0,2024,2
"Canberra-Melbourne","Canberra","Melbourne","Qantas","Feb-24",14,14,0,12,11,2,3,2024,2
"Melbourne-Canberra","Melbourne","Canberra","Qantas","Feb-24",16,16,0,6,7,10,9,2024,2
"Sydney-Canberra","Sydney","Canberra","Qantas","Feb-24",17,17,0,17,17,0,0,2024,2
"Broome-Perth","Broome","Perth","Qantas","Feb-24",6,6,0,3,3,3,3,2024,2
"Perth-Broome","Perth","Broome","Qantas","Feb-24",5,5,0,2,2,3,3,2024,2
"Perth-Port Hedland","Perth","Port Hedland","Qantas","Feb-24",9,9,0,6,7,3,2,2024,2
"Port Hedland-Perth","Port Hedland","Perth","Qantas","Feb-24",12,12,0,9,9,3,3,2024,2
"Adelaide-Perth","Adelaide","Perth","QantasLink","Feb-24",5,5,0,4,1,1,4,2024,2
"Melbourne-Sydney","Melbourne","Sydney","QantasLink","Feb-24",16,15,1,12,10,3,5,2024,2
"Perth-Adelaide","Perth","Adelaide","QantasLink","Feb-24",5,5,0,1,1,4,4,2024,2
"Sydney-Melbourne","Sydney","Melbourne","QantasLink","Feb-24",16,15,1,10,9,5,6,2024,2
"Brisbane-Darwin","Brisbane","Darwin","QantasLink","Feb-24",58,58,0,47,52,11,6,2024,2
"Brisbane-Hamilton Island","Brisbane","Hamilton Island","QantasLink","Feb-24",21,21,0,14,12,7,9,2024,2
"Darwin-Brisbane","Darwin","Brisbane","QantasLink","Feb-24",58,58,0,51,49,7,9,2024,2
"Hamilton Island-Brisbane","Hamilton Island","Brisbane","QantasLink","Feb-24",21,21,0,7,6,14,15,2024,2
"Darwin-Melbourne","Darwin","Melbourne","QantasLink","Feb-24",28,28,0,26,14,2,14,2024,2
"Melbourne-Darwin","Melbourne","Darwin","QantasLink","Feb-24",28,28,0,13,5,15,23,2024,2
"Adelaide-Alice Springs","Adelaide","Alice Springs","QantasLink","Feb-24",41,41,0,37,37,4,4,2024,2
"Adelaide-Brisbane","Adelaide","Brisbane","QantasLink","Feb-24",149,149,0,125,125,24,24,2024,2
"Adelaide-Canberra","Adelaide","Canberra","QantasLink","Feb-24",83,83,0,72,72,11,11,2024,2
"Adelaide-Melbourne","Adelaide","Melbourne","QantasLink","Feb-24",13,10,3,10,10,0,0,2024,2
"Adelaide-Port Lincoln","Adelaide","Port Lincoln","QantasLink","Feb-24",128,125,3,106,109,19,16,2024,2
"Albury-Sydney","Albury","Sydney","QantasLink","Feb-24",99,95,4,63,65,32,30,2024,2
"Alice Springs-Adelaide","Alice Springs","Adelaide","QantasLink","Feb-24",41,41,0,35,35,6,6,2024,2
"Ballina-Sydney","Ballina","Sydney","QantasLink","Feb-24",50,46,4,30,30,16,16,2024,2
"Brisbane-Adelaide","Brisbane","Adelaide","QantasLink","Feb-24",149,149,0,110,125,39,24,2024,2
"Brisbane-Cairns","Brisbane","Cairns","QantasLink","Feb-24",85,85,0,61,63,24,22,2024,2
"Brisbane-Canberra","Brisbane","Canberra","QantasLink","Feb-24",154,152,2,124,127,28,25,2024,2
"Brisbane-Emerald","Brisbane","Emerald","QantasLink","Feb-24",121,118,3,99,102,19,16,2024,2
"Brisbane-Gladstone","Brisbane","Gladstone","QantasLink","Feb-24",133,132,1,98,100,34,32,2024,2
"Brisbane-Hobart","Brisbane","Hobart","QantasLink","Feb-24",25,25,0,21,20,4,5,2024,2
"Brisbane-Mackay","Brisbane","Mackay","QantasLink","Feb-24",114,113,1,70,67,43,46,2024,2
"Brisbane-Newcastle","Brisbane","Newcastle","QantasLink","Feb-24",112,109,3,91,79,18,30,2024,2
"Brisbane-Proserpine","Brisbane","Proserpine","QantasLink","Feb-24",21,20,1,16,17,4,3,2024,2
"Brisbane-Rockhampton","Brisbane","Rockhampton","QantasLink","Feb-24",187,176,11,133,134,43,42,2024,2
"Brisbane-Townsville","Brisbane","Townsville","QantasLink","Feb-24",71,71,0,50,52,21,19,2024,2
"Broome-Perth","Broome","Perth","QantasLink","Feb-24",75,47,28,37,36,10,11,2024,2
"Cairns-Brisbane","Cairns","Brisbane","QantasLink","Feb-24",85,85,0,60,61,25,24,2024,2
"Cairns-Townsville","Cairns","Townsville","QantasLink","Feb-24",137,130,7,111,113,19,17,2024,2
"Canberra-Adelaide","Canberra","Adelaide","QantasLink","Feb-24",83,83,0,68,73,15,10,2024,2
"Canberra-Brisbane","Canberra","Brisbane","QantasLink","Feb-24",154,152,2,134,132,18,20,2024,2
"Canberra-Melbourne","Canberra","Melbourne","QantasLink","Feb-24",241,236,5,173,165,63,71,2024,2
"Canberra-Sydney","Canberra","Sydney","QantasLink","Feb-24",387,366,21,241,239,125,127,2024,2
"Coffs Harbour-Sydney","Coffs Harbour","Sydney","QantasLink","Feb-24",108,102,6,72,68,30,34,2024,2
"Darwin-Perth","Darwin","Perth","QantasLink","Feb-24",40,29,11,22,22,7,7,2024,2
"Devonport-Melbourne","Devonport","Melbourne","QantasLink","Feb-24",112,109,3,81,76,28,33,2024,2
"Dubbo-Sydney","Dubbo","Sydney","QantasLink","Feb-24",108,100,8,70,67,30,33,2024,2
"Emerald-Brisbane","Emerald","Brisbane","QantasLink","Feb-24",121,118,3,100,93,18,25,2024,2
"Gladstone-Brisbane","Gladstone","Brisbane","QantasLink","Feb-24",133,131,2,98,99,33,32,2024,2
"Hobart-Brisbane","Hobart","Brisbane","QantasLink","Feb-24",25,25,0,17,17,8,8,2024,2
"Hobart-Melbourne","Hobart","Melbourne","QantasLink","Feb-24",35,35,0,25,18,10,17,2024,2
"Hobart-Sydney","Hobart","Sydney","QantasLink","Feb-24",45,43,2,38,36,5,7,2024,2
"Kalgoorlie-Perth","Kalgoorlie","Perth","QantasLink","Feb-24",58,44,14,31,30,13,14,2024,2
"Karratha-Perth","Karratha","Perth","QantasLink","Feb-24",141,99,42,80,70,19,29,2024,2
"Launceston-Melbourne","Launceston","Melbourne","QantasLink","Feb-24",112,106,6,77,72,29,34,2024,2
"Launceston-Sydney","Launceston","Sydney","QantasLink","Feb-24",29,28,1,24,24,4,4,2024,2
"Mackay-Brisbane","Mackay","Brisbane","QantasLink","Feb-24",118,117,1,76,69,41,48,2024,2
"Melbourne-Adelaide","Melbourne","Adelaide","QantasLink","Feb-24",12,11,1,7,6,4,5,2024,2
"Melbourne-Canberra","Melbourne","Canberra","QantasLink","Feb-24",241,237,4,190,181,47,56,2024,2
"Melbourne-Devonport","Melbourne","Devonport","QantasLink","Feb-24",112,109,3,72,72,37,37,2024,2
"Melbourne-Hobart","Melbourne","Hobart","QantasLink","Feb-24",35,35,0,27,27,8,8,2024,2
"Melbourne-Launceston","Melbourne","Launceston","QantasLink","Feb-24",112,106,6,60,55,46,51,2024,2
"Melbourne-Mildura","Melbourne","Mildura","QantasLink","Feb-24",103,101,2,59,54,42,47,2024,2
"Melbourne-Newcastle","Melbourne","Newcastle","QantasLink","Feb-24",50,48,2,31,23,17,25,2024,2
"Mildura-Melbourne","Mildura","Melbourne","QantasLink","Feb-24",104,102,2,50,56,52,46,2024,2
"Newcastle-Brisbane","Newcastle","Brisbane","QantasLink","Feb-24",112,108,4,84,82,24,26,2024,2
"Newcastle-Melbourne","Newcastle","Melbourne","QantasLink","Feb-24",50,49,1,38,31,11,18,2024,2
"Newman-Perth","Newman","Perth","QantasLink","Feb-24",98,72,26,54,49,18,23,2024,2
"Perth-Broome","Perth","Broome","QantasLink","Feb-24",75,48,27,38,41,10,7,2024,2
"Perth-Darwin","Perth","Darwin","QantasLink","Feb-24",41,29,12,19,23,10,6,2024,2
"Perth-Kalgoorlie","Perth","Kalgoorlie","QantasLink","Feb-24",58,44,14,29,29,15,15,2024,2
"Perth-Karratha","Perth","Karratha","QantasLink","Feb-24",139,100,39,79,81,21,19,2024,2
"Perth-Newman","Perth","Newman","QantasLink","Feb-24",97,72,25,54,55,18,17,2024,2
"Perth-Port Hedland","Perth","Port Hedland","QantasLink","Feb-24",135,104,31,78,79,26,25,2024,2
"Port Hedland-Perth","Port Hedland","Perth","QantasLink","Feb-24",135,104,31,73,57,31,47,2024,2
"Port Lincoln-Adelaide","Port Lincoln","Adelaide","QantasLink","Feb-24",128,125,3,109,107,16,18,2024,2
"Port Macquarie-Sydney","Port Macquarie","Sydney","QantasLink","Feb-24",108,100,8,80,75,20,25,2024,2
"Proserpine-Brisbane","Proserpine","Brisbane","QantasLink","Feb-24",21,20,1,17,16,3,4,2024,2
"Rockhampton-Brisbane","Rockhampton","Brisbane","QantasLink","Feb-24",187,172,15,128,129,44,43,2024,2
"Sydney-Albury","Sydney","Albury","QantasLink","Feb-24",100,96,4,62,63,34,33,2024,2
"Sydney-Ballina","Sydney","Ballina","QantasLink","Feb-24",50,44,6,25,27,19,17,2024,2
"Sydney-Canberra","Sydney","Canberra","QantasLink","Feb-24",387,369,18,266,252,103,117,2024,2
"Sydney-Coffs Harbour","Sydney","Coffs Harbour","QantasLink","Feb-24",108,104,4,61,58,43,46,2024,2
"Sydney-Dubbo","Sydney","Dubbo","QantasLink","Feb-24",108,101,7,59,64,42,37,2024,2
"Sydney-Hobart","Sydney","Hobart","QantasLink","Feb-24",46,44,2,30,31,14,13,2024,2
"Sydney-Launceston","Sydney","Launceston","QantasLink","Feb-24",29,28,1,25,24,3,4,2024,2
"Sydney-Port Macquarie","Sydney","Port Macquarie","QantasLink","Feb-24",108,100,8,72,75,28,25,2024,2
"Sydney-Wagga Wagga","Sydney","Wagga Wagga","QantasLink","Feb-24",100,94,6,66,62,28,32,2024,2
"Townsville-Brisbane","Townsville","Brisbane","QantasLink","Feb-24",70,69,1,45,40,24,29,2024,2
"Townsville-Cairns","Townsville","Cairns","QantasLink","Feb-24",137,128,9,117,115,11,13,2024,2
"Wagga Wagga-Sydney","Wagga Wagga","Sydney","QantasLink","Feb-24",100,93,7,71,72,22,21,2024,2
"Adelaide-Melbourne","Adelaide","Melbourne","Rex Airlines","Feb-24",54,54,0,42,42,12,12,2024,2
"Adelaide-Port Lincoln","Adelaide","Port Lincoln","Rex Airlines","Feb-24",143,140,3,120,116,20,24,2024,2
"Albury-Sydney","Albury","Sydney","Rex Airlines","Feb-24",71,71,0,62,56,9,15,2024,2
"Brisbane-Melbourne","Brisbane","Melbourne","Rex Airlines","Feb-24",54,54,0,44,46,10,8,2024,2
"Brisbane-Sydney","Brisbane","Sydney","Rex Airlines","Feb-24",141,134,7,109,110,25,24,2024,2
"Cairns-Townsville","Cairns","Townsville","Rex Airlines","Feb-24",13,11,2,5,6,6,5,2024,2
"Canberra-Melbourne","Canberra","Melbourne","Rex Airlines","Feb-24",29,29,0,21,20,8,9,2024,2
"Coffs Harbour-Sydney","Coffs Harbour","Sydney","Rex Airlines","Feb-24",77,77,0,48,45,29,32,2024,2
"Devonport-Melbourne","Devonport","Melbourne","Rex Airlines","Feb-24",48,48,0,39,36,9,12,2024,2
"Dubbo-Sydney","Dubbo","Sydney","Rex Airlines","Feb-24",108,105,3,70,66,35,39,2024,2
"Gold Coast-Melbourne","Gold Coast","Melbourne","Rex Airlines","Feb-24",27,26,1,19,21,7,5,2024,2
"Gold Coast-Sydney","Gold Coast","Sydney","Rex Airlines","Feb-24",29,29,0,24,24,5,5,2024,2
"Melbourne-Adelaide","Melbourne","Adelaide","Rex Airlines","Feb-24",54,54,0,40,37,14,17,2024,2
"Melbourne-Brisbane","Melbourne","Brisbane","Rex Airlines","Feb-24",54,54,0,43,40,11,14,2024,2
"Melbourne-Canberra","Melbourne","Canberra","Rex Airlines","Feb-24",29,29,0,27,24,2,5,2024,2
"Melbourne-Devonport","Melbourne","Devonport","Rex Airlines","Feb-24",49,49,0,41,44,8,5,2024,2
"Melbourne-Gold Coast","Melbourne","Gold Coast","Rex Airlines","Feb-24",27,26,1,25,21,1,5,2024,2
"Melbourne-Mildura","Melbourne","Mildura","Rex Airlines","Feb-24",95,95,0,71,63,24,32,2024,2
"Melbourne-Sydney","Melbourne","Sydney","Rex Airlines","Feb-24",203,199,4,161,151,38,48,2024,2
"Mildura-Melbourne","Mildura","Melbourne","Rex Airlines","Feb-24",95,95,0,57,52,38,43,2024,2
"Port Lincoln-Adelaide","Port Lincoln","Adelaide","Rex Airlines","Feb-24",143,140,3,116,118,24,22,2024,2
"Port Macquarie-Sydney","Port Macquarie","Sydney","Rex Airlines","Feb-24",74,68,6,55,49,13,19,2024,2
"Sydney-Albury","Sydney","Albury","Rex Airlines","Feb-24",71,71,0,59,60,12,11,2024,2
"Sydney-Brisbane","Sydney","Brisbane","Rex Airlines","Feb-24",142,135,7,111,108,24,27,2024,2
"Sydney-Coffs Harbour","Sydney","Coffs Harbour","Rex Airlines","Feb-24",77,77,0,51,53,26,24,2024,2
"Sydney-Dubbo","Sydney","Dubbo","Rex Airlines","Feb-24",110,108,2,71,71,37,37,2024,2
"Sydney-Gold Coast","Sydney","Gold Coast","Rex Airlines","Feb-24",29,29,0,24,24,5,5,2024,2
"Sydney-Melbourne","Sydney","Melbourne","Rex Airlines","Feb-24",203,199,4,158,149,41,50,2024,2
"Sydney-Port Macquarie","Sydney","Port Macquarie","Rex Airlines","Feb-24",74,69,5,51,48,18,21,2024,2
"Sydney-Wagga Wagga","Sydney","Wagga Wagga","Rex Airlines","Feb-24",76,75,1,56,56,19,19,2024,2
"Townsville-Cairns","Townsville","Cairns","Rex Airlines","Feb-24",13,11,2,6,6,5,5,2024,2
"Wagga Wagga-Sydney","Wagga Wagga","Sydney","Rex Airlines","Feb-24",74,74,0,59,55,15,19,2024,2
"Sydney-Adelaide","Sydney","Adelaide","Rex Airlines","Feb-24",29,29,0,19,18,10,11,2024,2
"Adelaide-Sydney","Adelaide","Sydney","Rex Airlines","Feb-24",29,29,0,15,18,14,11,2024,2
"Melbourne-Hobart","Melbourne","Hobart","Rex Airlines","Feb-24",29,29,0,27,26,2,3,2024,2
"Hobart-Melbourne","Hobart","Melbourne","Rex Airlines","Feb-24",29,29,0,24,18,5,11,2024,2
"Brisbane-Cairns","Brisbane","Cairns","Rex Airlines","Feb-24",4,4,0,4,3,0,1,2024,2
"Cairns-Brisbane","Cairns","Brisbane","Rex Airlines","Feb-24",5,5,0,4,4,1,1,2024,2
"Adelaide-Alice Springs","Adelaide","Alice Springs","Virgin Australia","Feb-24",12,12,0,9,7,3,5,2024,2
"Adelaide-Brisbane","Adelaide","Brisbane","Virgin Australia","Feb-24",125,123,2,104,110,19,13,2024,2
"Adelaide-Canberra","Adelaide","Canberra","Virgin Australia","Feb-24",17,16,1,14,14,2,2,2024,2
"Adelaide-Gold Coast","Adelaide","Gold Coast","Virgin Australia","Feb-24",29,29,0,25,24,4,5,2024,2
"Adelaide-Melbourne","Adelaide","Melbourne","Virgin Australia","Feb-24",249,247,2,156,148,91,99,2024,2
"Adelaide-Perth","Adelaide","Perth","Virgin Australia","Feb-24",43,42,1,18,20,24,22,2024,2
"Adelaide-Sydney","Adelaide","Sydney","Virgin Australia","Feb-24",148,141,7,104,106,37,35,2024,2
"Alice Springs-Adelaide","Alice Springs","Adelaide","Virgin Australia","Feb-24",12,12,0,4,8,8,4,2024,2
"Ballina-Sydney","Ballina","Sydney","Virgin Australia","Feb-24",46,46,0,37,39,9,7,2024,2
"Brisbane-Adelaide","Brisbane","Adelaide","Virgin Australia","Feb-24",125,124,1,102,103,22,21,2024,2
"Brisbane-Cairns","Brisbane","Cairns","Virgin Australia","Feb-24",134,134,0,93,84,41,50,2024,2
"Brisbane-Canberra","Brisbane","Canberra","Virgin Australia","Feb-24",96,93,3,70,70,23,23,2024,2
"Brisbane-Darwin","Brisbane","Darwin","Virgin Australia","Feb-24",29,29,0,22,21,7,8,2024,2
"Brisbane-Emerald","Brisbane","Emerald","Virgin Australia","Feb-24",25,25,0,20,19,5,6,2024,2
"Brisbane-Gladstone","Brisbane","Gladstone","Virgin Australia","Feb-24",33,32,1,24,23,8,9,2024,2
"Brisbane-Hamilton Island","Brisbane","Hamilton Island","Virgin Australia","Feb-24",29,29,0,26,24,3,5,2024,2
"Brisbane-Hobart","Brisbane","Hobart","Virgin Australia","Feb-24",32,30,2,23,25,7,5,2024,2
"Brisbane-Launceston","Brisbane","Launceston","Virgin Australia","Feb-24",19,19,0,14,13,5,6,2024,2
"Brisbane-Mackay","Brisbane","Mackay","Virgin Australia","Feb-24",121,119,2,79,59,40,60,2024,2
"Brisbane-Melbourne","Brisbane","Melbourne","Virgin Australia","Feb-24",363,353,10,256,243,97,110,2024,2
"Brisbane-Mount Isa","Brisbane","Mount Isa","Virgin Australia","Feb-24",12,12,0,8,8,4,4,2024,2
"Brisbane-Newcastle","Brisbane","Newcastle","Virgin Australia","Feb-24",79,79,0,55,56,24,23,2024,2
"Brisbane-Perth","Brisbane","Perth","Virgin Australia","Feb-24",105,104,1,61,83,43,21,2024,2
"Brisbane-Proserpine","Brisbane","Proserpine","Virgin Australia","Feb-24",29,29,0,23,20,6,9,2024,2
"Brisbane-Rockhampton","Brisbane","Rockhampton","Virgin Australia","Feb-24",137,137,0,102,94,35,43,2024,2
"Brisbane-Sydney","Brisbane","Sydney","Virgin Australia","Feb-24",450,425,25,312,317,113,108,2024,2
"Brisbane-Townsville","Brisbane","Townsville","Virgin Australia","Feb-24",121,119,2,87,82,32,37,2024,2
"Broome-Perth","Broome","Perth","Virgin Australia","Feb-24",19,19,0,13,14,6,5,2024,2
"Cairns-Brisbane","Cairns","Brisbane","Virgin Australia","Feb-24",134,134,0,81,96,53,38,2024,2
"Cairns-Melbourne","Cairns","Melbourne","Virgin Australia","Feb-24",42,42,0,22,28,20,14,2024,2
"Cairns-Sydney","Cairns","Sydney","Virgin Australia","Feb-24",58,57,1,36,37,21,20,2024,2
"Canberra-Adelaide","Canberra","Adelaide","Virgin Australia","Feb-24",17,16,1,14,14,2,2,2024,2
"Canberra-Brisbane","Canberra","Brisbane","Virgin Australia","Feb-24",96,94,2,74,72,20,22,2024,2
"Canberra-Gold Coast","Canberra","Gold Coast","Virgin Australia","Feb-24",29,27,2,21,23,6,4,2024,2
"Canberra-Melbourne","Canberra","Melbourne","Virgin Australia","Feb-24",124,120,4,86,82,34,38,2024,2
"Canberra-Sydney","Canberra","Sydney","Virgin Australia","Feb-24",235,224,11,185,183,39,41,2024,2
"Darwin-Brisbane","Darwin","Brisbane","Virgin Australia","Feb-24",29,29,0,20,23,9,6,2024,2
"Darwin-Melbourne","Darwin","Melbourne","Virgin Australia","Feb-24",16,16,0,8,11,8,5,2024,2
"Darwin-Perth","Darwin","Perth","Virgin Australia","Feb-24",4,4,0,3,3,1,1,2024,2
"Emerald-Brisbane","Emerald","Brisbane","Virgin Australia","Feb-24",25,25,0,17,17,8,8,2024,2
"Gladstone-Brisbane","Gladstone","Brisbane","Virgin Australia","Feb-24",33,32,1,23,20,9,12,2024,2
"Gold Coast-Adelaide","Gold Coast","Adelaide","Virgin Australia","Feb-24",29,29,0,18,24,11,5,2024,2
"Gold Coast-Canberra","Gold Coast","Canberra","Virgin Australia","Feb-24",29,27,2,21,21,6,6,2024,2
"Gold Coast-Melbourne","Gold Coast","Melbourne","Virgin Australia","Feb-24",217,214,3,131,148,83,66,2024,2
"Gold Coast-Sydney","Gold Coast","Sydney","Virgin Australia","Feb-24",268,260,8,196,205,64,55,2024,2
"Hamilton Island-Brisbane","Hamilton Island","Brisbane","Virgin Australia","Feb-24",29,29,0,21,26,8,3,2024,2
"Hamilton Island-Sydney","Hamilton Island","Sydney","Virgin Australia","Feb-24",29,28,1,17,15,11,13,2024,2
"Hobart-Brisbane","Hobart","Brisbane","Virgin Australia","Feb-24",32,30,2,22,18,8,12,2024,2
"Hobart-Melbourne","Hobart","Melbourne","Virgin Australia","Feb-24",119,118,1,76,65,42,53,2024,2
"Hobart-Sydney","Hobart","Sydney","Virgin Australia","Feb-24",75,71,4,55,49,16,22,2024,2
"Kalgoorlie-Perth","Kalgoorlie","Perth","Virgin Australia","Feb-24",76,73,3,51,50,22,23,2024,2
"Karratha-Perth","Karratha","Perth","Virgin Australia","Feb-24",59,59,0,52,49,7,10,2024,2
"Launceston-Brisbane","Launceston","Brisbane","Virgin Australia","Feb-24",19,19,0,14,13,5,6,2024,2
"Launceston-Melbourne","Launceston","Melbourne","Virgin Australia","Feb-24",95,95,0,71,72,24,23,2024,2
"Launceston-Sydney","Launceston","Sydney","Virgin Australia","Feb-24",29,29,0,21,18,8,11,2024,2
"Mackay-Brisbane","Mackay","Brisbane","Virgin Australia","Feb-24",121,119,2,71,63,48,56,2024,2
"Melbourne-Adelaide","Melbourne","Adelaide","Virgin Australia","Feb-24",248,244,4,169,133,75,111,2024,2
"Melbourne-Brisbane","Melbourne","Brisbane","Virgin Australia","Feb-24",364,356,8,268,235,88,121,2024,2
"Melbourne-Cairns","Melbourne","Cairns","Virgin Australia","Feb-24",42,42,0,31,29,11,13,2024,2
"Melbourne-Canberra","Melbourne","Canberra","Virgin Australia","Feb-24",124,121,3,88,83,33,38,2024,2
"Melbourne-Darwin","Melbourne","Darwin","Virgin Australia","Feb-24",16,16,0,12,9,4,7,2024,2
"Melbourne-Gold Coast","Melbourne","Gold Coast","Virgin Australia","Feb-24",219,216,3,143,133,73,83,2024,2
"Melbourne-Hobart","Melbourne","Hobart","Virgin Australia","Feb-24",119,119,0,91,80,28,39,2024,2
"Melbourne-Launceston","Melbourne","Launceston","Virgin Australia","Feb-24",95,95,0,70,62,25,33,2024,2
"Melbourne-Newcastle","Melbourne","Newcastle","Virgin Australia","Feb-24",41,41,0,35,31,6,10,2024,2
"Melbourne-Perth","Melbourne","Perth","Virgin Australia","Feb-24",186,184,2,123,121,61,63,2024,2
"Melbourne-Sunshine Coast","Melbourne","Sunshine Coast","Virgin Australia","Feb-24",58,58,0,45,40,13,18,2024,2
"Melbourne-Sydney","Melbourne","Sydney","Virgin Australia","Feb-24",743,697,46,552,473,145,224,2024,2
"Mount Isa-Brisbane","Mount Isa","Brisbane","Virgin Australia","Feb-24",12,12,0,8,8,4,4,2024,2
"Newcastle-Brisbane","Newcastle","Brisbane","Virgin Australia","Feb-24",79,79,0,62,59,17,20,2024,2
"Newcastle-Melbourne","Newcastle","Melbourne","Virgin Australia","Feb-24",41,41,0,31,30,10,11,2024,2
"Newman-Perth","Newman","Perth","Virgin Australia","Feb-24",41,41,0,31,24,10,17,2024,2
"Perth-Adelaide","Perth","Adelaide","Virgin Australia","Feb-24",45,45,0,28,22,17,23,2024,2
"Perth-Brisbane","Perth","Brisbane","Virgin Australia","Feb-24",105,103,2,70,81,33,22,2024,2
"Perth-Broome","Perth","Broome","Virgin Australia","Feb-24",19,19,0,14,16,5,3,2024,2
"Perth-Darwin","Perth","Darwin","Virgin Australia","Feb-24",4,4,0,2,3,2,1,2024,2
"Perth-Kalgoorlie","Perth","Kalgoorlie","Virgin Australia","Feb-24",76,74,2,61,61,13,13,2024,2
"Perth-Karratha","Perth","Karratha","Virgin Australia","Feb-24",59,59,0,51,51,8,8,2024,2
"Perth-Melbourne","Perth","Melbourne","Virgin Australia","Feb-24",202,199,3,149,147,50,52,2024,2
"Perth-Newman","Perth","Newman","Virgin Australia","Feb-24",41,41,0,37,37,4,4,2024,2
"Perth-Port Hedland","Perth","Port Hedland","Virgin Australia","Feb-24",45,42,3,36,37,6,5,2024,2
"Perth-Sydney","Perth","Sydney","Virgin Australia","Feb-24",135,132,3,98,100,34,32,2024,2
"Port Hedland-Perth","Port Hedland","Perth","Virgin Australia","Feb-24",45,42,3,32,31,10,11,2024,2
"Proserpine-Brisbane","Proserpine","Brisbane","Virgin Australia","Feb-24",29,29,0,21,17,8,12,2024,2
"Rockhampton-Brisbane","Rockhampton","Brisbane","Virgin Australia","Feb-24",136,136,0,106,104,30,32,2024,2
"Sunshine Coast-Melbourne","Sunshine Coast","Melbourne","Virgin Australia","Feb-24",58,58,0,38,28,20,30,2024,2
"Sunshine Coast-Sydney","Sunshine Coast","Sydney","Virgin Australia","Feb-24",58,58,0,42,40,16,18,2024,2
"Sydney-Adelaide","Sydney","Adelaide","Virgin Australia","Feb-24",148,141,7,111,106,30,35,2024,2
"Sydney-Ballina","Sydney","Ballina","Virgin Australia","Feb-24",46,46,0,39,38,7,8,2024,2
"Sydney-Brisbane","Sydney","Brisbane","Virgin Australia","Feb-24",447,420,27,331,323,89,97,2024,2
"Sydney-Cairns","Sydney","Cairns","Virgin Australia","Feb-24",58,57,1,49,46,8,11,2024,2
"Sydney-Canberra","Sydney","Canberra","Virgin Australia","Feb-24",235,224,11,178,186,46,38,2024,2
"Sydney-Gold Coast","Sydney","Gold Coast","Virgin Australia","Feb-24",267,259,8,215,202,44,57,2024,2
"Sydney-Hamilton Island","Sydney","Hamilton Island","Virgin Australia","Feb-24",29,28,1,26,21,2,7,2024,2
"Sydney-Hobart","Sydney","Hobart","Virgin Australia","Feb-24",75,71,4,62,60,9,11,2024,2
"Sydney-Launceston","Sydney","Launceston","Virgin Australia","Feb-24",29,29,0,22,24,7,5,2024,2
"Sydney-Melbourne","Sydney","Melbourne","Virgin Australia","Feb-24",730,684,46,515,485,169,199,2024,2
"Sydney-Perth","Sydney","Perth","Virgin Australia","Feb-24",148,146,2,92,103,54,43,2024,2
"Sydney-Sunshine Coast","Sydney","Sunshine Coast","Virgin Australia","Feb-24",58,58,0,48,46,10,12,2024,2
"Townsville-Brisbane","Townsville","Brisbane","Virgin Australia","Feb-24",121,119,2,88,87,31,32,2024,2
"Adelaide-Perth","Adelaide","Perth","Virgin Australia Regional Airlines","Feb-24",26,26,0,14,16,12,10,2024,2
"Broome-Perth","Broome","Perth","Virgin Australia Regional Airlines","Feb-24",15,15,0,7,11,8,4,2024,2
"Darwin-Perth","Darwin","Perth","Virgin Australia Regional Airlines","Feb-24",12,12,0,1,3,11,9,2024,2
"Kalgoorlie-Perth","Kalgoorlie","Perth","Virgin Australia Regional Airlines","Feb-24",19,18,1,13,13,5,5,2024,2
"Karratha-Perth","Karratha","Perth","Virgin Australia Regional Airlines","Feb-24",14,14,0,11,11,3,3,2024,2
"Newman-Perth","Newman","Perth","Virgin Australia Regional Airlines","Feb-24",13,13,0,10,10,3,3,2024,2
"Perth-Adelaide","Perth","Adelaide","Virgin Australia Regional Airlines","Feb-24",26,26,0,20,19,6,7,2024,2
"Perth-Broome","Perth","Broome","Virgin Australia Regional Airlines","Feb-24",15,15,0,9,8,6,7,2024,2
"Perth-Darwin","Perth","Darwin","Virgin Australia Regional Airlines","Feb-24",12,12,0,6,7,6,5,2024,2
"Perth-Kalgoorlie","Perth","Kalgoorlie","Virgin Australia Regional Airlines","Feb-24",19,18,1,15,14,3,4,2024,2
"Perth-Karratha","Perth","Karratha","Virgin Australia Regional Airlines","Feb-24",14,14,0,12,13,2,1,2024,2
"Perth-Newman","Perth","Newman","Virgin Australia Regional Airlines","Feb-24",13,13,0,12,11,1,2,2024,2
"Perth-Port Hedland","Perth","Port Hedland","Virgin Australia Regional Airlines","Feb-24",12,11,1,9,9,2,2,2024,2
"Port Hedland-Perth","Port Hedland","Perth","Virgin Australia Regional Airlines","Feb-24",13,11,2,4,5,7,6,2024,2
"Adelaide-Alice Springs","Adelaide","Alice Springs","All Airlines","Feb-24",53,53,0,46,44,7,9,2024,2
"Adelaide-Brisbane","Adelaide","Brisbane","All Airlines","Feb-24",304,301,3,253,260,48,41,2024,2
"Adelaide-Canberra","Adelaide","Canberra","All Airlines","Feb-24",100,99,1,86,86,13,13,2024,2
"Adelaide-Gold Coast","Adelaide","Gold Coast","All Airlines","Feb-24",58,58,0,53,52,5,6,2024,2
"Adelaide-Melbourne","Adelaide","Melbourne","All Airlines","Feb-24",662,653,9,453,440,200,213,2024,2
"Adelaide-Perth","Adelaide","Perth","All Airlines","Feb-24",199,184,15,124,130,60,54,2024,2
"Adelaide-Port Lincoln","Adelaide","Port Lincoln","All Airlines","Feb-24",271,265,6,226,225,39,40,2024,2
"Adelaide-Sydney","Adelaide","Sydney","All Airlines","Feb-24",511,493,18,361,369,132,124,2024,2
"Albury-Sydney","Albury","Sydney","All Airlines","Feb-24",170,166,4,125,121,41,45,2024,2
"Alice Springs-Adelaide","Alice Springs","Adelaide","All Airlines","Feb-24",53,53,0,39,43,14,10,2024,2
"Ballina-Sydney","Ballina","Sydney","All Airlines","Feb-24",171,165,6,121,128,44,37,2024,2
"Brisbane-Adelaide","Brisbane","Adelaide","All Airlines","Feb-24",304,302,2,236,253,66,49,2024,2
"Brisbane-Cairns","Brisbane","Cairns","All Airlines","Feb-24",353,345,8,259,254,86,91,2024,2
"Brisbane-Canberra","Brisbane","Canberra","All Airlines","Feb-24",279,274,5,213,216,61,58,2024,2
"Brisbane-Darwin","Brisbane","Darwin","All Airlines","Feb-24",100,100,0,79,83,21,17,2024,2
"Brisbane-Emerald","Brisbane","Emerald","All Airlines","Feb-24",146,143,3,119,121,24,22,2024,2
"Brisbane-Gladstone","Brisbane","Gladstone","All Airlines","Feb-24",166,164,2,122,123,42,41,2024,2
"Brisbane-Hamilton Island","Brisbane","Hamilton Island","All Airlines","Feb-24",53,53,0,43,39,10,14,2024,2
"Brisbane-Hobart","Brisbane","Hobart","All Airlines","Feb-24",86,84,2,69,70,15,14,2024,2
"Brisbane-Launceston","Brisbane","Launceston","All Airlines","Feb-24",40,40,0,26,25,14,15,2024,2
"Brisbane-Mackay","Brisbane","Mackay","All Airlines","Feb-24",308,305,3,218,196,87,109,2024,2
"Brisbane-Melbourne","Brisbane","Melbourne","All Airlines","Feb-24",904,884,20,662,643,222,241,2024,2
"Brisbane-Mount Isa","Brisbane","Mount Isa","All Airlines","Feb-24",62,61,1,54,52,7,9,2024,2
"Brisbane-Newcastle","Brisbane","Newcastle","All Airlines","Feb-24",239,235,4,184,174,51,61,2024,2
"Brisbane-Perth","Brisbane","Perth","All Airlines","Feb-24",273,272,1,191,235,81,37,2024,2
"Brisbane-Proserpine","Brisbane","Proserpine","All Airlines","Feb-24",72,71,1,58,55,13,16,2024,2
"Brisbane-Rockhampton","Brisbane","Rockhampton","All Airlines","Feb-24",324,313,11,235,228,78,85,2024,2
"Brisbane-Sydney","Brisbane","Sydney","All Airlines","Feb-24",1234,1172,62,897,915,275,257,2024,2
"Brisbane-Townsville","Brisbane","Townsville","All Airlines","Feb-24",301,295,6,222,222,73,73,2024,2
"Broome-Perth","Broome","Perth","All Airlines","Feb-24",115,87,28,60,64,27,23,2024,2
"Cairns-Brisbane","Cairns","Brisbane","All Airlines","Feb-24",353,347,6,251,268,96,79,2024,2
"Cairns-Melbourne","Cairns","Melbourne","All Airlines","Feb-24",141,137,4,79,91,58,46,2024,2
"Cairns-Sydney","Cairns","Sydney","All Airlines","Feb-24",193,189,4,131,131,58,58,2024,2
"Cairns-Townsville","Cairns","Townsville","All Airlines","Feb-24",150,141,9,116,119,25,22,2024,2
"Canberra-Adelaide","Canberra","Adelaide","All Airlines","Feb-24",100,99,1,82,87,17,12,2024,2
"Canberra-Brisbane","Canberra","Brisbane","All Airlines","Feb-24",279,275,4,226,222,49,53,2024,2
"Canberra-Gold Coast","Canberra","Gold Coast","All Airlines","Feb-24",50,46,4,34,37,12,9,2024,2
"Canberra-Melbourne","Canberra","Melbourne","All Airlines","Feb-24",429,420,9,304,288,116,132,2024,2
"Canberra-Sydney","Canberra","Sydney","All Airlines","Feb-24",639,607,32,443,439,164,168,2024,2
"Coffs Harbour-Sydney","Coffs Harbour","Sydney","All Airlines","Feb-24",185,179,6,120,113,59,66,2024,2
"Darwin-Brisbane","Darwin","Brisbane","All Airlines","Feb-24",101,100,1,80,82,20,18,2024,2
"Darwin-Melbourne","Darwin","Melbourne","All Airlines","Feb-24",60,60,0,41,32,19,28,2024,2
"Darwin-Perth","Darwin","Perth","All Airlines","Feb-24",56,45,11,26,28,19,17,2024,2
"Devonport-Melbourne","Devonport","Melbourne","All Airlines","Feb-24",160,157,3,120,112,37,45,2024,2
"Dubbo-Sydney","Dubbo","Sydney","All Airlines","Feb-24",216,205,11,140,133,65,72,2024,2
"Emerald-Brisbane","Emerald","Brisbane","All Airlines","Feb-24",146,143,3,117,110,26,33,2024,2
"Gladstone-Brisbane","Gladstone","Brisbane","All Airlines","Feb-24",166,163,3,121,119,42,44,2024,2
"Gold Coast-Adelaide","Gold Coast","Adelaide","All Airlines","Feb-24",58,58,0,44,51,14,7,2024,2
"Gold Coast-Canberra","Gold Coast","Canberra","All Airlines","Feb-24",50,47,3,37,37,10,10,2024,2
"Gold Coast-Melbourne","Gold Coast","Melbourne","All Airlines","Feb-24",530,517,13,353,374,164,143,2024,2
"Gold Coast-Sydney","Gold Coast","Sydney","All Airlines","Feb-24",626,607,19,459,477,148,130,2024,2
"Hamilton Island-Brisbane","Hamilton Island","Brisbane","All Airlines","Feb-24",55,55,0,31,35,24,20,2024,2
"Hamilton Island-Sydney","Hamilton Island","Sydney","All Airlines","Feb-24",75,73,2,43,44,30,29,2024,2
"Hobart-Brisbane","Hobart","Brisbane","All Airlines","Feb-24",86,84,2,61,57,23,27,2024,2
"Hobart-Melbourne","Hobart","Melbourne","All Airlines","Feb-24",405,402,3,272,255,130,147,2024,2
"Hobart-Sydney","Hobart","Sydney","All Airlines","Feb-24",242,234,8,183,184,51,50,2024,2
"Kalgoorlie-Perth","Kalgoorlie","Perth","All Airlines","Feb-24",170,151,19,108,107,43,44,2024,2
"Karratha-Perth","Karratha","Perth","All Airlines","Feb-24",229,186,43,152,141,34,45,2024,2
"Launceston-Brisbane","Launceston","Brisbane","All Airlines","Feb-24",40,40,0,25,26,15,14,2024,2
"Launceston-Melbourne","Launceston","Melbourne","All Airlines","Feb-24",324,317,7,218,220,99,97,2024,2
"Launceston-Sydney","Launceston","Sydney","All Airlines","Feb-24",105,102,3,81,76,21,26,2024,2
"Mackay-Brisbane","Mackay","Brisbane","All Airlines","Feb-24",312,309,3,209,198,100,111,2024,2
"Melbourne-Adelaide","Melbourne","Adelaide","All Airlines","Feb-24",661,651,10,457,408,194,243,2024,2
"Melbourne-Brisbane","Melbourne","Brisbane","All Airlines","Feb-24",909,891,18,660,601,231,290,2024,2
"Melbourne-Cairns","Melbourne","Cairns","All Airlines","Feb-24",141,137,4,101,91,36,46,2024,2
"Melbourne-Canberra","Melbourne","Canberra","All Airlines","Feb-24",432,425,7,323,306,102,119,2024,2
"Melbourne-Darwin","Melbourne","Darwin","All Airlines","Feb-24",63,63,0,40,28,23,35,2024,2
"Melbourne-Devonport","Melbourne","Devonport","All Airlines","Feb-24",161,158,3,113,116,45,42,2024,2
"Melbourne-Gold Coast","Melbourne","Gold Coast","All Airlines","Feb-24",532,518,14,363,348,155,170,2024,2
"Melbourne-Hobart","Melbourne","Hobart","All Airlines","Feb-24",405,403,2,300,285,103,118,2024,2
"Melbourne-Launceston","Melbourne","Launceston","All Airlines","Feb-24",323,317,6,203,190,114,127,2024,2
"Melbourne-Mildura","Melbourne","Mildura","All Airlines","Feb-24",206,204,2,134,121,70,83,2024,2
"Melbourne-Newcastle","Melbourne","Newcastle","All Airlines","Feb-24",151,148,3,104,93,44,55,2024,2
"Melbourne-Perth","Melbourne","Perth","All Airlines","Feb-24",445,437,8,283,279,154,158,2024,2
"Melbourne-Sunshine Coast","Melbourne","Sunshine Coast","All Airlines","Feb-24",165,164,1,125,115,39,49,2024,2
"Melbourne-Sydney","Melbourne","Sydney","All Airlines","Feb-24",2234,2095,139,1570,1402,525,693,2024,2
"Mildura-Melbourne","Mildura","Melbourne","All Airlines","Feb-24",207,205,2,109,110,96,95,2024,2
"Mount Isa-Brisbane","Mount Isa","Brisbane","All Airlines","Feb-24",62,61,1,50,50,11,11,2024,2
"Newcastle-Brisbane","Newcastle","Brisbane","All Airlines","Feb-24",241,235,6,182,177,53,58,2024,2
"Newcastle-Melbourne","Newcastle","Melbourne","All Airlines","Feb-24",151,149,2,103,94,46,55,2024,2
"Newman-Perth","Newman","Perth","All Airlines","Feb-24",171,145,26,113,101,32,44,2024,2
"Perth-Adelaide","Perth","Adelaide","All Airlines","Feb-24",201,186,15,146,137,40,49,2024,2
"Perth-Brisbane","Perth","Brisbane","All Airlines","Feb-24",273,271,2,208,208,63,63,2024,2
"Perth-Broome","Perth","Broome","All Airlines","Feb-24",114,87,27,63,67,24,20,2024,2
"Perth-Darwin","Perth","Darwin","All Airlines","Feb-24",57,45,12,27,33,18,12,2024,2
"Perth-Kalgoorlie","Perth","Kalgoorlie","All Airlines","Feb-24",170,152,18,121,120,31,32,2024,2
"Perth-Karratha","Perth","Karratha","All Airlines","Feb-24",224,184,40,151,154,33,30,2024,2
"Perth-Melbourne","Perth","Melbourne","All Airlines","Feb-24",462,455,7,318,331,137,124,2024,2
"Perth-Newman","Perth","Newman","All Airlines","Feb-24",170,145,25,122,122,23,23,2024,2
"Perth-Port Hedland","Perth","Port Hedland","All Airlines","Feb-24",201,166,35,129,132,37,34,2024,2
"Perth-Sydney","Perth","Sydney","All Airlines","Feb-24",371,354,17,226,232,128,122,2024,2
"Port Hedland-Perth","Port Hedland","Perth","All Airlines","Feb-24",205,169,36,118,102,51,67,2024,2
"Port Lincoln-Adelaide","Port Lincoln","Adelaide","All Airlines","Feb-24",271,265,6,225,225,40,40,2024,2
"Port Macquarie-Sydney","Port Macquarie","Sydney","All Airlines","Feb-24",182,168,14,135,124,33,44,2024,2
"Proserpine-Brisbane","Proserpine","Brisbane","All Airlines","Feb-24",72,71,1,57,52,14,19,2024,2
"Rockhampton-Brisbane","Rockhampton","Brisbane","All Airlines","Feb-24",323,308,15,234,233,74,75,2024,2
"Sunshine Coast-Melbourne","Sunshine Coast","Melbourne","All Airlines","Feb-24",164,163,1,108,97,55,66,2024,2
"Sunshine Coast-Sydney","Sunshine Coast","Sydney","All Airlines","Feb-24",207,204,3,148,147,56,57,2024,2
"Sydney-Adelaide","Sydney","Adelaide","All Airlines","Feb-24",513,497,16,347,349,150,148,2024,2
"Sydney-Albury","Sydney","Albury","All Airlines","Feb-24",171,167,4,121,123,46,44,2024,2
"Sydney-Ballina","Sydney","Ballina","All Airlines","Feb-24",171,164,7,126,125,38,39,2024,2
"Sydney-Brisbane","Sydney","Brisbane","All Airlines","Feb-24",1234,1171,63,875,855,296,316,2024,2
"Sydney-Cairns","Sydney","Cairns","All Airlines","Feb-24",190,189,1,150,152,39,37,2024,2
"Sydney-Canberra","Sydney","Canberra","All Airlines","Feb-24",639,610,29,461,455,149,155,2024,2
"Sydney-Coffs Harbour","Sydney","Coffs Harbour","All Airlines","Feb-24",185,181,4,112,111,69,70,2024,2
"Sydney-Dubbo","Sydney","Dubbo","All Airlines","Feb-24",218,209,9,130,135,79,74,2024,2
"Sydney-Gold Coast","Sydney","Gold Coast","All Airlines","Feb-24",625,606,19,466,456,140,150,2024,2
"Sydney-Hamilton Island","Sydney","Hamilton Island","All Airlines","Feb-24",76,74,2,59,51,15,23,2024,2
"Sydney-Hobart","Sydney","Hobart","All Airlines","Feb-24",242,235,7,190,191,45,44,2024,2
"Sydney-Launceston","Sydney","Launceston","All Airlines","Feb-24",105,102,3,87,87,15,15,2024,2
"Sydney-Melbourne","Sydney","Melbourne","All Airlines","Feb-24",2220,2074,146,1498,1438,576,636,2024,2
"Sydney-Perth","Sydney","Perth","All Airlines","Feb-24",382,371,11,222,237,149,134,2024,2
"Sydney-Port Macquarie","Sydney","Port Macquarie","All Airlines","Feb-24",182,169,13,123,123,46,46,2024,2
"Sydney-Sunshine Coast","Sydney","Sunshine Coast","All Airlines","Feb-24",207,206,1,160,158,46,48,2024,2
"Sydney-Wagga Wagga","Sydney","Wagga Wagga","All Airlines","Feb-24",176,169,7,122,118,47,51,2024,2
"Townsville-Brisbane","Townsville","Brisbane","All Airlines","Feb-24",300,291,9,213,204,78,87,2024,2
"Townsville-Cairns","Townsville","Cairns","All Airlines","Feb-24",150,139,11,123,121,16,18,2024,2
"Wagga Wagga-Sydney","Wagga Wagga","Sydney","All Airlines","Feb-24",174,167,7,130,127,37,40,2024,2
"Melbourne-Sunshine Coast","Melbourne","Sunshine Coast","Bonza","Mar-24",12,12,0,7,9,5,3,2024,3
"Sunshine Coast-Melbourne","Sunshine Coast","Melbourne","Bonza","Mar-24",12,12,0,9,9,3,3,2024,3
"Melbourne-Mildura","Melbourne","Mildura","Bonza","Mar-24",9,9,0,4,3,5,6,2024,3
"Mildura-Melbourne","Mildura","Melbourne","Bonza","Mar-24",9,9,0,3,3,6,6,2024,3
"Gold Coast-Melbourne","Gold Coast","Melbourne","Bonza","Mar-24",17,15,2,8,3,7,12,2024,3
"Melbourne-Gold Coast","Melbourne","Gold Coast","Bonza","Mar-24",17,15,2,5,7,10,8,2024,3
"Adelaide-Brisbane","Adelaide","Brisbane","Jetstar","Mar-24",31,30,1,22,24,8,6,2024,3
"Adelaide-Gold Coast","Adelaide","Gold Coast","Jetstar","Mar-24",31,31,0,27,27,4,4,2024,3
"Adelaide-Melbourne","Adelaide","Melbourne","Jetstar","Mar-24",115,114,1,82,87,32,27,2024,3
"Adelaide-Perth","Adelaide","Perth","Jetstar","Mar-24",31,31,0,24,24,7,7,2024,3
"Adelaide-Sydney","Adelaide","Sydney","Jetstar","Mar-24",122,120,2,100,104,20,16,2024,3
"Ballina-Sydney","Ballina","Sydney","Jetstar","Mar-24",81,81,0,67,70,14,11,2024,3
"Brisbane-Adelaide","Brisbane","Adelaide","Jetstar","Mar-24",31,30,1,19,23,11,7,2024,3
"Brisbane-Cairns","Brisbane","Cairns","Jetstar","Mar-24",66,66,0,46,49,20,17,2024,3
"Brisbane-Canberra","Brisbane","Canberra","Jetstar","Mar-24",32,31,1,23,24,8,7,2024,3
"Brisbane-Darwin","Brisbane","Darwin","Jetstar","Mar-24",15,15,0,10,9,5,6,2024,3
"Brisbane-Hobart","Brisbane","Hobart","Jetstar","Mar-24",31,31,0,28,27,3,4,2024,3
"Brisbane-Launceston","Brisbane","Launceston","Jetstar","Mar-24",23,23,0,14,17,9,6,2024,3
"Brisbane-Mackay","Brisbane","Mackay","Jetstar","Mar-24",31,31,0,23,23,8,8,2024,3
"Brisbane-Melbourne","Brisbane","Melbourne","Jetstar","Mar-24",144,142,2,94,102,48,40,2024,3
"Brisbane-Newcastle","Brisbane","Newcastle","Jetstar","Mar-24",53,52,1,42,40,10,12,2024,3
"Brisbane-Perth","Brisbane","Perth","Jetstar","Mar-24",31,31,0,22,27,9,4,2024,3
"Brisbane-Proserpine","Brisbane","Proserpine","Jetstar","Mar-24",22,22,0,20,20,2,2,2024,3
"Brisbane-Sydney","Brisbane","Sydney","Jetstar","Mar-24",178,169,9,126,134,43,35,2024,3
"Brisbane-Townsville","Brisbane","Townsville","Jetstar","Mar-24",58,58,0,46,45,12,13,2024,3
"Cairns-Brisbane","Cairns","Brisbane","Jetstar","Mar-24",65,65,0,52,53,13,12,2024,3
"Cairns-Melbourne","Cairns","Melbourne","Jetstar","Mar-24",79,79,0,53,53,26,26,2024,3
"Cairns-Sydney","Cairns","Sydney","Jetstar","Mar-24",88,85,3,67,62,18,23,2024,3
"Canberra-Brisbane","Canberra","Brisbane","Jetstar","Mar-24",31,31,0,23,23,8,8,2024,3
"Canberra-Gold Coast","Canberra","Gold Coast","Jetstar","Mar-24",24,24,0,20,20,4,4,2024,3
"Canberra-Melbourne","Canberra","Melbourne","Jetstar","Mar-24",23,23,0,16,14,7,9,2024,3
"Darwin-Brisbane","Darwin","Brisbane","Jetstar","Mar-24",14,14,0,10,10,4,4,2024,3
"Darwin-Melbourne","Darwin","Melbourne","Jetstar","Mar-24",15,15,0,6,7,9,8,2024,3
"Gold Coast-Adelaide","Gold Coast","Adelaide","Jetstar","Mar-24",31,31,0,25,27,6,4,2024,3
"Gold Coast-Canberra","Gold Coast","Canberra","Jetstar","Mar-24",24,24,0,20,22,4,2,2024,3
"Gold Coast-Melbourne","Gold Coast","Melbourne","Jetstar","Mar-24",231,226,5,183,186,43,40,2024,3
"Gold Coast-Sydney","Gold Coast","Sydney","Jetstar","Mar-24",252,245,7,203,210,42,35,2024,3
"Hamilton Island-Sydney","Hamilton Island","Sydney","Jetstar","Mar-24",19,19,0,14,14,5,5,2024,3
"Hobart-Brisbane","Hobart","Brisbane","Jetstar","Mar-24",31,31,0,23,25,8,6,2024,3
"Hobart-Melbourne","Hobart","Melbourne","Jetstar","Mar-24",155,154,1,120,127,34,27,2024,3
"Hobart-Sydney","Hobart","Sydney","Jetstar","Mar-24",92,92,0,81,84,11,8,2024,3
"Launceston-Brisbane","Launceston","Brisbane","Jetstar","Mar-24",23,23,0,15,20,8,3,2024,3
"Launceston-Melbourne","Launceston","Melbourne","Jetstar","Mar-24",123,123,0,82,87,41,36,2024,3
"Launceston-Sydney","Launceston","Sydney","Jetstar","Mar-24",55,54,1,48,48,6,6,2024,3
"Mackay-Brisbane","Mackay","Brisbane","Jetstar","Mar-24",31,31,0,23,23,8,8,2024,3
"Melbourne-Adelaide","Melbourne","Adelaide","Jetstar","Mar-24",115,115,0,83,87,32,28,2024,3
"Melbourne-Brisbane","Melbourne","Brisbane","Jetstar","Mar-24",144,142,2,95,97,47,45,2024,3
"Melbourne-Cairns","Melbourne","Cairns","Jetstar","Mar-24",79,79,0,56,56,23,23,2024,3
"Melbourne-Canberra","Melbourne","Canberra","Jetstar","Mar-24",23,23,0,14,17,9,6,2024,3
"Melbourne-Darwin","Melbourne","Darwin","Jetstar","Mar-24",15,15,0,11,12,4,3,2024,3
"Melbourne-Gold Coast","Melbourne","Gold Coast","Jetstar","Mar-24",232,228,4,178,188,50,40,2024,3
"Melbourne-Hobart","Melbourne","Hobart","Jetstar","Mar-24",155,154,1,120,125,34,29,2024,3
"Melbourne-Launceston","Melbourne","Launceston","Jetstar","Mar-24",123,123,0,88,85,35,38,2024,3
"Melbourne-Newcastle","Melbourne","Newcastle","Jetstar","Mar-24",61,61,0,41,47,20,14,2024,3
"Melbourne-Perth","Melbourne","Perth","Jetstar","Mar-24",73,73,0,59,66,14,7,2024,3
"Melbourne-Sunshine Coast","Melbourne","Sunshine Coast","Jetstar","Mar-24",65,65,0,47,48,18,17,2024,3
"Melbourne-Sydney","Melbourne","Sydney","Jetstar","Mar-24",469,450,19,331,357,119,93,2024,3
"Newcastle-Brisbane","Newcastle","Brisbane","Jetstar","Mar-24",53,51,2,39,42,12,9,2024,3
"Newcastle-Melbourne","Newcastle","Melbourne","Jetstar","Mar-24",63,62,1,42,48,20,14,2024,3
"Perth-Adelaide","Perth","Adelaide","Jetstar","Mar-24",32,31,1,22,21,9,10,2024,3
"Perth-Brisbane","Perth","Brisbane","Jetstar","Mar-24",31,31,0,23,23,8,8,2024,3
"Perth-Melbourne","Perth","Melbourne","Jetstar","Mar-24",72,72,0,57,58,15,14,2024,3
"Perth-Sydney","Perth","Sydney","Jetstar","Mar-24",48,46,2,34,38,12,8,2024,3
"Proserpine-Brisbane","Proserpine","Brisbane","Jetstar","Mar-24",22,22,0,20,18,2,4,2024,3
"Sunshine Coast-Melbourne","Sunshine Coast","Melbourne","Jetstar","Mar-24",65,65,0,40,41,25,24,2024,3
"Sunshine Coast-Sydney","Sunshine Coast","Sydney","Jetstar","Mar-24",103,103,0,86,88,17,15,2024,3
"Sydney-Adelaide","Sydney","Adelaide","Jetstar","Mar-24",122,120,2,91,104,29,16,2024,3
"Sydney-Ballina","Sydney","Ballina","Jetstar","Mar-24",81,81,0,73,73,8,8,2024,3
"Sydney-Brisbane","Sydney","Brisbane","Jetstar","Mar-24",178,170,8,139,136,31,34,2024,3
"Sydney-Cairns","Sydney","Cairns","Jetstar","Mar-24",87,85,2,72,77,13,8,2024,3
"Sydney-Gold Coast","Sydney","Gold Coast","Jetstar","Mar-24",252,245,7,205,211,40,34,2024,3
"Sydney-Hamilton Island","Sydney","Hamilton Island","Jetstar","Mar-24",19,19,0,14,13,5,6,2024,3
"Sydney-Hobart","Sydney","Hobart","Jetstar","Mar-24",92,92,0,77,83,15,9,2024,3
"Sydney-Launceston","Sydney","Launceston","Jetstar","Mar-24",54,54,0,51,52,3,2,2024,3
"Sydney-Melbourne","Sydney","Melbourne","Jetstar","Mar-24",467,447,20,346,353,101,94,2024,3
"Sydney-Perth","Sydney","Perth","Jetstar","Mar-24",46,46,0,30,37,16,9,2024,3
"Sydney-Sunshine Coast","Sydney","Sunshine Coast","Jetstar","Mar-24",103,103,0,93,93,10,10,2024,3
"Townsville-Brisbane","Townsville","Brisbane","Jetstar","Mar-24",58,58,0,46,46,12,12,2024,3
"Darwin-Perth","Darwin","Perth","Qantas","Mar-24",5,2,3,2,2,0,0,2024,3
"Perth-Darwin","Perth","Darwin","Qantas","Mar-24",5,2,3,2,2,0,0,2024,3
"Adelaide-Melbourne","Adelaide","Melbourne","Qantas","Mar-24",258,256,2,207,199,49,57,2024,3
"Adelaide-Perth","Adelaide","Perth","Qantas","Mar-24",80,67,13,52,55,15,12,2024,3
"Adelaide-Sydney","Adelaide","Sydney","Qantas","Mar-24",242,236,6,196,204,40,32,2024,3
"Brisbane-Cairns","Brisbane","Cairns","Qantas","Mar-24",52,33,19,26,31,7,2,2024,3
"Brisbane-Hamilton Island","Brisbane","Hamilton Island","Qantas","Mar-24",4,4,0,4,4,0,0,2024,3
"Brisbane-Mackay","Brisbane","Mackay","Qantas","Mar-24",44,44,0,39,39,5,5,2024,3
"Brisbane-Melbourne","Brisbane","Melbourne","Qantas","Mar-24",355,348,7,284,286,64,62,2024,3
"Brisbane-Mount Isa","Brisbane","Mount Isa","Qantas","Mar-24",51,51,0,48,48,3,3,2024,3
"Brisbane-Perth","Brisbane","Perth","Qantas","Mar-24",155,155,0,124,140,31,15,2024,3
"Brisbane-Sydney","Brisbane","Sydney","Qantas","Mar-24",543,527,16,442,447,85,80,2024,3
"Brisbane-Townsville","Brisbane","Townsville","Qantas","Mar-24",65,63,2,50,52,13,11,2024,3
"Cairns-Brisbane","Cairns","Brisbane","Qantas","Mar-24",50,34,16,30,34,4,0,2024,3
"Cairns-Melbourne","Cairns","Melbourne","Qantas","Mar-24",36,36,0,25,29,11,7,2024,3
"Cairns-Sydney","Cairns","Sydney","Qantas","Mar-24",56,56,0,44,39,12,17,2024,3
"Gold Coast-Melbourne","Gold Coast","Melbourne","Qantas","Mar-24",40,40,0,24,23,16,17,2024,3
"Gold Coast-Sydney","Gold Coast","Sydney","Qantas","Mar-24",122,122,0,94,90,28,32,2024,3
"Hamilton Island-Brisbane","Hamilton Island","Brisbane","Qantas","Mar-24",4,4,0,4,4,0,0,2024,3
"Hamilton Island-Sydney","Hamilton Island","Sydney","Qantas","Mar-24",31,31,0,20,20,11,11,2024,3
"Hobart-Melbourne","Hobart","Melbourne","Qantas","Mar-24",85,84,1,73,66,11,18,2024,3
"Hobart-Sydney","Hobart","Sydney","Qantas","Mar-24",35,35,0,24,29,11,6,2024,3
"Kalgoorlie-Perth","Kalgoorlie","Perth","Qantas","Mar-24",17,13,4,9,10,4,3,2024,3
"Karratha-Perth","Karratha","Perth","Qantas","Mar-24",16,15,1,10,13,5,2,2024,3
"Mackay-Brisbane","Mackay","Brisbane","Qantas","Mar-24",44,44,0,38,36,6,8,2024,3
"Melbourne-Adelaide","Melbourne","Adelaide","Qantas","Mar-24",258,258,0,203,201,55,57,2024,3
"Melbourne-Brisbane","Melbourne","Brisbane","Qantas","Mar-24",356,348,8,269,275,79,73,2024,3
"Melbourne-Cairns","Melbourne","Cairns","Qantas","Mar-24",36,36,0,30,30,6,6,2024,3
"Melbourne-Gold Coast","Melbourne","Gold Coast","Qantas","Mar-24",40,40,0,31,29,9,11,2024,3
"Melbourne-Hobart","Melbourne","Hobart","Qantas","Mar-24",84,84,0,72,70,12,14,2024,3
"Melbourne-Perth","Melbourne","Perth","Qantas","Mar-24",208,206,2,147,144,59,62,2024,3
"Melbourne-Sunshine Coast","Melbourne","Sunshine Coast","Qantas","Mar-24",32,32,0,24,26,8,6,2024,3
"Melbourne-Sydney","Melbourne","Sydney","Qantas","Mar-24",898,839,59,702,676,137,163,2024,3
"Mount Isa-Brisbane","Mount Isa","Brisbane","Qantas","Mar-24",52,52,0,46,46,6,6,2024,3
"Newman-Perth","Newman","Perth","Qantas","Mar-24",17,13,4,11,11,2,2,2024,3
"Perth-Adelaide","Perth","Adelaide","Qantas","Mar-24",80,67,13,56,53,11,14,2024,3
"Perth-Brisbane","Perth","Brisbane","Qantas","Mar-24",154,154,0,125,123,29,31,2024,3
"Perth-Kalgoorlie","Perth","Kalgoorlie","Qantas","Mar-24",17,13,4,12,11,1,2,2024,3
"Perth-Karratha","Perth","Karratha","Qantas","Mar-24",16,15,1,11,12,4,3,2024,3
"Perth-Melbourne","Perth","Melbourne","Qantas","Mar-24",207,205,2,145,153,60,52,2024,3
"Perth-Newman","Perth","Newman","Qantas","Mar-24",17,13,4,12,11,1,2,2024,3
"Perth-Sydney","Perth","Sydney","Qantas","Mar-24",200,190,10,127,139,63,51,2024,3
"Sunshine Coast-Melbourne","Sunshine Coast","Melbourne","Qantas","Mar-24",32,32,0,22,19,10,13,2024,3
"Sunshine Coast-Sydney","Sunshine Coast","Sydney","Qantas","Mar-24",57,57,0,41,44,16,13,2024,3
"Sydney-Adelaide","Sydney","Adelaide","Qantas","Mar-24",242,237,5,192,191,45,46,2024,3
"Sydney-Brisbane","Sydney","Brisbane","Qantas","Mar-24",547,531,16,420,419,111,112,2024,3
"Sydney-Cairns","Sydney","Cairns","Qantas","Mar-24",57,57,0,41,45,16,12,2024,3
"Sydney-Gold Coast","Sydney","Gold Coast","Qantas","Mar-24",122,122,0,96,103,26,19,2024,3
"Sydney-Hamilton Island","Sydney","Hamilton Island","Qantas","Mar-24",30,30,0,19,20,11,10,2024,3
"Sydney-Hobart","Sydney","Hobart","Qantas","Mar-24",35,35,0,26,30,9,5,2024,3
"Sydney-Melbourne","Sydney","Melbourne","Qantas","Mar-24",899,842,57,700,666,142,176,2024,3
"Sydney-Perth","Sydney","Perth","Qantas","Mar-24",200,190,10,119,134,71,56,2024,3
"Sydney-Sunshine Coast","Sydney","Sunshine Coast","Qantas","Mar-24",57,57,0,37,36,20,21,2024,3
"Townsville-Brisbane","Townsville","Brisbane","Qantas","Mar-24",64,62,2,56,51,6,11,2024,3
"Canberra-Sydney","Canberra","Sydney","Qantas","Mar-24",17,17,0,13,13,4,4,2024,3
"Canberra-Melbourne","Canberra","Melbourne","Qantas","Mar-24",56,56,0,49,50,7,6,2024,3
"Melbourne-Canberra","Melbourne","Canberra","Qantas","Mar-24",55,55,0,44,45,11,10,2024,3
"Sydney-Canberra","Sydney","Canberra","Qantas","Mar-24",17,17,0,16,15,1,2,2024,3
"Broome-Perth","Broome","Perth","Qantas","Mar-24",2,2,0,1,1,1,1,2024,3
"Perth-Broome","Perth","Broome","Qantas","Mar-24",2,2,0,1,1,1,1,2024,3
"Perth-Port Hedland","Perth","Port Hedland","Qantas","Mar-24",8,6,2,4,4,2,2,2024,3
"Port Hedland-Perth","Port Hedland","Perth","Qantas","Mar-24",8,6,2,3,3,3,3,2024,3
"Brisbane-Melbourne","Brisbane","Melbourne","QantasLink","Mar-24",34,30,4,17,10,13,20,2024,3
"Melbourne-Brisbane","Melbourne","Brisbane","QantasLink","Mar-24",36,32,4,25,20,7,12,2024,3
"Adelaide-Perth","Adelaide","Perth","QantasLink","Mar-24",31,27,4,16,10,11,17,2024,3
"Melbourne-Sydney","Melbourne","Sydney","QantasLink","Mar-24",32,31,1,22,20,9,11,2024,3
"Perth-Adelaide","Perth","Adelaide","QantasLink","Mar-24",31,27,4,1,2,26,25,2024,3
"Sydney-Melbourne","Sydney","Melbourne","QantasLink","Mar-24",32,29,3,18,17,11,12,2024,3
"Brisbane-Darwin","Brisbane","Darwin","QantasLink","Mar-24",60,60,0,41,44,19,16,2024,3
"Brisbane-Hamilton Island","Brisbane","Hamilton Island","QantasLink","Mar-24",24,24,0,16,12,8,12,2024,3
"Darwin-Brisbane","Darwin","Brisbane","QantasLink","Mar-24",61,61,0,48,36,13,25,2024,3
"Hamilton Island-Brisbane","Hamilton Island","Brisbane","QantasLink","Mar-24",24,24,0,11,8,13,16,2024,3
"Darwin-Melbourne","Darwin","Melbourne","QantasLink","Mar-24",30,30,0,23,11,7,19,2024,3
"Melbourne-Darwin","Melbourne","Darwin","QantasLink","Mar-24",28,28,0,11,10,17,18,2024,3
"Adelaide-Alice Springs","Adelaide","Alice Springs","QantasLink","Mar-24",44,44,0,40,39,4,5,2024,3
"Adelaide-Brisbane","Adelaide","Brisbane","QantasLink","Mar-24",158,156,2,128,134,28,22,2024,3
"Adelaide-Canberra","Adelaide","Canberra","QantasLink","Mar-24",87,87,0,81,81,6,6,2024,3
"Adelaide-Melbourne","Adelaide","Melbourne","QantasLink","Mar-24",13,12,1,9,10,3,2,2024,3
"Adelaide-Port Lincoln","Adelaide","Port Lincoln","QantasLink","Mar-24",134,130,4,121,121,9,9,2024,3
"Albury-Sydney","Albury","Sydney","QantasLink","Mar-24",104,103,1,78,85,25,18,2024,3
"Alice Springs-Adelaide","Alice Springs","Adelaide","QantasLink","Mar-24",44,44,0,39,39,5,5,2024,3
"Ballina-Sydney","Ballina","Sydney","QantasLink","Mar-24",54,53,1,41,40,12,13,2024,3
"Brisbane-Adelaide","Brisbane","Adelaide","QantasLink","Mar-24",160,158,2,127,129,31,29,2024,3
"Brisbane-Cairns","Brisbane","Cairns","QantasLink","Mar-24",123,121,2,78,88,43,33,2024,3
"Brisbane-Canberra","Brisbane","Canberra","QantasLink","Mar-24",162,161,1,139,135,22,26,2024,3
"Brisbane-Emerald","Brisbane","Emerald","QantasLink","Mar-24",123,119,4,89,90,30,29,2024,3
"Brisbane-Gladstone","Brisbane","Gladstone","QantasLink","Mar-24",136,128,8,89,89,39,39,2024,3
"Brisbane-Hobart","Brisbane","Hobart","QantasLink","Mar-24",27,26,1,21,20,5,6,2024,3
"Brisbane-Mackay","Brisbane","Mackay","QantasLink","Mar-24",119,118,1,81,79,37,39,2024,3
"Brisbane-Newcastle","Brisbane","Newcastle","QantasLink","Mar-24",118,115,3,87,78,28,37,2024,3
"Brisbane-Proserpine","Brisbane","Proserpine","QantasLink","Mar-24",23,23,0,20,20,3,3,2024,3
"Brisbane-Rockhampton","Brisbane","Rockhampton","QantasLink","Mar-24",191,179,12,126,119,53,60,2024,3
"Brisbane-Townsville","Brisbane","Townsville","QantasLink","Mar-24",78,77,1,56,58,21,19,2024,3
"Broome-Perth","Broome","Perth","QantasLink","Mar-24",83,76,7,65,62,11,14,2024,3
"Cairns-Brisbane","Cairns","Brisbane","QantasLink","Mar-24",121,119,2,78,72,41,47,2024,3
"Cairns-Townsville","Cairns","Townsville","QantasLink","Mar-24",140,136,4,114,113,22,23,2024,3
"Canberra-Adelaide","Canberra","Adelaide","QantasLink","Mar-24",87,87,0,77,78,10,9,2024,3
"Canberra-Brisbane","Canberra","Brisbane","QantasLink","Mar-24",162,160,2,144,142,16,18,2024,3
"Canberra-Melbourne","Canberra","Melbourne","QantasLink","Mar-24",204,202,2,138,120,64,82,2024,3
"Canberra-Sydney","Canberra","Sydney","QantasLink","Mar-24",401,391,10,285,272,106,119,2024,3
"Coffs Harbour-Sydney","Coffs Harbour","Sydney","QantasLink","Mar-24",114,114,0,92,90,22,24,2024,3
"Darwin-Perth","Darwin","Perth","QantasLink","Mar-24",32,27,5,13,14,14,13,2024,3
"Devonport-Melbourne","Devonport","Melbourne","QantasLink","Mar-24",118,117,1,80,73,37,44,2024,3
"Dubbo-Sydney","Dubbo","Sydney","QantasLink","Mar-24",113,108,5,89,86,19,22,2024,3
"Emerald-Brisbane","Emerald","Brisbane","QantasLink","Mar-24",123,117,6,83,78,34,39,2024,3
"Gladstone-Brisbane","Gladstone","Brisbane","QantasLink","Mar-24",137,128,9,92,93,36,35,2024,3
"Hobart-Brisbane","Hobart","Brisbane","QantasLink","Mar-24",27,26,1,21,22,5,4,2024,3
"Hobart-Melbourne","Hobart","Melbourne","QantasLink","Mar-24",30,30,0,21,19,9,11,2024,3
"Hobart-Sydney","Hobart","Sydney","QantasLink","Mar-24",48,48,0,39,44,9,4,2024,3
"Kalgoorlie-Perth","Kalgoorlie","Perth","QantasLink","Mar-24",60,54,6,36,32,18,22,2024,3
"Karratha-Perth","Karratha","Perth","QantasLink","Mar-24",136,112,24,86,73,26,39,2024,3
"Launceston-Melbourne","Launceston","Melbourne","QantasLink","Mar-24",118,115,3,99,97,16,18,2024,3
"Launceston-Sydney","Launceston","Sydney","QantasLink","Mar-24",30,30,0,26,27,4,3,2024,3
"Mackay-Brisbane","Mackay","Brisbane","QantasLink","Mar-24",124,123,1,91,85,32,38,2024,3
"Melbourne-Adelaide","Melbourne","Adelaide","QantasLink","Mar-24",13,12,1,9,9,3,3,2024,3
"Melbourne-Canberra","Melbourne","Canberra","QantasLink","Mar-24",207,205,2,167,152,38,53,2024,3
"Melbourne-Devonport","Melbourne","Devonport","QantasLink","Mar-24",118,118,0,71,70,47,48,2024,3
"Melbourne-Hobart","Melbourne","Hobart","QantasLink","Mar-24",31,31,0,27,25,4,6,2024,3
"Melbourne-Launceston","Melbourne","Launceston","QantasLink","Mar-24",118,115,3,92,81,23,34,2024,3
"Melbourne-Mildura","Melbourne","Mildura","QantasLink","Mar-24",108,106,2,63,57,43,49,2024,3
"Melbourne-Newcastle","Melbourne","Newcastle","QantasLink","Mar-24",50,49,1,30,30,19,19,2024,3
"Mildura-Melbourne","Mildura","Melbourne","QantasLink","Mar-24",108,106,2,58,63,48,43,2024,3
"Newcastle-Brisbane","Newcastle","Brisbane","QantasLink","Mar-24",119,112,7,80,82,32,30,2024,3
"Newcastle-Melbourne","Newcastle","Melbourne","QantasLink","Mar-24",52,52,0,41,34,11,18,2024,3
"Newman-Perth","Newman","Perth","QantasLink","Mar-24",103,93,10,73,59,20,34,2024,3
"Perth-Broome","Perth","Broome","QantasLink","Mar-24",83,76,7,60,65,16,11,2024,3
"Perth-Darwin","Perth","Darwin","QantasLink","Mar-24",32,27,5,18,16,9,11,2024,3
"Perth-Kalgoorlie","Perth","Kalgoorlie","QantasLink","Mar-24",60,54,6,43,42,11,12,2024,3
"Perth-Karratha","Perth","Karratha","QantasLink","Mar-24",136,114,22,92,87,22,27,2024,3
"Perth-Newman","Perth","Newman","QantasLink","Mar-24",102,92,10,78,76,14,16,2024,3
"Perth-Port Hedland","Perth","Port Hedland","QantasLink","Mar-24",138,121,17,105,98,16,23,2024,3
"Port Hedland-Perth","Port Hedland","Perth","QantasLink","Mar-24",137,120,17,97,77,23,43,2024,3
"Port Lincoln-Adelaide","Port Lincoln","Adelaide","QantasLink","Mar-24",134,130,4,120,120,10,10,2024,3
"Port Macquarie-Sydney","Port Macquarie","Sydney","QantasLink","Mar-24",114,111,3,91,88,20,23,2024,3
"Proserpine-Brisbane","Proserpine","Brisbane","QantasLink","Mar-24",23,23,0,20,20,3,3,2024,3
"Rockhampton-Brisbane","Rockhampton","Brisbane","QantasLink","Mar-24",191,177,14,123,125,54,52,2024,3
"Sydney-Albury","Sydney","Albury","QantasLink","Mar-24",104,103,1,76,78,27,25,2024,3
"Sydney-Ballina","Sydney","Ballina","QantasLink","Mar-24",53,53,0,40,39,13,14,2024,3
"Sydney-Canberra","Sydney","Canberra","QantasLink","Mar-24",401,396,5,288,288,108,108,2024,3
"Sydney-Coffs Harbour","Sydney","Coffs Harbour","QantasLink","Mar-24",114,114,0,79,81,35,33,2024,3
"Sydney-Dubbo","Sydney","Dubbo","QantasLink","Mar-24",113,109,4,65,72,44,37,2024,3
"Sydney-Hobart","Sydney","Hobart","QantasLink","Mar-24",47,46,1,33,36,13,10,2024,3
"Sydney-Launceston","Sydney","Launceston","QantasLink","Mar-24",31,31,0,26,27,5,4,2024,3
"Sydney-Port Macquarie","Sydney","Port Macquarie","QantasLink","Mar-24",114,112,2,82,89,30,23,2024,3
"Sydney-Wagga Wagga","Sydney","Wagga Wagga","QantasLink","Mar-24",103,102,1,68,79,34,23,2024,3
"Townsville-Brisbane","Townsville","Brisbane","QantasLink","Mar-24",77,76,1,56,47,20,29,2024,3
"Townsville-Cairns","Townsville","Cairns","QantasLink","Mar-24",140,135,5,119,116,16,19,2024,3
"Wagga Wagga-Sydney","Wagga Wagga","Sydney","QantasLink","Mar-24",103,100,3,81,86,19,14,2024,3
"Adelaide-Melbourne","Adelaide","Melbourne","Rex Airlines","Mar-24",57,57,0,45,44,12,13,2024,3
"Adelaide-Port Lincoln","Adelaide","Port Lincoln","Rex Airlines","Mar-24",151,143,8,122,121,21,22,2024,3
"Albury-Sydney","Albury","Sydney","Rex Airlines","Mar-24",61,61,0,50,47,11,14,2024,3
"Brisbane-Melbourne","Brisbane","Melbourne","Rex Airlines","Mar-24",57,57,0,44,49,13,8,2024,3
"Brisbane-Sydney","Brisbane","Sydney","Rex Airlines","Mar-24",146,146,0,121,125,25,21,2024,3
"Cairns-Townsville","Cairns","Townsville","Rex Airlines","Mar-24",13,12,1,9,9,3,3,2024,3
"Canberra-Melbourne","Canberra","Melbourne","Rex Airlines","Mar-24",31,31,0,26,23,5,8,2024,3
"Coffs Harbour-Sydney","Coffs Harbour","Sydney","Rex Airlines","Mar-24",80,80,0,65,58,15,22,2024,3
"Devonport-Melbourne","Devonport","Melbourne","Rex Airlines","Mar-24",38,38,0,28,25,10,13,2024,3
"Dubbo-Sydney","Dubbo","Sydney","Rex Airlines","Mar-24",100,100,0,80,66,20,34,2024,3
"Gold Coast-Melbourne","Gold Coast","Melbourne","Rex Airlines","Mar-24",31,31,0,23,25,8,6,2024,3
"Gold Coast-Sydney","Gold Coast","Sydney","Rex Airlines","Mar-24",31,31,0,29,29,2,2,2024,3
"Melbourne-Adelaide","Melbourne","Adelaide","Rex Airlines","Mar-24",57,57,0,50,51,7,6,2024,3
"Melbourne-Brisbane","Melbourne","Brisbane","Rex Airlines","Mar-24",57,57,0,47,43,10,14,2024,3
"Melbourne-Canberra","Melbourne","Canberra","Rex Airlines","Mar-24",31,31,0,30,27,1,4,2024,3
"Melbourne-Devonport","Melbourne","Devonport","Rex Airlines","Mar-24",38,38,0,32,32,6,6,2024,3
"Melbourne-Gold Coast","Melbourne","Gold Coast","Rex Airlines","Mar-24",31,31,0,29,26,2,5,2024,3
"Melbourne-Mildura","Melbourne","Mildura","Rex Airlines","Mar-24",89,89,0,65,65,24,24,2024,3
"Melbourne-Sydney","Melbourne","Sydney","Rex Airlines","Mar-24",205,204,1,173,168,31,36,2024,3
"Mildura-Melbourne","Mildura","Melbourne","Rex Airlines","Mar-24",90,90,0,60,50,30,40,2024,3
"Port Lincoln-Adelaide","Port Lincoln","Adelaide","Rex Airlines","Mar-24",151,143,8,124,120,19,23,2024,3
"Port Macquarie-Sydney","Port Macquarie","Sydney","Rex Airlines","Mar-24",77,77,0,57,50,20,27,2024,3
"Sydney-Albury","Sydney","Albury","Rex Airlines","Mar-24",61,61,0,54,54,7,7,2024,3
"Sydney-Brisbane","Sydney","Brisbane","Rex Airlines","Mar-24",146,146,0,125,120,21,26,2024,3
"Sydney-Coffs Harbour","Sydney","Coffs Harbour","Rex Airlines","Mar-24",80,80,0,69,68,11,12,2024,3
"Sydney-Dubbo","Sydney","Dubbo","Rex Airlines","Mar-24",103,103,0,79,84,24,19,2024,3
"Sydney-Gold Coast","Sydney","Gold Coast","Rex Airlines","Mar-24",31,31,0,29,29,2,2,2024,3
"Sydney-Melbourne","Sydney","Melbourne","Rex Airlines","Mar-24",205,204,1,168,163,36,41,2024,3
"Sydney-Port Macquarie","Sydney","Port Macquarie","Rex Airlines","Mar-24",76,76,0,54,54,22,22,2024,3
"Sydney-Wagga Wagga","Sydney","Wagga Wagga","Rex Airlines","Mar-24",71,71,0,56,56,15,15,2024,3
"Townsville-Cairns","Townsville","Cairns","Rex Airlines","Mar-24",13,12,1,10,10,2,2,2024,3
"Wagga Wagga-Sydney","Wagga Wagga","Sydney","Rex Airlines","Mar-24",71,71,0,61,53,10,18,2024,3
"Sydney-Adelaide","Sydney","Adelaide","Rex Airlines","Mar-24",31,31,0,22,25,9,6,2024,3
"Adelaide-Sydney","Adelaide","Sydney","Rex Airlines","Mar-24",31,31,0,21,22,10,9,2024,3
"Melbourne-Hobart","Melbourne","Hobart","Rex Airlines","Mar-24",31,31,0,29,28,2,3,2024,3
"Hobart-Melbourne","Hobart","Melbourne","Rex Airlines","Mar-24",31,31,0,28,21,3,10,2024,3
"Brisbane-Cairns","Brisbane","Cairns","Rex Airlines","Mar-24",8,7,1,7,6,0,1,2024,3
"Cairns-Brisbane","Cairns","Brisbane","Rex Airlines","Mar-24",8,6,2,6,6,0,0,2024,3
"Adelaide-Alice Springs","Adelaide","Alice Springs","Virgin Australia","Mar-24",13,13,0,10,8,3,5,2024,3
"Adelaide-Brisbane","Adelaide","Brisbane","Virgin Australia","Mar-24",135,131,4,120,122,11,9,2024,3
"Adelaide-Canberra","Adelaide","Canberra","Virgin Australia","Mar-24",16,16,0,14,13,2,3,2024,3
"Adelaide-Gold Coast","Adelaide","Gold Coast","Virgin Australia","Mar-24",32,32,0,27,28,5,4,2024,3
"Adelaide-Melbourne","Adelaide","Melbourne","Virgin Australia","Mar-24",273,271,2,194,205,77,66,2024,3
"Adelaide-Perth","Adelaide","Perth","Virgin Australia","Mar-24",34,32,2,15,15,17,17,2024,3
"Adelaide-Sydney","Adelaide","Sydney","Virgin Australia","Mar-24",175,169,6,137,139,32,30,2024,3
"Alice Springs-Adelaide","Alice Springs","Adelaide","Virgin Australia","Mar-24",13,13,0,3,7,10,6,2024,3
"Ballina-Sydney","Ballina","Sydney","Virgin Australia","Mar-24",46,46,0,42,44,4,2,2024,3
"Brisbane-Adelaide","Brisbane","Adelaide","Virgin Australia","Mar-24",134,130,4,110,111,20,19,2024,3
"Brisbane-Cairns","Brisbane","Cairns","Virgin Australia","Mar-24",143,143,0,103,99,40,44,2024,3
"Brisbane-Canberra","Brisbane","Canberra","Virgin Australia","Mar-24",110,107,3,78,75,29,32,2024,3
"Brisbane-Darwin","Brisbane","Darwin","Virgin Australia","Mar-24",30,29,1,19,24,10,5,2024,3
"Brisbane-Emerald","Brisbane","Emerald","Virgin Australia","Mar-24",26,25,1,13,15,12,10,2024,3
"Brisbane-Gladstone","Brisbane","Gladstone","Virgin Australia","Mar-24",34,32,2,14,13,18,19,2024,3
"Brisbane-Hamilton Island","Brisbane","Hamilton Island","Virgin Australia","Mar-24",38,38,0,32,33,6,5,2024,3
"Brisbane-Hobart","Brisbane","Hobart","Virgin Australia","Mar-24",41,40,1,32,33,8,7,2024,3
"Brisbane-Launceston","Brisbane","Launceston","Virgin Australia","Mar-24",24,23,1,15,11,8,12,2024,3
"Brisbane-Mackay","Brisbane","Mackay","Virgin Australia","Mar-24",140,137,3,93,76,44,61,2024,3
"Brisbane-Melbourne","Brisbane","Melbourne","Virgin Australia","Mar-24",403,393,10,281,259,112,134,2024,3
"Brisbane-Mount Isa","Brisbane","Mount Isa","Virgin Australia","Mar-24",13,12,1,9,7,3,5,2024,3
"Brisbane-Newcastle","Brisbane","Newcastle","Virgin Australia","Mar-24",82,82,0,54,57,28,25,2024,3
"Brisbane-Perth","Brisbane","Perth","Virgin Australia","Mar-24",121,117,4,79,92,38,25,2024,3
"Brisbane-Proserpine","Brisbane","Proserpine","Virgin Australia","Mar-24",39,39,0,34,31,5,8,2024,3
"Brisbane-Rockhampton","Brisbane","Rockhampton","Virgin Australia","Mar-24",142,141,1,89,84,52,57,2024,3
"Brisbane-Sydney","Brisbane","Sydney","Virgin Australia","Mar-24",477,443,34,335,331,108,112,2024,3
"Brisbane-Townsville","Brisbane","Townsville","Virgin Australia","Mar-24",142,140,2,100,92,40,48,2024,3
"Broome-Perth","Broome","Perth","Virgin Australia","Mar-24",19,18,1,9,12,9,6,2024,3
"Cairns-Brisbane","Cairns","Brisbane","Virgin Australia","Mar-24",143,142,1,84,104,58,38,2024,3
"Cairns-Melbourne","Cairns","Melbourne","Virgin Australia","Mar-24",62,61,1,45,42,16,19,2024,3
"Cairns-Sydney","Cairns","Sydney","Virgin Australia","Mar-24",67,67,0,50,50,17,17,2024,3
"Canberra-Adelaide","Canberra","Adelaide","Virgin Australia","Mar-24",16,16,0,13,14,3,2,2024,3
"Canberra-Brisbane","Canberra","Brisbane","Virgin Australia","Mar-24",110,107,3,76,70,31,37,2024,3
"Canberra-Gold Coast","Canberra","Gold Coast","Virgin Australia","Mar-24",29,29,0,23,23,6,6,2024,3
"Canberra-Melbourne","Canberra","Melbourne","Virgin Australia","Mar-24",124,124,0,88,84,36,40,2024,3
"Canberra-Sydney","Canberra","Sydney","Virgin Australia","Mar-24",247,245,2,228,225,17,20,2024,3
"Darwin-Brisbane","Darwin","Brisbane","Virgin Australia","Mar-24",30,29,1,22,21,7,8,2024,3
"Darwin-Melbourne","Darwin","Melbourne","Virgin Australia","Mar-24",22,22,0,9,12,13,10,2024,3
"Darwin-Perth","Darwin","Perth","Virgin Australia","Mar-24",5,5,0,2,2,3,3,2024,3
"Emerald-Brisbane","Emerald","Brisbane","Virgin Australia","Mar-24",26,25,1,16,15,9,10,2024,3
"Gladstone-Brisbane","Gladstone","Brisbane","Virgin Australia","Mar-24",34,32,2,11,11,21,21,2024,3
"Gold Coast-Adelaide","Gold Coast","Adelaide","Virgin Australia","Mar-24",32,32,0,21,20,11,12,2024,3
"Gold Coast-Canberra","Gold Coast","Canberra","Virgin Australia","Mar-24",29,29,0,17,17,12,12,2024,3
"Gold Coast-Melbourne","Gold Coast","Melbourne","Virgin Australia","Mar-24",253,250,3,172,172,78,78,2024,3
"Gold Coast-Sydney","Gold Coast","Sydney","Virgin Australia","Mar-24",294,289,5,209,225,80,64,2024,3
"Hamilton Island-Brisbane","Hamilton Island","Brisbane","Virgin Australia","Mar-24",38,38,0,33,33,5,5,2024,3
"Hamilton Island-Sydney","Hamilton Island","Sydney","Virgin Australia","Mar-24",31,31,0,23,20,8,11,2024,3
"Hobart-Brisbane","Hobart","Brisbane","Virgin Australia","Mar-24",41,40,1,28,30,12,10,2024,3
"Hobart-Melbourne","Hobart","Melbourne","Virgin Australia","Mar-24",129,129,0,96,90,33,39,2024,3
"Hobart-Sydney","Hobart","Sydney","Virgin Australia","Mar-24",77,76,1,61,62,15,14,2024,3
"Kalgoorlie-Perth","Kalgoorlie","Perth","Virgin Australia","Mar-24",71,68,3,45,42,23,26,2024,3
"Karratha-Perth","Karratha","Perth","Virgin Australia","Mar-24",55,55,0,45,41,10,14,2024,3
"Launceston-Brisbane","Launceston","Brisbane","Virgin Australia","Mar-24",24,23,1,12,14,11,9,2024,3
"Launceston-Melbourne","Launceston","Melbourne","Virgin Australia","Mar-24",103,103,0,85,84,18,19,2024,3
"Launceston-Sydney","Launceston","Sydney","Virgin Australia","Mar-24",31,31,0,28,29,3,2,2024,3
"Mackay-Brisbane","Mackay","Brisbane","Virgin Australia","Mar-24",139,135,4,86,75,49,60,2024,3
"Melbourne-Adelaide","Melbourne","Adelaide","Virgin Australia","Mar-24",274,272,2,213,181,59,91,2024,3
"Melbourne-Brisbane","Melbourne","Brisbane","Virgin Australia","Mar-24",403,389,14,299,296,90,93,2024,3
"Melbourne-Cairns","Melbourne","Cairns","Virgin Australia","Mar-24",62,61,1,41,47,20,14,2024,3
"Melbourne-Canberra","Melbourne","Canberra","Virgin Australia","Mar-24",124,124,0,100,94,24,30,2024,3
"Melbourne-Darwin","Melbourne","Darwin","Virgin Australia","Mar-24",22,22,0,14,13,8,9,2024,3
"Melbourne-Gold Coast","Melbourne","Gold Coast","Virgin Australia","Mar-24",253,250,3,186,180,64,70,2024,3
"Melbourne-Hobart","Melbourne","Hobart","Virgin Australia","Mar-24",128,128,0,97,92,31,36,2024,3
"Melbourne-Launceston","Melbourne","Launceston","Virgin Australia","Mar-24",103,103,0,86,83,17,20,2024,3
"Melbourne-Newcastle","Melbourne","Newcastle","Virgin Australia","Mar-24",45,45,0,32,30,13,15,2024,3
"Melbourne-Perth","Melbourne","Perth","Virgin Australia","Mar-24",217,214,3,149,162,65,52,2024,3
"Melbourne-Sunshine Coast","Melbourne","Sunshine Coast","Virgin Australia","Mar-24",69,69,0,58,57,11,12,2024,3
"Melbourne-Sydney","Melbourne","Sydney","Virgin Australia","Mar-24",793,734,59,625,580,109,154,2024,3
"Mount Isa-Brisbane","Mount Isa","Brisbane","Virgin Australia","Mar-24",13,12,1,6,5,6,7,2024,3
"Newcastle-Brisbane","Newcastle","Brisbane","Virgin Australia","Mar-24",83,83,0,62,61,21,22,2024,3
"Newcastle-Melbourne","Newcastle","Melbourne","Virgin Australia","Mar-24",45,44,1,28,26,16,18,2024,3
"Newman-Perth","Newman","Perth","Virgin Australia","Mar-24",40,40,0,25,25,15,15,2024,3
"Perth-Adelaide","Perth","Adelaide","Virgin Australia","Mar-24",34,32,2,22,19,10,13,2024,3
"Perth-Brisbane","Perth","Brisbane","Virgin Australia","Mar-24",122,121,1,90,100,31,21,2024,3
"Perth-Broome","Perth","Broome","Virgin Australia","Mar-24",18,18,0,8,13,10,5,2024,3
"Perth-Darwin","Perth","Darwin","Virgin Australia","Mar-24",5,5,0,3,2,2,3,2024,3
"Perth-Kalgoorlie","Perth","Kalgoorlie","Virgin Australia","Mar-24",71,68,3,58,53,10,15,2024,3
"Perth-Karratha","Perth","Karratha","Virgin Australia","Mar-24",55,55,0,46,46,9,9,2024,3
"Perth-Melbourne","Perth","Melbourne","Virgin Australia","Mar-24",231,228,3,174,172,54,56,2024,3
"Perth-Newman","Perth","Newman","Virgin Australia","Mar-24",40,40,0,35,32,5,8,2024,3
"Perth-Port Hedland","Perth","Port Hedland","Virgin Australia","Mar-24",39,38,1,37,37,1,1,2024,3
"Perth-Sydney","Perth","Sydney","Virgin Australia","Mar-24",141,138,3,103,112,35,26,2024,3
"Port Hedland-Perth","Port Hedland","Perth","Virgin Australia","Mar-24",39,38,1,30,25,8,13,2024,3
"Proserpine-Brisbane","Proserpine","Brisbane","Virgin Australia","Mar-24",39,39,0,30,28,9,11,2024,3
"Rockhampton-Brisbane","Rockhampton","Brisbane","Virgin Australia","Mar-24",142,141,1,101,84,40,57,2024,3
"Sunshine Coast-Melbourne","Sunshine Coast","Melbourne","Virgin Australia","Mar-24",69,69,0,52,40,17,29,2024,3
"Sunshine Coast-Sydney","Sunshine Coast","Sydney","Virgin Australia","Mar-24",63,60,3,45,41,15,19,2024,3
"Sydney-Adelaide","Sydney","Adelaide","Virgin Australia","Mar-24",175,170,5,138,142,32,28,2024,3
"Sydney-Ballina","Sydney","Ballina","Virgin Australia","Mar-24",46,46,0,44,43,2,3,2024,3
"Sydney-Brisbane","Sydney","Brisbane","Virgin Australia","Mar-24",472,441,31,376,374,65,67,2024,3
"Sydney-Cairns","Sydney","Cairns","Virgin Australia","Mar-24",67,67,0,56,58,11,9,2024,3
"Sydney-Canberra","Sydney","Canberra","Virgin Australia","Mar-24",247,245,2,225,232,20,13,2024,3
"Sydney-Gold Coast","Sydney","Gold Coast","Virgin Australia","Mar-24",294,290,4,233,228,57,62,2024,3
"Sydney-Hamilton Island","Sydney","Hamilton Island","Virgin Australia","Mar-24",31,31,0,30,26,1,5,2024,3
"Sydney-Hobart","Sydney","Hobart","Virgin Australia","Mar-24",77,76,1,65,65,11,11,2024,3
"Sydney-Launceston","Sydney","Launceston","Virgin Australia","Mar-24",31,31,0,28,30,3,1,2024,3
"Sydney-Melbourne","Sydney","Melbourne","Virgin Australia","Mar-24",782,720,62,576,565,144,155,2024,3
"Sydney-Perth","Sydney","Perth","Virgin Australia","Mar-24",156,154,2,114,118,40,36,2024,3
"Sydney-Sunshine Coast","Sydney","Sunshine Coast","Virgin Australia","Mar-24",62,62,0,46,46,16,16,2024,3
"Townsville-Brisbane","Townsville","Brisbane","Virgin Australia","Mar-24",144,142,2,101,102,41,40,2024,3
"Adelaide-Perth","Adelaide","Perth","Virgin Australia Regional Airlines","Mar-24",38,36,2,11,15,25,21,2024,3
"Broome-Perth","Broome","Perth","Virgin Australia Regional Airlines","Mar-24",14,13,1,7,11,6,2,2024,3
"Darwin-Perth","Darwin","Perth","Virgin Australia Regional Airlines","Mar-24",17,17,0,7,9,10,8,2024,3
"Kalgoorlie-Perth","Kalgoorlie","Perth","Virgin Australia Regional Airlines","Mar-24",27,24,3,16,17,8,7,2024,3
"Karratha-Perth","Karratha","Perth","Virgin Australia Regional Airlines","Mar-24",21,20,1,15,15,5,5,2024,3
"Newman-Perth","Newman","Perth","Virgin Australia Regional Airlines","Mar-24",15,15,0,9,9,6,6,2024,3
"Perth-Adelaide","Perth","Adelaide","Virgin Australia Regional Airlines","Mar-24",38,36,2,23,21,13,15,2024,3
"Perth-Broome","Perth","Broome","Virgin Australia Regional Airlines","Mar-24",13,13,0,10,11,3,2,2024,3
"Perth-Darwin","Perth","Darwin","Virgin Australia Regional Airlines","Mar-24",17,17,0,10,11,7,6,2024,3
"Perth-Kalgoorlie","Perth","Kalgoorlie","Virgin Australia Regional Airlines","Mar-24",27,25,2,19,20,6,5,2024,3
"Perth-Karratha","Perth","Karratha","Virgin Australia Regional Airlines","Mar-24",21,20,1,16,16,4,4,2024,3
"Perth-Newman","Perth","Newman","Virgin Australia Regional Airlines","Mar-24",15,15,0,10,10,5,5,2024,3
"Perth-Port Hedland","Perth","Port Hedland","Virgin Australia Regional Airlines","Mar-24",21,21,0,13,14,8,7,2024,3
"Port Hedland-Perth","Port Hedland","Perth","Virgin Australia Regional Airlines","Mar-24",21,20,1,9,11,11,9,2024,3
"Adelaide-Alice Springs","Adelaide","Alice Springs","All Airlines","Mar-24",57,57,0,50,47,7,10,2024,3
"Adelaide-Brisbane","Adelaide","Brisbane","All Airlines","Mar-24",324,317,7,270,280,47,37,2024,3
"Adelaide-Canberra","Adelaide","Canberra","All Airlines","Mar-24",103,103,0,95,94,8,9,2024,3
"Adelaide-Gold Coast","Adelaide","Gold Coast","All Airlines","Mar-24",63,63,0,54,55,9,8,2024,3
"Adelaide-Melbourne","Adelaide","Melbourne","All Airlines","Mar-24",716,710,6,537,545,173,165,2024,3
"Adelaide-Perth","Adelaide","Perth","All Airlines","Mar-24",214,193,21,118,119,75,74,2024,3
"Adelaide-Port Lincoln","Adelaide","Port Lincoln","All Airlines","Mar-24",285,273,12,243,242,30,31,2024,3
"Adelaide-Sydney","Adelaide","Sydney","All Airlines","Mar-24",570,556,14,454,469,102,87,2024,3
"Albury-Sydney","Albury","Sydney","All Airlines","Mar-24",165,164,1,128,132,36,32,2024,3
"Alice Springs-Adelaide","Alice Springs","Adelaide","All Airlines","Mar-24",57,57,0,42,46,15,11,2024,3
"Ballina-Sydney","Ballina","Sydney","All Airlines","Mar-24",181,180,1,150,154,30,26,2024,3
"Brisbane-Adelaide","Brisbane","Adelaide","All Airlines","Mar-24",325,318,7,256,263,62,55,2024,3
"Brisbane-Cairns","Brisbane","Cairns","All Airlines","Mar-24",392,370,22,260,273,110,97,2024,3
"Brisbane-Canberra","Brisbane","Canberra","All Airlines","Mar-24",304,299,5,240,234,59,65,2024,3
"Brisbane-Darwin","Brisbane","Darwin","All Airlines","Mar-24",105,104,1,70,77,34,27,2024,3
"Brisbane-Emerald","Brisbane","Emerald","All Airlines","Mar-24",149,144,5,102,105,42,39,2024,3
"Brisbane-Gladstone","Brisbane","Gladstone","All Airlines","Mar-24",170,160,10,103,102,57,58,2024,3
"Brisbane-Hamilton Island","Brisbane","Hamilton Island","All Airlines","Mar-24",66,66,0,52,49,14,17,2024,3
"Brisbane-Hobart","Brisbane","Hobart","All Airlines","Mar-24",99,97,2,81,80,16,17,2024,3
"Brisbane-Launceston","Brisbane","Launceston","All Airlines","Mar-24",47,46,1,29,28,17,18,2024,3
"Brisbane-Mackay","Brisbane","Mackay","All Airlines","Mar-24",334,330,4,236,217,94,113,2024,3
"Brisbane-Melbourne","Brisbane","Melbourne","All Airlines","Mar-24",993,970,23,720,706,250,264,2024,3
"Brisbane-Mount Isa","Brisbane","Mount Isa","All Airlines","Mar-24",64,63,1,57,55,6,8,2024,3
"Brisbane-Newcastle","Brisbane","Newcastle","All Airlines","Mar-24",253,249,4,183,175,66,74,2024,3
"Brisbane-Perth","Brisbane","Perth","All Airlines","Mar-24",307,303,4,225,259,78,44,2024,3
"Brisbane-Proserpine","Brisbane","Proserpine","All Airlines","Mar-24",84,84,0,74,71,10,13,2024,3
"Brisbane-Rockhampton","Brisbane","Rockhampton","All Airlines","Mar-24",333,320,13,215,203,105,117,2024,3
"Brisbane-Sydney","Brisbane","Sydney","All Airlines","Mar-24",1344,1285,59,1024,1037,261,248,2024,3
"Brisbane-Townsville","Brisbane","Townsville","All Airlines","Mar-24",343,338,5,252,247,86,91,2024,3
"Broome-Perth","Broome","Perth","All Airlines","Mar-24",118,109,9,82,86,27,23,2024,3
"Cairns-Brisbane","Cairns","Brisbane","All Airlines","Mar-24",387,366,21,250,269,116,97,2024,3
"Cairns-Melbourne","Cairns","Melbourne","All Airlines","Mar-24",177,176,1,123,124,53,52,2024,3
"Cairns-Sydney","Cairns","Sydney","All Airlines","Mar-24",211,208,3,161,151,47,57,2024,3
"Cairns-Townsville","Cairns","Townsville","All Airlines","Mar-24",153,148,5,123,122,25,26,2024,3
"Canberra-Adelaide","Canberra","Adelaide","All Airlines","Mar-24",103,103,0,90,92,13,11,2024,3
"Canberra-Brisbane","Canberra","Brisbane","All Airlines","Mar-24",303,298,5,243,235,55,63,2024,3
"Canberra-Gold Coast","Canberra","Gold Coast","All Airlines","Mar-24",53,53,0,43,43,10,10,2024,3
"Canberra-Melbourne","Canberra","Melbourne","All Airlines","Mar-24",438,436,2,317,291,119,145,2024,3
"Canberra-Sydney","Canberra","Sydney","All Airlines","Mar-24",665,653,12,526,510,127,143,2024,3
"Coffs Harbour-Sydney","Coffs Harbour","Sydney","All Airlines","Mar-24",194,194,0,157,148,37,46,2024,3
"Darwin-Brisbane","Darwin","Brisbane","All Airlines","Mar-24",105,104,1,80,67,24,37,2024,3
"Darwin-Melbourne","Darwin","Melbourne","All Airlines","Mar-24",67,67,0,38,30,29,37,2024,3
"Darwin-Perth","Darwin","Perth","All Airlines","Mar-24",59,51,8,24,27,27,24,2024,3
"Devonport-Melbourne","Devonport","Melbourne","All Airlines","Mar-24",156,155,1,108,98,47,57,2024,3
"Dubbo-Sydney","Dubbo","Sydney","All Airlines","Mar-24",213,208,5,169,152,39,56,2024,3
"Emerald-Brisbane","Emerald","Brisbane","All Airlines","Mar-24",149,142,7,99,93,43,49,2024,3
"Gladstone-Brisbane","Gladstone","Brisbane","All Airlines","Mar-24",171,160,11,103,104,57,56,2024,3
"Gold Coast-Adelaide","Gold Coast","Adelaide","All Airlines","Mar-24",63,63,0,46,47,17,16,2024,3
"Gold Coast-Canberra","Gold Coast","Canberra","All Airlines","Mar-24",53,53,0,37,39,16,14,2024,3
"Gold Coast-Melbourne","Gold Coast","Melbourne","All Airlines","Mar-24",572,562,10,410,409,152,153,2024,3
"Gold Coast-Sydney","Gold Coast","Sydney","All Airlines","Mar-24",699,687,12,535,554,152,133,2024,3
"Hamilton Island-Brisbane","Hamilton Island","Brisbane","All Airlines","Mar-24",66,66,0,48,45,18,21,2024,3
"Hamilton Island-Sydney","Hamilton Island","Sydney","All Airlines","Mar-24",81,81,0,57,54,24,27,2024,3
"Hobart-Brisbane","Hobart","Brisbane","All Airlines","Mar-24",99,97,2,72,77,25,20,2024,3
"Hobart-Melbourne","Hobart","Melbourne","All Airlines","Mar-24",430,428,2,338,323,90,105,2024,3
"Hobart-Sydney","Hobart","Sydney","All Airlines","Mar-24",252,251,1,205,219,46,32,2024,3
"Kalgoorlie-Perth","Kalgoorlie","Perth","All Airlines","Mar-24",175,159,16,106,101,53,58,2024,3
"Karratha-Perth","Karratha","Perth","All Airlines","Mar-24",228,202,26,156,142,46,60,2024,3
"Launceston-Brisbane","Launceston","Brisbane","All Airlines","Mar-24",47,46,1,27,34,19,12,2024,3
"Launceston-Melbourne","Launceston","Melbourne","All Airlines","Mar-24",344,341,3,266,268,75,73,2024,3
"Launceston-Sydney","Launceston","Sydney","All Airlines","Mar-24",116,115,1,102,104,13,11,2024,3
"Mackay-Brisbane","Mackay","Brisbane","All Airlines","Mar-24",338,333,5,238,219,95,114,2024,3
"Melbourne-Adelaide","Melbourne","Adelaide","All Airlines","Mar-24",717,714,3,558,529,156,185,2024,3
"Melbourne-Brisbane","Melbourne","Brisbane","All Airlines","Mar-24",996,968,28,735,731,233,237,2024,3
"Melbourne-Cairns","Melbourne","Cairns","All Airlines","Mar-24",177,176,1,127,133,49,43,2024,3
"Melbourne-Canberra","Melbourne","Canberra","All Airlines","Mar-24",440,438,2,355,335,83,103,2024,3
"Melbourne-Darwin","Melbourne","Darwin","All Airlines","Mar-24",65,65,0,36,35,29,30,2024,3
"Melbourne-Devonport","Melbourne","Devonport","All Airlines","Mar-24",156,156,0,103,102,53,54,2024,3
"Melbourne-Gold Coast","Melbourne","Gold Coast","All Airlines","Mar-24",573,564,9,429,430,135,134,2024,3
"Melbourne-Hobart","Melbourne","Hobart","All Airlines","Mar-24",429,428,1,345,340,83,88,2024,3
"Melbourne-Launceston","Melbourne","Launceston","All Airlines","Mar-24",344,341,3,266,249,75,92,2024,3
"Melbourne-Mildura","Melbourne","Mildura","All Airlines","Mar-24",206,204,2,132,125,72,79,2024,3
"Melbourne-Newcastle","Melbourne","Newcastle","All Airlines","Mar-24",156,155,1,103,107,52,48,2024,3
"Melbourne-Perth","Melbourne","Perth","All Airlines","Mar-24",498,493,5,355,372,138,121,2024,3
"Melbourne-Sunshine Coast","Melbourne","Sunshine Coast","All Airlines","Mar-24",178,178,0,136,140,42,38,2024,3
"Melbourne-Sydney","Melbourne","Sydney","All Airlines","Mar-24",2397,2258,139,1853,1801,405,457,2024,3
"Mildura-Melbourne","Mildura","Melbourne","All Airlines","Mar-24",207,205,2,121,116,84,89,2024,3
"Mount Isa-Brisbane","Mount Isa","Brisbane","All Airlines","Mar-24",65,64,1,52,51,12,13,2024,3
"Newcastle-Brisbane","Newcastle","Brisbane","All Airlines","Mar-24",255,246,9,181,185,65,61,2024,3
"Newcastle-Melbourne","Newcastle","Melbourne","All Airlines","Mar-24",160,158,2,111,108,47,50,2024,3
"Newman-Perth","Newman","Perth","All Airlines","Mar-24",175,161,14,118,104,43,57,2024,3
"Perth-Adelaide","Perth","Adelaide","All Airlines","Mar-24",215,193,22,124,116,69,77,2024,3
"Perth-Brisbane","Perth","Brisbane","All Airlines","Mar-24",307,306,1,238,246,68,60,2024,3
"Perth-Broome","Perth","Broome","All Airlines","Mar-24",116,109,7,79,90,30,19,2024,3
"Perth-Darwin","Perth","Darwin","All Airlines","Mar-24",59,51,8,33,31,18,20,2024,3
"Perth-Kalgoorlie","Perth","Kalgoorlie","All Airlines","Mar-24",175,160,15,132,126,28,34,2024,3
"Perth-Karratha","Perth","Karratha","All Airlines","Mar-24",228,204,24,165,161,39,43,2024,3
"Perth-Melbourne","Perth","Melbourne","All Airlines","Mar-24",510,505,5,376,383,129,122,2024,3
"Perth-Newman","Perth","Newman","All Airlines","Mar-24",174,160,14,135,129,25,31,2024,3
"Perth-Port Hedland","Perth","Port Hedland","All Airlines","Mar-24",206,186,20,159,153,27,33,2024,3
"Perth-Sydney","Perth","Sydney","All Airlines","Mar-24",389,374,15,264,289,110,85,2024,3
"Port Hedland-Perth","Port Hedland","Perth","All Airlines","Mar-24",205,184,21,139,116,45,68,2024,3
"Port Lincoln-Adelaide","Port Lincoln","Adelaide","All Airlines","Mar-24",285,273,12,244,240,29,33,2024,3
"Port Macquarie-Sydney","Port Macquarie","Sydney","All Airlines","Mar-24",191,188,3,148,138,40,50,2024,3
"Proserpine-Brisbane","Proserpine","Brisbane","All Airlines","Mar-24",84,84,0,70,66,14,18,2024,3
"Rockhampton-Brisbane","Rockhampton","Brisbane","All Airlines","Mar-24",333,318,15,224,209,94,109,2024,3
"Sunshine Coast-Melbourne","Sunshine Coast","Melbourne","All Airlines","Mar-24",178,178,0,123,109,55,69,2024,3
"Sunshine Coast-Sydney","Sunshine Coast","Sydney","All Airlines","Mar-24",223,220,3,172,173,48,47,2024,3
"Sydney-Adelaide","Sydney","Adelaide","All Airlines","Mar-24",570,558,12,443,462,115,96,2024,3
"Sydney-Albury","Sydney","Albury","All Airlines","Mar-24",165,164,1,130,132,34,32,2024,3
"Sydney-Ballina","Sydney","Ballina","All Airlines","Mar-24",180,180,0,157,155,23,25,2024,3
"Sydney-Brisbane","Sydney","Brisbane","All Airlines","Mar-24",1343,1288,55,1060,1049,228,239,2024,3
"Sydney-Cairns","Sydney","Cairns","All Airlines","Mar-24",211,209,2,169,180,40,29,2024,3
"Sydney-Canberra","Sydney","Canberra","All Airlines","Mar-24",665,658,7,529,535,129,123,2024,3
"Sydney-Coffs Harbour","Sydney","Coffs Harbour","All Airlines","Mar-24",194,194,0,148,149,46,45,2024,3
"Sydney-Dubbo","Sydney","Dubbo","All Airlines","Mar-24",216,212,4,144,156,68,56,2024,3
"Sydney-Gold Coast","Sydney","Gold Coast","All Airlines","Mar-24",699,688,11,563,571,125,117,2024,3
"Sydney-Hamilton Island","Sydney","Hamilton Island","All Airlines","Mar-24",80,80,0,63,59,17,21,2024,3
"Sydney-Hobart","Sydney","Hobart","All Airlines","Mar-24",251,249,2,201,214,48,35,2024,3
"Sydney-Launceston","Sydney","Launceston","All Airlines","Mar-24",116,116,0,105,109,11,7,2024,3
"Sydney-Melbourne","Sydney","Melbourne","All Airlines","Mar-24",2385,2242,143,1808,1764,434,478,2024,3
"Sydney-Perth","Sydney","Perth","All Airlines","Mar-24",402,390,12,263,289,127,101,2024,3
"Sydney-Port Macquarie","Sydney","Port Macquarie","All Airlines","Mar-24",190,188,2,136,143,52,45,2024,3
"Sydney-Sunshine Coast","Sydney","Sunshine Coast","All Airlines","Mar-24",222,222,0,176,175,46,47,2024,3
"Sydney-Wagga Wagga","Sydney","Wagga Wagga","All Airlines","Mar-24",174,173,1,124,135,49,38,2024,3
"Townsville-Brisbane","Townsville","Brisbane","All Airlines","Mar-24",343,338,5,259,246,79,92,2024,3
"Townsville-Cairns","Townsville","Cairns","All Airlines","Mar-24",153,147,6,129,126,18,21,2024,3
"Wagga Wagga-Sydney","Wagga Wagga","Sydney","All Airlines","Mar-24",174,171,3,142,139,29,32,2024,3
"Adelaide-Brisbane","Adelaide","Brisbane","Jetstar","Apr-24",34,34,0,33,31,1,3,2024,4
"Adelaide-Gold Coast","Adelaide","Gold Coast","Jetstar","Apr-24",29,28,1,23,19,5,9,2024,4
"Adelaide-Melbourne","Adelaide","Melbourne","Jetstar","Apr-24",115,112,3,80,78,32,34,2024,4
"Adelaide-Perth","Adelaide","Perth","Jetstar","Apr-24",30,30,0,26,26,4,4,2024,4
"Adelaide-Sydney","Adelaide","Sydney","Jetstar","Apr-24",151,142,9,107,102,35,40,2024,4
"Ballina-Sydney","Ballina","Sydney","Jetstar","Apr-24",88,86,2,64,63,22,23,2024,4
"Brisbane-Adelaide","Brisbane","Adelaide","Jetstar","Apr-24",35,35,0,27,32,8,3,2024,4
"Brisbane-Cairns","Brisbane","Cairns","Jetstar","Apr-24",102,102,0,79,83,23,19,2024,4
"Brisbane-Canberra","Brisbane","Canberra","Jetstar","Apr-24",30,30,0,24,25,6,5,2024,4
"Brisbane-Darwin","Brisbane","Darwin","Jetstar","Apr-24",25,25,0,23,22,2,3,2024,4
"Brisbane-Hobart","Brisbane","Hobart","Jetstar","Apr-24",29,29,0,26,26,3,3,2024,4
"Brisbane-Launceston","Brisbane","Launceston","Jetstar","Apr-24",29,29,0,24,26,5,3,2024,4
"Brisbane-Mackay","Brisbane","Mackay","Jetstar","Apr-24",30,30,0,19,18,11,12,2024,4
"Brisbane-Melbourne","Brisbane","Melbourne","Jetstar","Apr-24",236,232,4,152,177,80,55,2024,4
"Brisbane-Newcastle","Brisbane","Newcastle","Jetstar","Apr-24",56,56,0,45,47,11,9,2024,4
"Brisbane-Perth","Brisbane","Perth","Jetstar","Apr-24",29,28,1,14,21,14,7,2024,4
"Brisbane-Proserpine","Brisbane","Proserpine","Jetstar","Apr-24",30,30,0,24,25,6,5,2024,4
"Brisbane-Sydney","Brisbane","Sydney","Jetstar","Apr-24",202,189,13,137,142,52,47,2024,4
"Brisbane-Townsville","Brisbane","Townsville","Jetstar","Apr-24",60,60,0,45,46,15,14,2024,4
"Cairns-Brisbane","Cairns","Brisbane","Jetstar","Apr-24",103,103,0,84,86,19,17,2024,4
"Cairns-Melbourne","Cairns","Melbourne","Jetstar","Apr-24",117,117,0,78,88,39,29,2024,4
"Cairns-Sydney","Cairns","Sydney","Jetstar","Apr-24",115,114,1,93,100,21,14,2024,4
"Canberra-Brisbane","Canberra","Brisbane","Jetstar","Apr-24",30,30,0,22,22,8,8,2024,4
"Canberra-Gold Coast","Canberra","Gold Coast","Jetstar","Apr-24",25,25,0,22,22,3,3,2024,4
"Canberra-Melbourne","Canberra","Melbourne","Jetstar","Apr-24",29,29,0,15,17,14,12,2024,4
"Darwin-Brisbane","Darwin","Brisbane","Jetstar","Apr-24",26,26,0,23,24,3,2,2024,4
"Darwin-Melbourne","Darwin","Melbourne","Jetstar","Apr-24",31,29,2,15,17,14,12,2024,4
"Gold Coast-Adelaide","Gold Coast","Adelaide","Jetstar","Apr-24",29,28,1,21,23,7,5,2024,4
"Gold Coast-Canberra","Gold Coast","Canberra","Jetstar","Apr-24",25,25,0,21,22,4,3,2024,4
"Gold Coast-Melbourne","Gold Coast","Melbourne","Jetstar","Apr-24",240,230,10,166,174,64,56,2024,4
"Gold Coast-Sydney","Gold Coast","Sydney","Jetstar","Apr-24",304,296,8,234,240,62,56,2024,4
"Hamilton Island-Sydney","Hamilton Island","Sydney","Jetstar","Apr-24",20,20,0,10,9,10,11,2024,4
"Hobart-Brisbane","Hobart","Brisbane","Jetstar","Apr-24",28,28,0,24,24,4,4,2024,4
"Hobart-Melbourne","Hobart","Melbourne","Jetstar","Apr-24",148,148,0,97,105,51,43,2024,4
"Hobart-Sydney","Hobart","Sydney","Jetstar","Apr-24",84,82,2,68,69,14,13,2024,4
"Launceston-Brisbane","Launceston","Brisbane","Jetstar","Apr-24",29,29,0,21,21,8,8,2024,4
"Launceston-Melbourne","Launceston","Melbourne","Jetstar","Apr-24",113,111,2,60,65,51,46,2024,4
"Launceston-Sydney","Launceston","Sydney","Jetstar","Apr-24",52,51,1,33,32,18,19,2024,4
"Mackay-Brisbane","Mackay","Brisbane","Jetstar","Apr-24",31,30,1,19,19,11,11,2024,4
"Melbourne-Adelaide","Melbourne","Adelaide","Jetstar","Apr-24",115,112,3,78,85,34,27,2024,4
"Melbourne-Brisbane","Melbourne","Brisbane","Jetstar","Apr-24",237,233,4,166,155,67,78,2024,4
"Melbourne-Cairns","Melbourne","Cairns","Jetstar","Apr-24",116,116,0,80,78,36,38,2024,4
"Melbourne-Canberra","Melbourne","Canberra","Jetstar","Apr-24",29,29,0,19,18,10,11,2024,4
"Melbourne-Darwin","Melbourne","Darwin","Jetstar","Apr-24",30,29,1,19,23,10,6,2024,4
"Melbourne-Gold Coast","Melbourne","Gold Coast","Jetstar","Apr-24",239,229,10,158,158,71,71,2024,4
"Melbourne-Hobart","Melbourne","Hobart","Jetstar","Apr-24",148,148,0,100,101,48,47,2024,4
"Melbourne-Launceston","Melbourne","Launceston","Jetstar","Apr-24",113,111,2,79,76,32,35,2024,4
"Melbourne-Newcastle","Melbourne","Newcastle","Jetstar","Apr-24",66,66,0,49,46,17,20,2024,4
"Melbourne-Perth","Melbourne","Perth","Jetstar","Apr-24",88,86,2,58,71,28,15,2024,4
"Melbourne-Sunshine Coast","Melbourne","Sunshine Coast","Jetstar","Apr-24",89,89,0,73,65,16,24,2024,4
"Melbourne-Sydney","Melbourne","Sydney","Jetstar","Apr-24",483,466,17,329,328,137,138,2024,4
"Newcastle-Brisbane","Newcastle","Brisbane","Jetstar","Apr-24",56,56,0,44,46,12,10,2024,4
"Newcastle-Melbourne","Newcastle","Melbourne","Jetstar","Apr-24",66,66,0,43,45,23,21,2024,4
"Perth-Adelaide","Perth","Adelaide","Jetstar","Apr-24",30,30,0,24,23,6,7,2024,4
"Perth-Brisbane","Perth","Brisbane","Jetstar","Apr-24",31,29,2,13,13,16,16,2024,4
"Perth-Melbourne","Perth","Melbourne","Jetstar","Apr-24",89,85,4,61,63,24,22,2024,4
"Perth-Sydney","Perth","Sydney","Jetstar","Apr-24",59,58,1,44,32,14,26,2024,4
"Proserpine-Brisbane","Proserpine","Brisbane","Jetstar","Apr-24",30,30,0,23,22,7,8,2024,4
"Sunshine Coast-Melbourne","Sunshine Coast","Melbourne","Jetstar","Apr-24",89,89,0,59,68,30,21,2024,4
"Sunshine Coast-Sydney","Sunshine Coast","Sydney","Jetstar","Apr-24",87,84,3,63,59,21,25,2024,4
"Sydney-Adelaide","Sydney","Adelaide","Jetstar","Apr-24",150,142,8,99,110,43,32,2024,4
"Sydney-Ballina","Sydney","Ballina","Jetstar","Apr-24",88,86,2,69,69,17,17,2024,4
"Sydney-Brisbane","Sydney","Brisbane","Jetstar","Apr-24",200,188,12,138,141,50,47,2024,4
"Sydney-Cairns","Sydney","Cairns","Jetstar","Apr-24",117,115,2,90,92,25,23,2024,4
"Sydney-Gold Coast","Sydney","Gold Coast","Jetstar","Apr-24",302,295,7,221,224,74,71,2024,4
"Sydney-Hamilton Island","Sydney","Hamilton Island","Jetstar","Apr-24",20,20,0,14,11,6,9,2024,4
"Sydney-Hobart","Sydney","Hobart","Jetstar","Apr-24",84,82,2,69,70,13,12,2024,4
"Sydney-Launceston","Sydney","Launceston","Jetstar","Apr-24",52,51,1,30,37,21,14,2024,4
"Sydney-Melbourne","Sydney","Melbourne","Jetstar","Apr-24",481,463,18,322,343,141,120,2024,4
"Sydney-Perth","Sydney","Perth","Jetstar","Apr-24",60,60,0,40,49,20,11,2024,4
"Sydney-Sunshine Coast","Sydney","Sunshine Coast","Jetstar","Apr-24",88,85,3,66,68,19,17,2024,4
"Townsville-Brisbane","Townsville","Brisbane","Jetstar","Apr-24",60,60,0,43,41,17,19,2024,4
"Adelaide-Melbourne","Adelaide","Melbourne","Qantas","Apr-24",272,266,6,224,228,42,38,2024,4
"Adelaide-Perth","Adelaide","Perth","Qantas","Apr-24",99,99,0,73,90,26,9,2024,4
"Adelaide-Sydney","Adelaide","Sydney","Qantas","Apr-24",241,237,4,195,174,42,63,2024,4
"Brisbane-Cairns","Brisbane","Cairns","Qantas","Apr-24",101,99,2,87,85,12,14,2024,4
"Brisbane-Mackay","Brisbane","Mackay","Qantas","Apr-24",108,108,0,81,85,27,23,2024,4
"Brisbane-Melbourne","Brisbane","Melbourne","Qantas","Apr-24",375,368,7,293,315,75,53,2024,4
"Brisbane-Mount Isa","Brisbane","Mount Isa","Qantas","Apr-24",48,48,0,42,44,6,4,2024,4
"Brisbane-Perth","Brisbane","Perth","Qantas","Apr-24",149,147,2,115,131,32,16,2024,4
"Brisbane-Sydney","Brisbane","Sydney","Qantas","Apr-24",515,499,16,405,403,94,96,2024,4
"Brisbane-Townsville","Brisbane","Townsville","Qantas","Apr-24",47,47,0,42,42,5,5,2024,4
"Cairns-Brisbane","Cairns","Brisbane","Qantas","Apr-24",101,99,2,83,86,16,13,2024,4
"Cairns-Melbourne","Cairns","Melbourne","Qantas","Apr-24",30,30,0,19,25,11,5,2024,4
"Cairns-Sydney","Cairns","Sydney","Qantas","Apr-24",48,48,0,33,32,15,16,2024,4
"Gold Coast-Melbourne","Gold Coast","Melbourne","Qantas","Apr-24",36,36,0,25,32,11,4,2024,4
"Gold Coast-Sydney","Gold Coast","Sydney","Qantas","Apr-24",99,99,0,79,81,20,18,2024,4
"Hamilton Island-Sydney","Hamilton Island","Sydney","Qantas","Apr-24",30,30,0,15,16,15,14,2024,4
"Hobart-Melbourne","Hobart","Melbourne","Qantas","Apr-24",1,1,0,1,1,0,0,2024,4
"Hobart-Sydney","Hobart","Sydney","Qantas","Apr-24",74,74,0,52,51,22,23,2024,4
"Kalgoorlie-Perth","Kalgoorlie","Perth","Qantas","Apr-24",19,18,1,16,17,2,1,2024,4
"Karratha-Perth","Karratha","Perth","Qantas","Apr-24",4,3,1,0,0,3,3,2024,4
"Mackay-Brisbane","Mackay","Brisbane","Qantas","Apr-24",108,108,0,80,80,28,28,2024,4
"Melbourne-Adelaide","Melbourne","Adelaide","Qantas","Apr-24",272,269,3,219,225,50,44,2024,4
"Melbourne-Brisbane","Melbourne","Brisbane","Qantas","Apr-24",373,363,10,294,287,69,76,2024,4
"Melbourne-Cairns","Melbourne","Cairns","Qantas","Apr-24",30,30,0,23,21,7,9,2024,4
"Melbourne-Gold Coast","Melbourne","Gold Coast","Qantas","Apr-24",36,36,0,32,33,4,3,2024,4
"Melbourne-Hobart","Melbourne","Hobart","Qantas","Apr-24",1,1,0,1,1,0,0,2024,4
"Melbourne-Perth","Melbourne","Perth","Qantas","Apr-24",201,198,3,151,161,47,37,2024,4
"Melbourne-Sunshine Coast","Melbourne","Sunshine Coast","Qantas","Apr-24",29,29,0,26,22,3,7,2024,4
"Melbourne-Sydney","Melbourne","Sydney","Qantas","Apr-24",859,822,37,709,641,113,181,2024,4
"Mount Isa-Brisbane","Mount Isa","Brisbane","Qantas","Apr-24",48,47,1,42,44,5,3,2024,4
"Newman-Perth","Newman","Perth","Qantas","Apr-24",18,17,1,16,15,1,2,2024,4
"Perth-Adelaide","Perth","Adelaide","Qantas","Apr-24",99,99,0,83,64,16,35,2024,4
"Perth-Brisbane","Perth","Brisbane","Qantas","Apr-24",148,147,1,128,93,19,54,2024,4
"Perth-Kalgoorlie","Perth","Kalgoorlie","Qantas","Apr-24",20,18,2,17,17,1,1,2024,4
"Perth-Karratha","Perth","Karratha","Qantas","Apr-24",4,3,1,2,3,1,0,2024,4
"Perth-Melbourne","Perth","Melbourne","Qantas","Apr-24",201,198,3,169,136,29,62,2024,4
"Perth-Newman","Perth","Newman","Qantas","Apr-24",18,18,0,17,17,1,1,2024,4
"Perth-Sydney","Perth","Sydney","Qantas","Apr-24",198,197,1,150,110,47,87,2024,4
"Sunshine Coast-Melbourne","Sunshine Coast","Melbourne","Qantas","Apr-24",29,29,0,19,23,10,6,2024,4
"Sunshine Coast-Sydney","Sunshine Coast","Sydney","Qantas","Apr-24",56,56,0,41,38,15,18,2024,4
"Sydney-Adelaide","Sydney","Adelaide","Qantas","Apr-24",241,238,3,189,203,49,35,2024,4
"Sydney-Brisbane","Sydney","Brisbane","Qantas","Apr-24",516,501,15,361,352,140,149,2024,4
"Sydney-Cairns","Sydney","Cairns","Qantas","Apr-24",48,48,0,37,35,11,13,2024,4
"Sydney-Gold Coast","Sydney","Gold Coast","Qantas","Apr-24",99,99,0,68,74,31,25,2024,4
"Sydney-Hamilton Island","Sydney","Hamilton Island","Qantas","Apr-24",30,30,0,17,22,13,8,2024,4
"Sydney-Hobart","Sydney","Hobart","Qantas","Apr-24",73,73,0,50,56,23,17,2024,4
"Sydney-Melbourne","Sydney","Melbourne","Qantas","Apr-24",864,821,43,632,652,189,169,2024,4
"Sydney-Perth","Sydney","Perth","Qantas","Apr-24",198,198,0,138,175,60,23,2024,4
"Sydney-Sunshine Coast","Sydney","Sunshine Coast","Qantas","Apr-24",56,56,0,43,42,13,14,2024,4
"Townsville-Brisbane","Townsville","Brisbane","Qantas","Apr-24",47,47,0,40,40,7,7,2024,4
"Canberra-Sydney","Canberra","Sydney","Qantas","Apr-24",46,44,2,34,31,10,13,2024,4
"Sydney-Canberra","Sydney","Canberra","Qantas","Apr-24",46,44,2,40,41,4,3,2024,4
"Adelaide-Brisbane","Adelaide","Brisbane","Qantas","Apr-24",6,6,0,6,6,0,0,2024,4
"Brisbane-Adelaide","Brisbane","Adelaide","Qantas","Apr-24",6,6,0,6,6,0,0,2024,4
"Brisbane-Darwin","Brisbane","Darwin","Qantas","Apr-24",8,8,0,5,5,3,3,2024,4
"Darwin-Brisbane","Darwin","Brisbane","Qantas","Apr-24",8,8,0,6,7,2,1,2024,4
"Darwin-Melbourne","Darwin","Melbourne","Qantas","Apr-24",30,30,0,23,21,7,9,2024,4
"Melbourne-Darwin","Melbourne","Darwin","Qantas","Apr-24",30,30,0,23,26,7,4,2024,4
"Adelaide-Gold Coast","Adelaide","Gold Coast","QantasLink","Apr-24",9,9,0,8,8,1,1,2024,4
"Gold Coast-Adelaide","Gold Coast","Adelaide","QantasLink","Apr-24",9,9,0,6,7,3,2,2024,4
"Brisbane-Melbourne","Brisbane","Melbourne","QantasLink","Apr-24",36,22,14,9,7,13,15,2024,4
"Melbourne-Brisbane","Melbourne","Brisbane","QantasLink","Apr-24",37,23,14,14,9,9,14,2024,4
"Melbourne-Sydney","Melbourne","Sydney","QantasLink","Apr-24",11,9,2,9,8,0,1,2024,4
"Sydney-Melbourne","Sydney","Melbourne","QantasLink","Apr-24",11,9,2,7,8,2,1,2024,4
"Brisbane-Darwin","Brisbane","Darwin","QantasLink","Apr-24",30,30,0,20,16,10,14,2024,4
"Brisbane-Hamilton Island","Brisbane","Hamilton Island","QantasLink","Apr-24",25,25,0,19,18,6,7,2024,4
"Darwin-Brisbane","Darwin","Brisbane","QantasLink","Apr-24",30,30,0,13,10,17,20,2024,4
"Hamilton Island-Brisbane","Hamilton Island","Brisbane","QantasLink","Apr-24",25,25,0,15,13,10,12,2024,4
"Adelaide-Alice Springs","Adelaide","Alice Springs","QantasLink","Apr-24",52,52,0,50,51,2,1,2024,4
"Adelaide-Brisbane","Adelaide","Brisbane","QantasLink","Apr-24",150,150,0,132,127,18,23,2024,4
"Adelaide-Canberra","Adelaide","Canberra","QantasLink","Apr-24",81,81,0,73,72,8,9,2024,4
"Adelaide-Melbourne","Adelaide","Melbourne","QantasLink","Apr-24",13,13,0,9,9,4,4,2024,4
"Adelaide-Port Lincoln","Adelaide","Port Lincoln","QantasLink","Apr-24",138,138,0,119,126,19,12,2024,4
"Albury-Sydney","Albury","Sydney","QantasLink","Apr-24",106,104,2,83,69,21,35,2024,4
"Alice Springs-Adelaide","Alice Springs","Adelaide","QantasLink","Apr-24",52,52,0,47,45,5,7,2024,4
"Ballina-Sydney","Ballina","Sydney","QantasLink","Apr-24",56,56,0,51,50,5,6,2024,4
"Brisbane-Adelaide","Brisbane","Adelaide","QantasLink","Apr-24",150,150,0,121,134,29,16,2024,4
"Brisbane-Cairns","Brisbane","Cairns","QantasLink","Apr-24",71,71,0,40,40,31,31,2024,4
"Brisbane-Canberra","Brisbane","Canberra","QantasLink","Apr-24",153,152,1,127,129,25,23,2024,4
"Brisbane-Emerald","Brisbane","Emerald","QantasLink","Apr-24",129,124,5,110,108,14,16,2024,4
"Brisbane-Gladstone","Brisbane","Gladstone","QantasLink","Apr-24",134,129,5,100,100,29,29,2024,4
"Brisbane-Hobart","Brisbane","Hobart","QantasLink","Apr-24",17,17,0,14,17,3,0,2024,4
"Brisbane-Mackay","Brisbane","Mackay","QantasLink","Apr-24",8,8,0,6,6,2,2,2024,4
"Brisbane-Newcastle","Brisbane","Newcastle","QantasLink","Apr-24",82,82,0,64,63,18,19,2024,4
"Brisbane-Proserpine","Brisbane","Proserpine","QantasLink","Apr-24",17,17,0,13,14,4,3,2024,4
"Brisbane-Rockhampton","Brisbane","Rockhampton","QantasLink","Apr-24",189,186,3,149,150,37,36,2024,4
"Brisbane-Townsville","Brisbane","Townsville","QantasLink","Apr-24",99,99,0,74,71,25,28,2024,4
"Broome-Perth","Broome","Perth","QantasLink","Apr-24",86,86,0,67,68,19,18,2024,4
"Cairns-Brisbane","Cairns","Brisbane","QantasLink","Apr-24",71,70,1,52,48,18,22,2024,4
"Cairns-Townsville","Cairns","Townsville","QantasLink","Apr-24",138,130,8,113,117,17,13,2024,4
"Canberra-Adelaide","Canberra","Adelaide","QantasLink","Apr-24",82,82,0,71,71,11,11,2024,4
"Canberra-Brisbane","Canberra","Brisbane","QantasLink","Apr-24",152,148,4,117,112,31,36,2024,4
"Canberra-Melbourne","Canberra","Melbourne","QantasLink","Apr-24",236,222,14,134,129,88,93,2024,4
"Canberra-Sydney","Canberra","Sydney","QantasLink","Apr-24",358,344,14,294,266,50,78,2024,4
"Coffs Harbour-Sydney","Coffs Harbour","Sydney","QantasLink","Apr-24",112,111,1,83,88,28,23,2024,4
"Darwin-Perth","Darwin","Perth","QantasLink","Apr-24",30,30,0,14,13,16,17,2024,4
"Devonport-Melbourne","Devonport","Melbourne","QantasLink","Apr-24",116,115,1,94,96,21,19,2024,4
"Dubbo-Sydney","Dubbo","Sydney","QantasLink","Apr-24",111,108,3,94,89,14,19,2024,4
"Emerald-Brisbane","Emerald","Brisbane","QantasLink","Apr-24",129,124,5,106,105,18,19,2024,4
"Gladstone-Brisbane","Gladstone","Brisbane","QantasLink","Apr-24",134,129,5,104,103,25,26,2024,4
"Hobart-Brisbane","Hobart","Brisbane","QantasLink","Apr-24",17,17,0,17,16,0,1,2024,4
"Hobart-Melbourne","Hobart","Melbourne","QantasLink","Apr-24",115,114,1,83,76,31,38,2024,4
"Hobart-Sydney","Hobart","Sydney","QantasLink","Apr-24",8,8,0,8,8,0,0,2024,4
"Kalgoorlie-Perth","Kalgoorlie","Perth","QantasLink","Apr-24",58,52,6,41,41,11,11,2024,4
"Karratha-Perth","Karratha","Perth","QantasLink","Apr-24",144,140,4,95,91,45,49,2024,4
"Launceston-Melbourne","Launceston","Melbourne","QantasLink","Apr-24",76,73,3,64,66,9,7,2024,4
"Launceston-Sydney","Launceston","Sydney","QantasLink","Apr-24",30,30,0,27,27,3,3,2024,4
"Mackay-Brisbane","Mackay","Brisbane","QantasLink","Apr-24",13,13,0,9,9,4,4,2024,4
"Melbourne-Adelaide","Melbourne","Adelaide","QantasLink","Apr-24",13,13,0,8,9,5,4,2024,4
"Melbourne-Canberra","Melbourne","Canberra","QantasLink","Apr-24",236,226,10,140,137,86,89,2024,4
"Melbourne-Devonport","Melbourne","Devonport","QantasLink","Apr-24",116,115,1,95,95,20,20,2024,4
"Melbourne-Hobart","Melbourne","Hobart","QantasLink","Apr-24",115,114,1,75,66,39,48,2024,4
"Melbourne-Launceston","Melbourne","Launceston","QantasLink","Apr-24",76,73,3,60,60,13,13,2024,4
"Melbourne-Mildura","Melbourne","Mildura","QantasLink","Apr-24",108,107,1,85,88,22,19,2024,4
"Melbourne-Newcastle","Melbourne","Newcastle","QantasLink","Apr-24",52,51,1,30,19,21,32,2024,4
"Mildura-Melbourne","Mildura","Melbourne","QantasLink","Apr-24",108,106,2,79,84,27,22,2024,4
"Newcastle-Brisbane","Newcastle","Brisbane","QantasLink","Apr-24",82,81,1,63,60,18,21,2024,4
"Newcastle-Melbourne","Newcastle","Melbourne","QantasLink","Apr-24",52,51,1,42,41,9,10,2024,4
"Newman-Perth","Newman","Perth","QantasLink","Apr-24",97,96,1,82,68,14,28,2024,4
"Perth-Broome","Perth","Broome","QantasLink","Apr-24",86,86,0,68,66,18,20,2024,4
"Perth-Darwin","Perth","Darwin","QantasLink","Apr-24",30,30,0,18,16,12,14,2024,4
"Perth-Kalgoorlie","Perth","Kalgoorlie","QantasLink","Apr-24",58,53,5,42,41,11,12,2024,4
"Perth-Karratha","Perth","Karratha","QantasLink","Apr-24",145,141,4,109,104,32,37,2024,4
"Perth-Newman","Perth","Newman","QantasLink","Apr-24",97,96,1,87,84,9,12,2024,4
"Perth-Port Hedland","Perth","Port Hedland","QantasLink","Apr-24",145,143,2,115,109,28,34,2024,4
"Port Hedland-Perth","Port Hedland","Perth","QantasLink","Apr-24",144,142,2,100,90,42,52,2024,4
"Port Lincoln-Adelaide","Port Lincoln","Adelaide","QantasLink","Apr-24",138,137,1,124,125,13,12,2024,4
"Port Macquarie-Sydney","Port Macquarie","Sydney","QantasLink","Apr-24",112,110,2,91,92,19,18,2024,4
"Proserpine-Brisbane","Proserpine","Brisbane","QantasLink","Apr-24",17,17,0,13,14,4,3,2024,4
"Rockhampton-Brisbane","Rockhampton","Brisbane","QantasLink","Apr-24",188,182,6,149,141,33,41,2024,4
"Sydney-Albury","Sydney","Albury","QantasLink","Apr-24",106,104,2,82,86,22,18,2024,4
"Sydney-Ballina","Sydney","Ballina","QantasLink","Apr-24",56,56,0,51,52,5,4,2024,4
"Sydney-Canberra","Sydney","Canberra","QantasLink","Apr-24",358,348,10,284,296,64,52,2024,4
"Sydney-Coffs Harbour","Sydney","Coffs Harbour","QantasLink","Apr-24",112,111,1,80,81,31,30,2024,4
"Sydney-Dubbo","Sydney","Dubbo","QantasLink","Apr-24",111,108,3,81,91,27,17,2024,4
"Sydney-Hobart","Sydney","Hobart","QantasLink","Apr-24",9,9,0,9,9,0,0,2024,4
"Sydney-Launceston","Sydney","Launceston","QantasLink","Apr-24",30,30,0,26,26,4,4,2024,4
"Sydney-Port Macquarie","Sydney","Port Macquarie","QantasLink","Apr-24",112,112,0,87,87,25,25,2024,4
"Sydney-Wagga Wagga","Sydney","Wagga Wagga","QantasLink","Apr-24",111,109,2,89,95,20,14,2024,4
"Townsville-Brisbane","Townsville","Brisbane","QantasLink","Apr-24",99,99,0,68,68,31,31,2024,4
"Townsville-Cairns","Townsville","Cairns","QantasLink","Apr-24",137,129,8,110,112,19,17,2024,4
"Wagga Wagga-Sydney","Wagga Wagga","Sydney","QantasLink","Apr-24",111,109,2,99,99,10,10,2024,4
"Adelaide-Brisbane","Adelaide","Brisbane","Rex Airlines","Apr-24",30,30,0,27,28,3,2,2024,4
"Brisbane-Adelaide","Brisbane","Adelaide","Rex Airlines","Apr-24",30,30,0,28,27,2,3,2024,4
"Adelaide-Melbourne","Adelaide","Melbourne","Rex Airlines","Apr-24",61,61,0,54,49,7,12,2024,4
"Adelaide-Port Lincoln","Adelaide","Port Lincoln","Rex Airlines","Apr-24",146,146,0,136,133,10,13,2024,4
"Albury-Sydney","Albury","Sydney","Rex Airlines","Apr-24",80,77,3,67,61,10,16,2024,4
"Brisbane-Melbourne","Brisbane","Melbourne","Rex Airlines","Apr-24",54,54,0,42,47,12,7,2024,4
"Brisbane-Sydney","Brisbane","Sydney","Rex Airlines","Apr-24",146,146,0,131,125,15,21,2024,4
"Cairns-Townsville","Cairns","Townsville","Rex Airlines","Apr-24",13,12,1,10,10,2,2,2024,4
"Canberra-Melbourne","Canberra","Melbourne","Rex Airlines","Apr-24",30,30,0,23,24,7,6,2024,4
"Coffs Harbour-Sydney","Coffs Harbour","Sydney","Rex Airlines","Apr-24",88,88,0,71,66,17,22,2024,4
"Devonport-Melbourne","Devonport","Melbourne","Rex Airlines","Apr-24",42,41,1,39,35,2,6,2024,4
"Dubbo-Sydney","Dubbo","Sydney","Rex Airlines","Apr-24",121,116,5,90,82,26,34,2024,4
"Gold Coast-Melbourne","Gold Coast","Melbourne","Rex Airlines","Apr-24",30,30,0,22,24,8,6,2024,4
"Gold Coast-Sydney","Gold Coast","Sydney","Rex Airlines","Apr-24",30,30,0,26,26,4,4,2024,4
"Melbourne-Adelaide","Melbourne","Adelaide","Rex Airlines","Apr-24",61,61,0,47,49,14,12,2024,4
"Melbourne-Brisbane","Melbourne","Brisbane","Rex Airlines","Apr-24",54,54,0,46,42,8,12,2024,4
"Melbourne-Canberra","Melbourne","Canberra","Rex Airlines","Apr-24",30,30,0,23,22,7,8,2024,4
"Melbourne-Devonport","Melbourne","Devonport","Rex Airlines","Apr-24",41,40,1,39,39,1,1,2024,4
"Melbourne-Gold Coast","Melbourne","Gold Coast","Rex Airlines","Apr-24",30,30,0,28,27,2,3,2024,4
"Melbourne-Mildura","Melbourne","Mildura","Rex Airlines","Apr-24",92,92,0,72,69,20,23,2024,4
"Melbourne-Sydney","Melbourne","Sydney","Rex Airlines","Apr-24",205,204,1,180,172,24,32,2024,4
"Mildura-Melbourne","Mildura","Melbourne","Rex Airlines","Apr-24",91,91,0,67,61,24,30,2024,4
"Port Lincoln-Adelaide","Port Lincoln","Adelaide","Rex Airlines","Apr-24",146,146,0,135,134,11,12,2024,4
"Port Macquarie-Sydney","Port Macquarie","Sydney","Rex Airlines","Apr-24",51,51,0,40,35,11,16,2024,4
"Sydney-Albury","Sydney","Albury","Rex Airlines","Apr-24",79,77,2,55,60,22,17,2024,4
"Sydney-Brisbane","Sydney","Brisbane","Rex Airlines","Apr-24",146,146,0,123,119,23,27,2024,4
"Sydney-Coffs Harbour","Sydney","Coffs Harbour","Rex Airlines","Apr-24",88,88,0,71,73,17,15,2024,4
"Sydney-Dubbo","Sydney","Dubbo","Rex Airlines","Apr-24",125,120,5,83,84,37,36,2024,4
"Sydney-Gold Coast","Sydney","Gold Coast","Rex Airlines","Apr-24",30,30,0,28,26,2,4,2024,4
"Sydney-Melbourne","Sydney","Melbourne","Rex Airlines","Apr-24",205,204,1,166,168,38,36,2024,4
"Sydney-Port Macquarie","Sydney","Port Macquarie","Rex Airlines","Apr-24",51,51,0,45,42,6,9,2024,4
"Sydney-Wagga Wagga","Sydney","Wagga Wagga","Rex Airlines","Apr-24",88,87,1,69,72,18,15,2024,4
"Townsville-Cairns","Townsville","Cairns","Rex Airlines","Apr-24",13,13,0,11,11,2,2,2024,4
"Wagga Wagga-Sydney","Wagga Wagga","Sydney","Rex Airlines","Apr-24",87,85,2,66,61,19,24,2024,4
"Sydney-Adelaide","Sydney","Adelaide","Rex Airlines","Apr-24",30,30,0,23,24,7,6,2024,4
"Adelaide-Sydney","Adelaide","Sydney","Rex Airlines","Apr-24",30,30,0,24,22,6,8,2024,4
"Melbourne-Hobart","Melbourne","Hobart","Rex Airlines","Apr-24",30,30,0,28,28,2,2,2024,4
"Hobart-Melbourne","Hobart","Melbourne","Rex Airlines","Apr-24",30,30,0,28,28,2,2,2024,4
"Brisbane-Cairns","Brisbane","Cairns","Rex Airlines","Apr-24",9,9,0,7,7,2,2,2024,4
"Cairns-Brisbane","Cairns","Brisbane","Rex Airlines","Apr-24",9,9,0,8,8,1,1,2024,4
"Adelaide-Alice Springs","Adelaide","Alice Springs","Virgin Australia","Apr-24",13,13,0,12,11,1,2,2024,4
"Adelaide-Brisbane","Adelaide","Brisbane","Virgin Australia","Apr-24",138,138,0,122,122,16,16,2024,4
"Adelaide-Canberra","Adelaide","Canberra","Virgin Australia","Apr-24",15,15,0,14,13,1,2,2024,4
"Adelaide-Gold Coast","Adelaide","Gold Coast","Virgin Australia","Apr-24",32,32,0,24,20,8,12,2024,4
"Adelaide-Melbourne","Adelaide","Melbourne","Virgin Australia","Apr-24",260,257,3,202,210,55,47,2024,4
"Adelaide-Perth","Adelaide","Perth","Virgin Australia","Apr-24",35,34,1,17,27,17,7,2024,4
"Adelaide-Sydney","Adelaide","Sydney","Virgin Australia","Apr-24",183,181,2,151,129,30,52,2024,4
"Alice Springs-Adelaide","Alice Springs","Adelaide","Virgin Australia","Apr-24",13,13,0,10,10,3,3,2024,4
"Ballina-Sydney","Ballina","Sydney","Virgin Australia","Apr-24",35,35,0,24,26,11,9,2024,4
"Brisbane-Adelaide","Brisbane","Adelaide","Virgin Australia","Apr-24",139,139,0,130,132,9,7,2024,4
"Brisbane-Cairns","Brisbane","Cairns","Virgin Australia","Apr-24",162,162,0,141,144,21,18,2024,4
"Brisbane-Canberra","Brisbane","Canberra","Virgin Australia","Apr-24",101,101,0,89,92,12,9,2024,4
"Brisbane-Darwin","Brisbane","Darwin","Virgin Australia","Apr-24",32,31,1,21,21,10,10,2024,4
"Brisbane-Emerald","Brisbane","Emerald","Virgin Australia","Apr-24",26,26,0,20,21,6,5,2024,4
"Brisbane-Gladstone","Brisbane","Gladstone","Virgin Australia","Apr-24",35,35,0,28,31,7,4,2024,4
"Brisbane-Hamilton Island","Brisbane","Hamilton Island","Virgin Australia","Apr-24",35,35,0,33,33,2,2,2024,4
"Brisbane-Hobart","Brisbane","Hobart","Virgin Australia","Apr-24",45,45,0,40,41,5,4,2024,4
"Brisbane-Launceston","Brisbane","Launceston","Virgin Australia","Apr-24",17,17,0,16,17,1,0,2024,4
"Brisbane-Mackay","Brisbane","Mackay","Virgin Australia","Apr-24",122,122,0,91,94,31,28,2024,4
"Brisbane-Melbourne","Brisbane","Melbourne","Virgin Australia","Apr-24",374,364,10,300,305,64,59,2024,4
"Brisbane-Mount Isa","Brisbane","Mount Isa","Virgin Australia","Apr-24",13,13,0,10,11,3,2,2024,4
"Brisbane-Newcastle","Brisbane","Newcastle","Virgin Australia","Apr-24",82,82,0,65,61,17,21,2024,4
"Brisbane-Perth","Brisbane","Perth","Virgin Australia","Apr-24",126,126,0,107,122,19,4,2024,4
"Brisbane-Proserpine","Brisbane","Proserpine","Virgin Australia","Apr-24",39,39,0,35,35,4,4,2024,4
"Brisbane-Rockhampton","Brisbane","Rockhampton","Virgin Australia","Apr-24",150,149,1,109,88,40,61,2024,4
"Brisbane-Sydney","Brisbane","Sydney","Virgin Australia","Apr-24",408,396,12,330,320,66,76,2024,4
"Brisbane-Townsville","Brisbane","Townsville","Virgin Australia","Apr-24",135,135,0,114,118,21,17,2024,4
"Broome-Perth","Broome","Perth","Virgin Australia","Apr-24",39,38,1,28,34,10,4,2024,4
"Cairns-Brisbane","Cairns","Brisbane","Virgin Australia","Apr-24",163,163,0,139,146,24,17,2024,4
"Cairns-Melbourne","Cairns","Melbourne","Virgin Australia","Apr-24",68,68,0,54,55,14,13,2024,4
"Cairns-Sydney","Cairns","Sydney","Virgin Australia","Apr-24",92,91,1,84,83,7,8,2024,4
"Canberra-Adelaide","Canberra","Adelaide","Virgin Australia","Apr-24",15,15,0,14,15,1,0,2024,4
"Canberra-Brisbane","Canberra","Brisbane","Virgin Australia","Apr-24",101,100,1,88,88,12,12,2024,4
"Canberra-Gold Coast","Canberra","Gold Coast","Virgin Australia","Apr-24",30,30,0,24,21,6,9,2024,4
"Canberra-Melbourne","Canberra","Melbourne","Virgin Australia","Apr-24",112,112,0,90,91,22,21,2024,4
"Canberra-Sydney","Canberra","Sydney","Virgin Australia","Apr-24",235,227,8,196,193,31,34,2024,4
"Darwin-Brisbane","Darwin","Brisbane","Virgin Australia","Apr-24",31,31,0,20,22,11,9,2024,4
"Darwin-Melbourne","Darwin","Melbourne","Virgin Australia","Apr-24",29,29,0,16,19,13,10,2024,4
"Darwin-Perth","Darwin","Perth","Virgin Australia","Apr-24",4,4,0,3,3,1,1,2024,4
"Emerald-Brisbane","Emerald","Brisbane","Virgin Australia","Apr-24",26,26,0,22,23,4,3,2024,4
"Gladstone-Brisbane","Gladstone","Brisbane","Virgin Australia","Apr-24",35,35,0,31,32,4,3,2024,4
"Gold Coast-Adelaide","Gold Coast","Adelaide","Virgin Australia","Apr-24",32,32,0,16,18,16,14,2024,4
"Gold Coast-Canberra","Gold Coast","Canberra","Virgin Australia","Apr-24",30,30,0,22,22,8,8,2024,4
"Gold Coast-Melbourne","Gold Coast","Melbourne","Virgin Australia","Apr-24",260,258,2,175,203,83,55,2024,4
"Gold Coast-Sydney","Gold Coast","Sydney","Virgin Australia","Apr-24",301,295,6,223,226,72,69,2024,4
"Hamilton Island-Brisbane","Hamilton Island","Brisbane","Virgin Australia","Apr-24",35,35,0,31,31,4,4,2024,4
"Hamilton Island-Sydney","Hamilton Island","Sydney","Virgin Australia","Apr-24",29,29,0,21,21,8,8,2024,4
"Hobart-Brisbane","Hobart","Brisbane","Virgin Australia","Apr-24",45,45,0,39,40,6,5,2024,4
"Hobart-Melbourne","Hobart","Melbourne","Virgin Australia","Apr-24",131,131,0,101,97,30,34,2024,4
"Hobart-Sydney","Hobart","Sydney","Virgin Australia","Apr-24",76,76,0,65,63,11,13,2024,4
"Kalgoorlie-Perth","Kalgoorlie","Perth","Virgin Australia","Apr-24",69,69,0,58,61,11,8,2024,4
"Karratha-Perth","Karratha","Perth","Virgin Australia","Apr-24",59,57,2,46,46,11,11,2024,4
"Launceston-Brisbane","Launceston","Brisbane","Virgin Australia","Apr-24",17,17,0,17,17,0,0,2024,4
"Launceston-Melbourne","Launceston","Melbourne","Virgin Australia","Apr-24",105,105,0,87,83,18,22,2024,4
"Launceston-Sydney","Launceston","Sydney","Virgin Australia","Apr-24",30,30,0,21,20,9,10,2024,4
"Mackay-Brisbane","Mackay","Brisbane","Virgin Australia","Apr-24",122,121,1,98,106,23,15,2024,4
"Melbourne-Adelaide","Melbourne","Adelaide","Virgin Australia","Apr-24",259,256,3,212,207,44,49,2024,4
"Melbourne-Brisbane","Melbourne","Brisbane","Virgin Australia","Apr-24",380,373,7,320,293,53,80,2024,4
"Melbourne-Cairns","Melbourne","Cairns","Virgin Australia","Apr-24",69,69,0,63,60,6,9,2024,4
"Melbourne-Canberra","Melbourne","Canberra","Virgin Australia","Apr-24",113,113,0,98,93,15,20,2024,4
"Melbourne-Darwin","Melbourne","Darwin","Virgin Australia","Apr-24",30,30,0,25,24,5,6,2024,4
"Melbourne-Gold Coast","Melbourne","Gold Coast","Virgin Australia","Apr-24",260,257,3,221,208,36,49,2024,4
"Melbourne-Hobart","Melbourne","Hobart","Virgin Australia","Apr-24",131,131,0,103,100,28,31,2024,4
"Melbourne-Launceston","Melbourne","Launceston","Virgin Australia","Apr-24",105,105,0,90,82,15,23,2024,4
"Melbourne-Newcastle","Melbourne","Newcastle","Virgin Australia","Apr-24",37,37,0,33,29,4,8,2024,4
"Melbourne-Perth","Melbourne","Perth","Virgin Australia","Apr-24",213,213,0,157,194,56,19,2024,4
"Melbourne-Sunshine Coast","Melbourne","Sunshine Coast","Virgin Australia","Apr-24",77,77,0,70,69,7,8,2024,4
"Melbourne-Sydney","Melbourne","Sydney","Virgin Australia","Apr-24",666,621,45,542,481,79,140,2024,4
"Mount Isa-Brisbane","Mount Isa","Brisbane","Virgin Australia","Apr-24",13,13,0,9,9,4,4,2024,4
"Newcastle-Brisbane","Newcastle","Brisbane","Virgin Australia","Apr-24",81,81,0,68,64,13,17,2024,4
"Newcastle-Melbourne","Newcastle","Melbourne","Virgin Australia","Apr-24",37,37,0,26,23,11,14,2024,4
"Newman-Perth","Newman","Perth","Virgin Australia","Apr-24",41,41,0,35,30,6,11,2024,4
"Perth-Adelaide","Perth","Adelaide","Virgin Australia","Apr-24",34,33,1,27,16,6,17,2024,4
"Perth-Brisbane","Perth","Brisbane","Virgin Australia","Apr-24",125,125,0,111,107,14,18,2024,4
"Perth-Broome","Perth","Broome","Virgin Australia","Apr-24",39,38,1,32,33,6,5,2024,4
"Perth-Darwin","Perth","Darwin","Virgin Australia","Apr-24",4,4,0,3,3,1,1,2024,4
"Perth-Kalgoorlie","Perth","Kalgoorlie","Virgin Australia","Apr-24",69,69,0,66,62,3,7,2024,4
"Perth-Karratha","Perth","Karratha","Virgin Australia","Apr-24",59,57,2,53,45,4,12,2024,4
"Perth-Melbourne","Perth","Melbourne","Virgin Australia","Apr-24",221,221,0,193,163,28,58,2024,4
"Perth-Newman","Perth","Newman","Virgin Australia","Apr-24",41,41,0,36,37,5,4,2024,4
"Perth-Port Hedland","Perth","Port Hedland","Virgin Australia","Apr-24",32,31,1,29,28,2,3,2024,4
"Perth-Sydney","Perth","Sydney","Virgin Australia","Apr-24",152,152,0,128,126,24,26,2024,4
"Port Hedland-Perth","Port Hedland","Perth","Virgin Australia","Apr-24",32,30,2,24,18,6,12,2024,4
"Proserpine-Brisbane","Proserpine","Brisbane","Virgin Australia","Apr-24",39,39,0,32,31,7,8,2024,4
"Rockhampton-Brisbane","Rockhampton","Brisbane","Virgin Australia","Apr-24",149,148,1,105,97,43,51,2024,4
"Sunshine Coast-Melbourne","Sunshine Coast","Melbourne","Virgin Australia","Apr-24",77,77,0,64,65,13,12,2024,4
"Sunshine Coast-Sydney","Sunshine Coast","Sydney","Virgin Australia","Apr-24",74,72,2,49,39,23,33,2024,4
"Sydney-Adelaide","Sydney","Adelaide","Virgin Australia","Apr-24",183,181,2,144,142,37,39,2024,4
"Sydney-Ballina","Sydney","Ballina","Virgin Australia","Apr-24",35,35,0,28,26,7,9,2024,4
"Sydney-Brisbane","Sydney","Brisbane","Virgin Australia","Apr-24",406,393,13,336,325,57,68,2024,4
"Sydney-Cairns","Sydney","Cairns","Virgin Australia","Apr-24",92,91,1,83,86,8,5,2024,4
"Sydney-Canberra","Sydney","Canberra","Virgin Australia","Apr-24",234,226,8,193,203,33,23,2024,4
"Sydney-Gold Coast","Sydney","Gold Coast","Virgin Australia","Apr-24",302,297,5,248,240,49,57,2024,4
"Sydney-Hamilton Island","Sydney","Hamilton Island","Virgin Australia","Apr-24",29,29,0,25,26,4,3,2024,4
"Sydney-Hobart","Sydney","Hobart","Virgin Australia","Apr-24",76,76,0,72,69,4,7,2024,4
"Sydney-Launceston","Sydney","Launceston","Virgin Australia","Apr-24",30,30,0,18,25,12,5,2024,4
"Sydney-Melbourne","Sydney","Melbourne","Virgin Australia","Apr-24",657,612,45,500,484,112,128,2024,4
"Sydney-Perth","Sydney","Perth","Virgin Australia","Apr-24",164,164,0,124,146,40,18,2024,4
"Sydney-Sunshine Coast","Sydney","Sunshine Coast","Virgin Australia","Apr-24",72,72,0,48,48,24,24,2024,4
"Townsville-Brisbane","Townsville","Brisbane","Virgin Australia","Apr-24",135,135,0,114,119,21,16,2024,4
"Adelaide-Perth","Adelaide","Perth","Virgin Australia Regional Airlines","Apr-24",41,39,2,12,25,27,14,2024,4
"Broome-Perth","Broome","Perth","Virgin Australia Regional Airlines","Apr-24",13,13,0,5,8,8,5,2024,4
"Darwin-Perth","Darwin","Perth","Virgin Australia Regional Airlines","Apr-24",17,17,0,13,15,4,2,2024,4
"Kalgoorlie-Perth","Kalgoorlie","Perth","Virgin Australia Regional Airlines","Apr-24",36,35,1,23,29,12,6,2024,4
"Karratha-Perth","Karratha","Perth","Virgin Australia Regional Airlines","Apr-24",19,19,0,11,15,8,4,2024,4
"Newman-Perth","Newman","Perth","Virgin Australia Regional Airlines","Apr-24",17,16,1,13,13,3,3,2024,4
"Perth-Adelaide","Perth","Adelaide","Virgin Australia Regional Airlines","Apr-24",41,40,1,30,22,10,18,2024,4
"Perth-Broome","Perth","Broome","Virgin Australia Regional Airlines","Apr-24",13,13,0,10,10,3,3,2024,4
"Perth-Darwin","Perth","Darwin","Virgin Australia Regional Airlines","Apr-24",17,17,0,15,14,2,3,2024,4
"Perth-Kalgoorlie","Perth","Kalgoorlie","Virgin Australia Regional Airlines","Apr-24",36,35,1,32,31,3,4,2024,4
"Perth-Karratha","Perth","Karratha","Virgin Australia Regional Airlines","Apr-24",19,19,0,13,12,6,7,2024,4
"Perth-Newman","Perth","Newman","Virgin Australia Regional Airlines","Apr-24",17,16,1,14,13,2,3,2024,4
"Perth-Port Hedland","Perth","Port Hedland","Virgin Australia Regional Airlines","Apr-24",25,25,0,19,20,6,5,2024,4
"Port Hedland-Perth","Port Hedland","Perth","Virgin Australia Regional Airlines","Apr-24",25,25,0,11,15,14,10,2024,4
"Adelaide-Alice Springs","Adelaide","Alice Springs","All Airlines","Apr-24",65,65,0,62,62,3,3,2024,4
"Adelaide-Brisbane","Adelaide","Brisbane","All Airlines","Apr-24",358,358,0,320,314,38,44,2024,4
"Adelaide-Canberra","Adelaide","Canberra","All Airlines","Apr-24",96,96,0,87,85,9,11,2024,4
"Adelaide-Gold Coast","Adelaide","Gold Coast","All Airlines","Apr-24",70,69,1,55,47,14,22,2024,4
"Adelaide-Melbourne","Adelaide","Melbourne","All Airlines","Apr-24",721,709,12,569,574,140,135,2024,4
"Adelaide-Perth","Adelaide","Perth","All Airlines","Apr-24",205,202,3,128,168,74,34,2024,4
"Adelaide-Port Lincoln","Adelaide","Port Lincoln","All Airlines","Apr-24",284,284,0,255,259,29,25,2024,4
"Adelaide-Sydney","Adelaide","Sydney","All Airlines","Apr-24",605,590,15,477,427,113,163,2024,4
"Albury-Sydney","Albury","Sydney","All Airlines","Apr-24",186,181,5,150,130,31,51,2024,4
"Alice Springs-Adelaide","Alice Springs","Adelaide","All Airlines","Apr-24",65,65,0,57,55,8,10,2024,4
"Ballina-Sydney","Ballina","Sydney","All Airlines","Apr-24",179,177,2,139,139,38,38,2024,4
"Brisbane-Adelaide","Brisbane","Adelaide","All Airlines","Apr-24",360,360,0,312,331,48,29,2024,4
"Brisbane-Cairns","Brisbane","Cairns","All Airlines","Apr-24",445,443,2,354,359,89,84,2024,4
"Brisbane-Canberra","Brisbane","Canberra","All Airlines","Apr-24",284,283,1,240,246,43,37,2024,4
"Brisbane-Darwin","Brisbane","Darwin","All Airlines","Apr-24",95,94,1,69,64,25,30,2024,4
"Brisbane-Emerald","Brisbane","Emerald","All Airlines","Apr-24",155,150,5,130,129,20,21,2024,4
"Brisbane-Gladstone","Brisbane","Gladstone","All Airlines","Apr-24",169,164,5,128,131,36,33,2024,4
"Brisbane-Hamilton Island","Brisbane","Hamilton Island","All Airlines","Apr-24",60,60,0,52,51,8,9,2024,4
"Brisbane-Hobart","Brisbane","Hobart","All Airlines","Apr-24",91,91,0,80,84,11,7,2024,4
"Brisbane-Launceston","Brisbane","Launceston","All Airlines","Apr-24",46,46,0,40,43,6,3,2024,4
"Brisbane-Mackay","Brisbane","Mackay","All Airlines","Apr-24",268,268,0,197,203,71,65,2024,4
"Brisbane-Melbourne","Brisbane","Melbourne","All Airlines","Apr-24",1075,1040,35,796,851,244,189,2024,4
"Brisbane-Mount Isa","Brisbane","Mount Isa","All Airlines","Apr-24",61,61,0,52,55,9,6,2024,4
"Brisbane-Newcastle","Brisbane","Newcastle","All Airlines","Apr-24",220,220,0,174,171,46,49,2024,4
"Brisbane-Perth","Brisbane","Perth","All Airlines","Apr-24",304,301,3,236,274,65,27,2024,4
"Brisbane-Proserpine","Brisbane","Proserpine","All Airlines","Apr-24",86,86,0,72,74,14,12,2024,4
"Brisbane-Rockhampton","Brisbane","Rockhampton","All Airlines","Apr-24",339,335,4,258,238,77,97,2024,4
"Brisbane-Sydney","Brisbane","Sydney","All Airlines","Apr-24",1271,1230,41,1003,990,227,240,2024,4
"Brisbane-Townsville","Brisbane","Townsville","All Airlines","Apr-24",341,341,0,275,277,66,64,2024,4
"Broome-Perth","Broome","Perth","All Airlines","Apr-24",138,137,1,100,110,37,27,2024,4
"Cairns-Brisbane","Cairns","Brisbane","All Airlines","Apr-24",447,444,3,366,374,78,70,2024,4
"Cairns-Melbourne","Cairns","Melbourne","All Airlines","Apr-24",215,215,0,151,168,64,47,2024,4
"Cairns-Sydney","Cairns","Sydney","All Airlines","Apr-24",255,253,2,210,215,43,38,2024,4
"Cairns-Townsville","Cairns","Townsville","All Airlines","Apr-24",151,142,9,123,127,19,15,2024,4
"Canberra-Adelaide","Canberra","Adelaide","All Airlines","Apr-24",97,97,0,85,86,12,11,2024,4
"Canberra-Brisbane","Canberra","Brisbane","All Airlines","Apr-24",283,278,5,227,222,51,56,2024,4
"Canberra-Gold Coast","Canberra","Gold Coast","All Airlines","Apr-24",55,55,0,46,43,9,12,2024,4
"Canberra-Melbourne","Canberra","Melbourne","All Airlines","Apr-24",407,393,14,262,261,131,132,2024,4
"Canberra-Sydney","Canberra","Sydney","All Airlines","Apr-24",639,615,24,524,490,91,125,2024,4
"Coffs Harbour-Sydney","Coffs Harbour","Sydney","All Airlines","Apr-24",200,199,1,154,154,45,45,2024,4
"Darwin-Brisbane","Darwin","Brisbane","All Airlines","Apr-24",95,95,0,62,63,33,32,2024,4
"Darwin-Melbourne","Darwin","Melbourne","All Airlines","Apr-24",90,88,2,54,57,34,31,2024,4
"Darwin-Perth","Darwin","Perth","All Airlines","Apr-24",51,51,0,30,31,21,20,2024,4
"Devonport-Melbourne","Devonport","Melbourne","All Airlines","Apr-24",158,156,2,133,131,23,25,2024,4
"Dubbo-Sydney","Dubbo","Sydney","All Airlines","Apr-24",232,224,8,184,171,40,53,2024,4
"Emerald-Brisbane","Emerald","Brisbane","All Airlines","Apr-24",155,150,5,128,128,22,22,2024,4
"Gladstone-Brisbane","Gladstone","Brisbane","All Airlines","Apr-24",169,164,5,135,135,29,29,2024,4
"Gold Coast-Adelaide","Gold Coast","Adelaide","All Airlines","Apr-24",70,69,1,43,48,26,21,2024,4
"Gold Coast-Canberra","Gold Coast","Canberra","All Airlines","Apr-24",55,55,0,43,44,12,11,2024,4
"Gold Coast-Melbourne","Gold Coast","Melbourne","All Airlines","Apr-24",566,554,12,388,433,166,121,2024,4
"Gold Coast-Sydney","Gold Coast","Sydney","All Airlines","Apr-24",734,720,14,562,573,158,147,2024,4
"Hamilton Island-Brisbane","Hamilton Island","Brisbane","All Airlines","Apr-24",60,60,0,46,44,14,16,2024,4
"Hamilton Island-Sydney","Hamilton Island","Sydney","All Airlines","Apr-24",79,79,0,46,46,33,33,2024,4
"Hobart-Brisbane","Hobart","Brisbane","All Airlines","Apr-24",90,90,0,80,80,10,10,2024,4
"Hobart-Melbourne","Hobart","Melbourne","All Airlines","Apr-24",425,424,1,310,307,114,117,2024,4
"Hobart-Sydney","Hobart","Sydney","All Airlines","Apr-24",242,240,2,193,191,47,49,2024,4
"Kalgoorlie-Perth","Kalgoorlie","Perth","All Airlines","Apr-24",182,174,8,138,148,36,26,2024,4
"Karratha-Perth","Karratha","Perth","All Airlines","Apr-24",226,219,7,152,152,67,67,2024,4
"Launceston-Brisbane","Launceston","Brisbane","All Airlines","Apr-24",46,46,0,38,38,8,8,2024,4
"Launceston-Melbourne","Launceston","Melbourne","All Airlines","Apr-24",294,289,5,211,214,78,75,2024,4
"Launceston-Sydney","Launceston","Sydney","All Airlines","Apr-24",112,111,1,81,79,30,32,2024,4
"Mackay-Brisbane","Mackay","Brisbane","All Airlines","Apr-24",274,272,2,206,214,66,58,2024,4
"Melbourne-Adelaide","Melbourne","Adelaide","All Airlines","Apr-24",720,711,9,564,575,147,136,2024,4
"Melbourne-Brisbane","Melbourne","Brisbane","All Airlines","Apr-24",1081,1046,35,840,786,206,260,2024,4
"Melbourne-Cairns","Melbourne","Cairns","All Airlines","Apr-24",215,215,0,166,159,49,56,2024,4
"Melbourne-Canberra","Melbourne","Canberra","All Airlines","Apr-24",408,398,10,280,270,118,128,2024,4
"Melbourne-Darwin","Melbourne","Darwin","All Airlines","Apr-24",90,89,1,67,73,22,16,2024,4
"Melbourne-Devonport","Melbourne","Devonport","All Airlines","Apr-24",157,155,2,134,134,21,21,2024,4
"Melbourne-Gold Coast","Melbourne","Gold Coast","All Airlines","Apr-24",565,552,13,439,426,113,126,2024,4
"Melbourne-Hobart","Melbourne","Hobart","All Airlines","Apr-24",425,424,1,307,296,117,128,2024,4
"Melbourne-Launceston","Melbourne","Launceston","All Airlines","Apr-24",294,289,5,229,218,60,71,2024,4
"Melbourne-Mildura","Melbourne","Mildura","All Airlines","Apr-24",200,199,1,157,157,42,42,2024,4
"Melbourne-Newcastle","Melbourne","Newcastle","All Airlines","Apr-24",155,154,1,112,94,42,60,2024,4
"Melbourne-Perth","Melbourne","Perth","All Airlines","Apr-24",502,497,5,366,426,131,71,2024,4
"Melbourne-Sunshine Coast","Melbourne","Sunshine Coast","All Airlines","Apr-24",195,195,0,169,156,26,39,2024,4
"Melbourne-Sydney","Melbourne","Sydney","All Airlines","Apr-24",2224,2122,102,1769,1630,353,492,2024,4
"Mildura-Melbourne","Mildura","Melbourne","All Airlines","Apr-24",199,197,2,146,145,51,52,2024,4
"Mount Isa-Brisbane","Mount Isa","Brisbane","All Airlines","Apr-24",61,60,1,51,53,9,7,2024,4
"Newcastle-Brisbane","Newcastle","Brisbane","All Airlines","Apr-24",219,218,1,175,170,43,48,2024,4
"Newcastle-Melbourne","Newcastle","Melbourne","All Airlines","Apr-24",155,154,1,111,109,43,45,2024,4
"Newman-Perth","Newman","Perth","All Airlines","Apr-24",173,170,3,146,126,24,44,2024,4
"Perth-Adelaide","Perth","Adelaide","All Airlines","Apr-24",204,202,2,164,125,38,77,2024,4
"Perth-Brisbane","Perth","Brisbane","All Airlines","Apr-24",304,301,3,252,213,49,88,2024,4
"Perth-Broome","Perth","Broome","All Airlines","Apr-24",138,137,1,110,109,27,28,2024,4
"Perth-Darwin","Perth","Darwin","All Airlines","Apr-24",51,51,0,36,33,15,18,2024,4
"Perth-Kalgoorlie","Perth","Kalgoorlie","All Airlines","Apr-24",183,175,8,157,151,18,24,2024,4
"Perth-Karratha","Perth","Karratha","All Airlines","Apr-24",227,220,7,177,164,43,56,2024,4
"Perth-Melbourne","Perth","Melbourne","All Airlines","Apr-24",511,504,7,423,362,81,142,2024,4
"Perth-Newman","Perth","Newman","All Airlines","Apr-24",173,171,2,154,151,17,20,2024,4
"Perth-Port Hedland","Perth","Port Hedland","All Airlines","Apr-24",202,199,3,163,157,36,42,2024,4
"Perth-Sydney","Perth","Sydney","All Airlines","Apr-24",409,407,2,322,268,85,139,2024,4
"Port Hedland-Perth","Port Hedland","Perth","All Airlines","Apr-24",201,197,4,135,123,62,74,2024,4
"Port Lincoln-Adelaide","Port Lincoln","Adelaide","All Airlines","Apr-24",284,283,1,259,259,24,24,2024,4
"Port Macquarie-Sydney","Port Macquarie","Sydney","All Airlines","Apr-24",163,161,2,131,127,30,34,2024,4
"Proserpine-Brisbane","Proserpine","Brisbane","All Airlines","Apr-24",86,86,0,68,67,18,19,2024,4
"Rockhampton-Brisbane","Rockhampton","Brisbane","All Airlines","Apr-24",337,330,7,254,238,76,92,2024,4
"Sunshine Coast-Melbourne","Sunshine Coast","Melbourne","All Airlines","Apr-24",195,195,0,142,156,53,39,2024,4
"Sunshine Coast-Sydney","Sunshine Coast","Sydney","All Airlines","Apr-24",217,212,5,153,136,59,76,2024,4
"Sydney-Adelaide","Sydney","Adelaide","All Airlines","Apr-24",604,591,13,455,479,136,112,2024,4
"Sydney-Albury","Sydney","Albury","All Airlines","Apr-24",185,181,4,137,146,44,35,2024,4
"Sydney-Ballina","Sydney","Ballina","All Airlines","Apr-24",179,177,2,148,147,29,30,2024,4
"Sydney-Brisbane","Sydney","Brisbane","All Airlines","Apr-24",1268,1228,40,958,937,270,291,2024,4
"Sydney-Cairns","Sydney","Cairns","All Airlines","Apr-24",257,254,3,210,213,44,41,2024,4
"Sydney-Canberra","Sydney","Canberra","All Airlines","Apr-24",638,618,20,517,540,101,78,2024,4
"Sydney-Coffs Harbour","Sydney","Coffs Harbour","All Airlines","Apr-24",200,199,1,151,154,48,45,2024,4
"Sydney-Dubbo","Sydney","Dubbo","All Airlines","Apr-24",236,228,8,164,175,64,53,2024,4
"Sydney-Gold Coast","Sydney","Gold Coast","All Airlines","Apr-24",733,721,12,565,564,156,157,2024,4
"Sydney-Hamilton Island","Sydney","Hamilton Island","All Airlines","Apr-24",79,79,0,56,59,23,20,2024,4
"Sydney-Hobart","Sydney","Hobart","All Airlines","Apr-24",242,240,2,200,204,40,36,2024,4
"Sydney-Launceston","Sydney","Launceston","All Airlines","Apr-24",112,111,1,74,88,37,23,2024,4
"Sydney-Melbourne","Sydney","Melbourne","All Airlines","Apr-24",2218,2109,109,1627,1655,482,454,2024,4
"Sydney-Perth","Sydney","Perth","All Airlines","Apr-24",422,422,0,302,370,120,52,2024,4
"Sydney-Port Macquarie","Sydney","Port Macquarie","All Airlines","Apr-24",163,163,0,132,129,31,34,2024,4
"Sydney-Sunshine Coast","Sydney","Sunshine Coast","All Airlines","Apr-24",216,213,3,157,158,56,55,2024,4
"Sydney-Wagga Wagga","Sydney","Wagga Wagga","All Airlines","Apr-24",199,196,3,158,167,38,29,2024,4
"Townsville-Brisbane","Townsville","Brisbane","All Airlines","Apr-24",341,341,0,265,268,76,73,2024,4
"Townsville-Cairns","Townsville","Cairns","All Airlines","Apr-24",150,142,8,121,123,21,19,2024,4
"Wagga Wagga-Sydney","Wagga Wagga","Sydney","All Airlines","Apr-24",198,194,4,165,160,29,34,2024,4
"Adelaide-Brisbane","Adelaide","Brisbane","Jetstar","May-24",35,35,0,31,30,4,5,2024,5
"Adelaide-Gold Coast","Adelaide","Gold Coast","Jetstar","May-24",27,27,0,24,25,3,2,2024,5
"Adelaide-Melbourne","Adelaide","Melbourne","Jetstar","May-24",111,111,0,93,95,18,16,2024,5
"Adelaide-Perth","Adelaide","Perth","Jetstar","May-24",31,30,1,26,28,4,2,2024,5
"Adelaide-Sydney","Adelaide","Sydney","Jetstar","May-24",140,136,4,109,110,27,26,2024,5
"Ballina-Sydney","Ballina","Sydney","Jetstar","May-24",62,62,0,49,49,13,13,2024,5
"Brisbane-Adelaide","Brisbane","Adelaide","Jetstar","May-24",35,35,0,26,29,9,6,2024,5
"Brisbane-Cairns","Brisbane","Cairns","Jetstar","May-24",93,93,0,80,78,13,15,2024,5
"Brisbane-Canberra","Brisbane","Canberra","Jetstar","May-24",31,31,0,31,31,0,0,2024,5
"Brisbane-Darwin","Brisbane","Darwin","Jetstar","May-24",18,18,0,17,16,1,2,2024,5
"Brisbane-Hobart","Brisbane","Hobart","Jetstar","May-24",21,21,0,18,18,3,3,2024,5
"Brisbane-Launceston","Brisbane","Launceston","Jetstar","May-24",19,19,0,16,14,3,5,2024,5
"Brisbane-Mackay","Brisbane","Mackay","Jetstar","May-24",31,31,0,18,18,13,13,2024,5
"Brisbane-Melbourne","Brisbane","Melbourne","Jetstar","May-24",154,154,0,97,115,57,39,2024,5
"Brisbane-Newcastle","Brisbane","Newcastle","Jetstar","May-24",52,51,1,44,41,7,10,2024,5
"Brisbane-Perth","Brisbane","Perth","Jetstar","May-24",23,23,0,13,19,10,4,2024,5
"Brisbane-Proserpine","Brisbane","Proserpine","Jetstar","May-24",22,22,0,16,13,6,9,2024,5
"Brisbane-Sydney","Brisbane","Sydney","Jetstar","May-24",172,168,4,139,138,29,30,2024,5
"Brisbane-Townsville","Brisbane","Townsville","Jetstar","May-24",55,55,0,46,43,9,12,2024,5
"Cairns-Brisbane","Cairns","Brisbane","Jetstar","May-24",93,93,0,76,81,17,12,2024,5
"Cairns-Melbourne","Cairns","Melbourne","Jetstar","May-24",62,62,0,50,56,12,6,2024,5
"Cairns-Sydney","Cairns","Sydney","Jetstar","May-24",85,85,0,68,69,17,16,2024,5
"Canberra-Brisbane","Canberra","Brisbane","Jetstar","May-24",31,31,0,31,31,0,0,2024,5
"Canberra-Gold Coast","Canberra","Gold Coast","Jetstar","May-24",19,18,1,15,14,3,4,2024,5
"Canberra-Melbourne","Canberra","Melbourne","Jetstar","May-24",22,22,0,13,14,9,8,2024,5
"Darwin-Brisbane","Darwin","Brisbane","Jetstar","May-24",17,17,0,14,17,3,0,2024,5
"Darwin-Melbourne","Darwin","Melbourne","Jetstar","May-24",21,21,0,13,18,8,3,2024,5
"Gold Coast-Adelaide","Gold Coast","Adelaide","Jetstar","May-24",27,27,0,25,25,2,2,2024,5
"Gold Coast-Canberra","Gold Coast","Canberra","Jetstar","May-24",19,19,0,14,16,5,3,2024,5
"Gold Coast-Melbourne","Gold Coast","Melbourne","Jetstar","May-24",154,151,3,111,124,40,27,2024,5
"Gold Coast-Sydney","Gold Coast","Sydney","Jetstar","May-24",238,238,0,202,204,36,34,2024,5
"Hamilton Island-Sydney","Hamilton Island","Sydney","Jetstar","May-24",14,14,0,6,5,8,9,2024,5
"Hobart-Brisbane","Hobart","Brisbane","Jetstar","May-24",22,22,0,18,19,4,3,2024,5
"Hobart-Melbourne","Hobart","Melbourne","Jetstar","May-24",116,116,0,76,87,40,29,2024,5
"Hobart-Sydney","Hobart","Sydney","Jetstar","May-24",62,62,0,49,48,13,14,2024,5
"Launceston-Brisbane","Launceston","Brisbane","Jetstar","May-24",18,18,0,11,8,7,10,2024,5
"Launceston-Melbourne","Launceston","Melbourne","Jetstar","May-24",70,70,0,37,43,33,27,2024,5
"Launceston-Sydney","Launceston","Sydney","Jetstar","May-24",31,31,0,20,19,11,12,2024,5
"Mackay-Brisbane","Mackay","Brisbane","Jetstar","May-24",31,31,0,15,17,16,14,2024,5
"Melbourne-Adelaide","Melbourne","Adelaide","Jetstar","May-24",111,111,0,93,99,18,12,2024,5
"Melbourne-Brisbane","Melbourne","Brisbane","Jetstar","May-24",154,154,0,104,93,50,61,2024,5
"Melbourne-Cairns","Melbourne","Cairns","Jetstar","May-24",62,62,0,54,54,8,8,2024,5
"Melbourne-Canberra","Melbourne","Canberra","Jetstar","May-24",22,22,0,15,17,7,5,2024,5
"Melbourne-Darwin","Melbourne","Darwin","Jetstar","May-24",22,22,0,19,20,3,2,2024,5
"Melbourne-Gold Coast","Melbourne","Gold Coast","Jetstar","May-24",153,151,2,96,105,55,46,2024,5
"Melbourne-Hobart","Melbourne","Hobart","Jetstar","May-24",115,115,0,87,86,28,29,2024,5
"Melbourne-Launceston","Melbourne","Launceston","Jetstar","May-24",71,71,0,43,43,28,28,2024,5
"Melbourne-Newcastle","Melbourne","Newcastle","Jetstar","May-24",54,53,1,42,42,11,11,2024,5
"Melbourne-Perth","Melbourne","Perth","Jetstar","May-24",63,61,2,45,56,16,5,2024,5
"Melbourne-Sunshine Coast","Melbourne","Sunshine Coast","Jetstar","May-24",68,68,0,56,55,12,13,2024,5
"Melbourne-Sydney","Melbourne","Sydney","Jetstar","May-24",413,401,12,321,319,80,82,2024,5
"Newcastle-Brisbane","Newcastle","Brisbane","Jetstar","May-24",53,52,1,41,38,11,14,2024,5
"Newcastle-Melbourne","Newcastle","Melbourne","Jetstar","May-24",54,53,1,39,44,14,9,2024,5
"Perth-Adelaide","Perth","Adelaide","Jetstar","May-24",31,30,1,27,24,3,6,2024,5
"Perth-Brisbane","Perth","Brisbane","Jetstar","May-24",23,22,1,15,11,7,11,2024,5
"Perth-Melbourne","Perth","Melbourne","Jetstar","May-24",63,61,2,51,52,10,9,2024,5
"Perth-Sydney","Perth","Sydney","Jetstar","May-24",54,51,3,30,26,21,25,2024,5
"Proserpine-Brisbane","Proserpine","Brisbane","Jetstar","May-24",22,22,0,11,12,11,10,2024,5
"Sunshine Coast-Melbourne","Sunshine Coast","Melbourne","Jetstar","May-24",68,68,0,47,54,21,14,2024,5
"Sunshine Coast-Sydney","Sunshine Coast","Sydney","Jetstar","May-24",76,75,1,55,49,20,26,2024,5
"Sydney-Adelaide","Sydney","Adelaide","Jetstar","May-24",140,137,3,101,115,36,22,2024,5
"Sydney-Ballina","Sydney","Ballina","Jetstar","May-24",62,62,0,56,57,6,5,2024,5
"Sydney-Brisbane","Sydney","Brisbane","Jetstar","May-24",171,167,4,131,135,36,32,2024,5
"Sydney-Cairns","Sydney","Cairns","Jetstar","May-24",85,85,0,69,68,16,17,2024,5
"Sydney-Gold Coast","Sydney","Gold Coast","Jetstar","May-24",238,238,0,188,191,50,47,2024,5
"Sydney-Hamilton Island","Sydney","Hamilton Island","Jetstar","May-24",14,14,0,12,11,2,3,2024,5
"Sydney-Hobart","Sydney","Hobart","Jetstar","May-24",62,62,0,52,51,10,11,2024,5
"Sydney-Launceston","Sydney","Launceston","Jetstar","May-24",31,31,0,23,24,8,7,2024,5
"Sydney-Melbourne","Sydney","Melbourne","Jetstar","May-24",413,401,12,301,324,100,77,2024,5
"Sydney-Perth","Sydney","Perth","Jetstar","May-24",53,52,1,27,46,25,6,2024,5
"Sydney-Sunshine Coast","Sydney","Sunshine Coast","Jetstar","May-24",75,75,0,57,58,18,17,2024,5
"Townsville-Brisbane","Townsville","Brisbane","Jetstar","May-24",55,55,0,40,42,15,13,2024,5
"Adelaide-Melbourne","Adelaide","Melbourne","Qantas","May-24",268,263,5,223,222,40,41,2024,5
"Adelaide-Perth","Adelaide","Perth","Qantas","May-24",93,93,0,77,81,16,12,2024,5
"Adelaide-Sydney","Adelaide","Sydney","Qantas","May-24",245,243,2,216,197,27,46,2024,5
"Brisbane-Cairns","Brisbane","Cairns","Qantas","May-24",74,74,0,63,59,11,15,2024,5
"Brisbane-Mackay","Brisbane","Mackay","Qantas","May-24",111,111,0,90,93,21,18,2024,5
"Brisbane-Melbourne","Brisbane","Melbourne","Qantas","May-24",392,377,15,301,319,76,58,2024,5
"Brisbane-Mount Isa","Brisbane","Mount Isa","Qantas","May-24",50,50,0,44,46,6,4,2024,5
"Brisbane-Perth","Brisbane","Perth","Qantas","May-24",157,157,0,126,147,31,10,2024,5
"Brisbane-Sydney","Brisbane","Sydney","Qantas","May-24",553,539,14,454,447,85,92,2024,5
"Brisbane-Townsville","Brisbane","Townsville","Qantas","May-24",16,16,0,14,14,2,2,2024,5
"Cairns-Brisbane","Cairns","Brisbane","Qantas","May-24",74,74,0,61,65,13,9,2024,5
"Cairns-Melbourne","Cairns","Melbourne","Qantas","May-24",31,31,0,17,24,14,7,2024,5
"Cairns-Sydney","Cairns","Sydney","Qantas","May-24",31,31,0,11,17,20,14,2024,5
"Gold Coast-Melbourne","Gold Coast","Melbourne","Qantas","May-24",31,31,0,25,25,6,6,2024,5
"Gold Coast-Sydney","Gold Coast","Sydney","Qantas","May-24",93,93,0,71,72,22,21,2024,5
"Hamilton Island-Sydney","Hamilton Island","Sydney","Qantas","May-24",31,31,0,12,16,19,15,2024,5
"Hobart-Sydney","Hobart","Sydney","Qantas","May-24",75,75,0,66,58,9,17,2024,5
"Kalgoorlie-Perth","Kalgoorlie","Perth","Qantas","May-24",21,19,2,15,18,4,1,2024,5
"Karratha-Perth","Karratha","Perth","Qantas","May-24",2,2,0,2,2,0,0,2024,5
"Mackay-Brisbane","Mackay","Brisbane","Qantas","May-24",111,110,1,89,94,21,16,2024,5
"Melbourne-Adelaide","Melbourne","Adelaide","Qantas","May-24",268,265,3,230,226,35,39,2024,5
"Melbourne-Brisbane","Melbourne","Brisbane","Qantas","May-24",391,379,12,316,308,63,71,2024,5
"Melbourne-Cairns","Melbourne","Cairns","Qantas","May-24",31,31,0,24,19,7,12,2024,5
"Melbourne-Gold Coast","Melbourne","Gold Coast","Qantas","May-24",31,31,0,31,31,0,0,2024,5
"Melbourne-Perth","Melbourne","Perth","Qantas","May-24",209,207,2,163,177,44,30,2024,5
"Melbourne-Sunshine Coast","Melbourne","Sunshine Coast","Qantas","May-24",31,31,0,21,21,10,10,2024,5
"Melbourne-Sydney","Melbourne","Sydney","Qantas","May-24",975,884,91,787,705,97,179,2024,5
"Mount Isa-Brisbane","Mount Isa","Brisbane","Qantas","May-24",50,50,0,40,46,10,4,2024,5
"Newman-Perth","Newman","Perth","Qantas","May-24",17,17,0,16,16,1,1,2024,5
"Perth-Adelaide","Perth","Adelaide","Qantas","May-24",93,93,0,81,70,12,23,2024,5
"Perth-Brisbane","Perth","Brisbane","Qantas","May-24",157,157,0,137,106,20,51,2024,5
"Perth-Kalgoorlie","Perth","Kalgoorlie","Qantas","May-24",21,20,1,20,20,0,0,2024,5
"Perth-Karratha","Perth","Karratha","Qantas","May-24",2,2,0,2,2,0,0,2024,5
"Perth-Melbourne","Perth","Melbourne","Qantas","May-24",208,204,4,175,155,29,49,2024,5
"Perth-Newman","Perth","Newman","Qantas","May-24",17,17,0,15,15,2,2,2024,5
"Perth-Sydney","Perth","Sydney","Qantas","May-24",206,205,1,162,113,43,92,2024,5
"Sunshine Coast-Melbourne","Sunshine Coast","Melbourne","Qantas","May-24",31,31,0,18,20,13,11,2024,5
"Sunshine Coast-Sydney","Sunshine Coast","Sydney","Qantas","May-24",58,58,0,46,42,12,16,2024,5
"Sydney-Adelaide","Sydney","Adelaide","Qantas","May-24",245,243,2,194,211,49,32,2024,5
"Sydney-Brisbane","Sydney","Brisbane","Qantas","May-24",551,536,15,426,401,110,135,2024,5
"Sydney-Cairns","Sydney","Cairns","Qantas","May-24",31,31,0,22,14,9,17,2024,5
"Sydney-Gold Coast","Sydney","Gold Coast","Qantas","May-24",93,93,0,64,66,29,27,2024,5
"Sydney-Hamilton Island","Sydney","Hamilton Island","Qantas","May-24",30,30,0,22,12,8,18,2024,5
"Sydney-Hobart","Sydney","Hobart","Qantas","May-24",75,75,0,50,58,25,17,2024,5
"Sydney-Melbourne","Sydney","Melbourne","Qantas","May-24",979,892,87,709,723,183,169,2024,5
"Sydney-Perth","Sydney","Perth","Qantas","May-24",205,204,1,150,180,54,24,2024,5
"Sydney-Sunshine Coast","Sydney","Sunshine Coast","Qantas","May-24",59,59,0,41,42,18,17,2024,5
"Townsville-Brisbane","Townsville","Brisbane","Qantas","May-24",16,16,0,13,13,3,3,2024,5
"Canberra-Sydney","Canberra","Sydney","Qantas","May-24",55,55,0,46,44,9,11,2024,5
"Sydney-Canberra","Sydney","Canberra","Qantas","May-24",55,55,0,50,49,5,6,2024,5
"Brisbane-Darwin","Brisbane","Darwin","Qantas","May-24",9,9,0,6,6,3,3,2024,5
"Darwin-Brisbane","Darwin","Brisbane","Qantas","May-24",8,8,0,5,6,3,2,2024,5
"Darwin-Melbourne","Darwin","Melbourne","Qantas","May-24",31,30,1,22,27,8,3,2024,5
"Melbourne-Darwin","Melbourne","Darwin","Qantas","May-24",31,31,0,27,24,4,7,2024,5
"Brisbane-Melbourne","Brisbane","Melbourne","QantasLink","May-24",35,30,5,15,15,15,15,2024,5
"Melbourne-Brisbane","Melbourne","Brisbane","QantasLink","May-24",35,30,5,21,21,9,9,2024,5
"Brisbane-Darwin","Brisbane","Darwin","QantasLink","May-24",31,31,0,23,5,8,26,2024,5
"Brisbane-Hamilton Island","Brisbane","Hamilton Island","QantasLink","May-24",27,26,1,19,15,7,11,2024,5
"Darwin-Brisbane","Darwin","Brisbane","QantasLink","May-24",31,31,0,4,11,27,20,2024,5
"Hamilton Island-Brisbane","Hamilton Island","Brisbane","QantasLink","May-24",27,26,1,14,13,12,13,2024,5
"Adelaide-Alice Springs","Adelaide","Alice Springs","QantasLink","May-24",48,48,0,43,42,5,6,2024,5
"Adelaide-Brisbane","Adelaide","Brisbane","QantasLink","May-24",157,157,0,134,130,23,27,2024,5
"Adelaide-Canberra","Adelaide","Canberra","QantasLink","May-24",85,85,0,77,74,8,11,2024,5
"Adelaide-Melbourne","Adelaide","Melbourne","QantasLink","May-24",13,12,1,10,11,2,1,2024,5
"Adelaide-Port Lincoln","Adelaide","Port Lincoln","QantasLink","May-24",143,138,5,128,133,10,5,2024,5
"Albury-Sydney","Albury","Sydney","QantasLink","May-24",112,111,1,89,75,22,36,2024,5
"Alice Springs-Adelaide","Alice Springs","Adelaide","QantasLink","May-24",48,48,0,40,42,8,6,2024,5
"Ballina-Sydney","Ballina","Sydney","QantasLink","May-24",58,55,3,49,49,6,6,2024,5
"Brisbane-Adelaide","Brisbane","Adelaide","QantasLink","May-24",157,157,0,123,136,34,21,2024,5
"Brisbane-Cairns","Brisbane","Cairns","QantasLink","May-24",104,104,0,65,45,39,59,2024,5
"Brisbane-Canberra","Brisbane","Canberra","QantasLink","May-24",155,152,3,124,125,28,27,2024,5
"Brisbane-Emerald","Brisbane","Emerald","QantasLink","May-24",134,129,5,116,120,13,9,2024,5
"Brisbane-Gladstone","Brisbane","Gladstone","QantasLink","May-24",139,136,3,104,88,32,48,2024,5
"Brisbane-Hobart","Brisbane","Hobart","QantasLink","May-24",17,17,0,12,15,5,2,2024,5
"Brisbane-Mackay","Brisbane","Mackay","QantasLink","May-24",10,10,0,9,9,1,1,2024,5
"Brisbane-Newcastle","Brisbane","Newcastle","QantasLink","May-24",85,83,2,69,64,14,19,2024,5
"Brisbane-Proserpine","Brisbane","Proserpine","QantasLink","May-24",17,17,0,15,16,2,1,2024,5
"Brisbane-Rockhampton","Brisbane","Rockhampton","QantasLink","May-24",201,198,3,164,166,34,32,2024,5
"Brisbane-Townsville","Brisbane","Townsville","QantasLink","May-24",136,135,1,104,91,31,44,2024,5
"Broome-Perth","Broome","Perth","QantasLink","May-24",91,90,1,63,60,27,30,2024,5
"Cairns-Brisbane","Cairns","Brisbane","QantasLink","May-24",104,104,0,53,63,51,41,2024,5
"Cairns-Townsville","Cairns","Townsville","QantasLink","May-24",147,143,4,127,127,16,16,2024,5
"Canberra-Adelaide","Canberra","Adelaide","QantasLink","May-24",85,85,0,72,75,13,10,2024,5
"Canberra-Brisbane","Canberra","Brisbane","QantasLink","May-24",155,151,4,120,109,31,42,2024,5
"Canberra-Melbourne","Canberra","Melbourne","QantasLink","May-24",246,224,22,151,156,73,68,2024,5
"Canberra-Sydney","Canberra","Sydney","QantasLink","May-24",378,359,19,293,269,66,90,2024,5
"Coffs Harbour-Sydney","Coffs Harbour","Sydney","QantasLink","May-24",116,115,1,95,101,20,14,2024,5
"Darwin-Perth","Darwin","Perth","QantasLink","May-24",31,31,0,13,13,18,18,2024,5
"Devonport-Melbourne","Devonport","Melbourne","QantasLink","May-24",119,119,0,95,94,24,25,2024,5
"Dubbo-Sydney","Dubbo","Sydney","QantasLink","May-24",116,114,2,99,92,15,22,2024,5
"Emerald-Brisbane","Emerald","Brisbane","QantasLink","May-24",134,129,5,120,120,9,9,2024,5
"Gladstone-Brisbane","Gladstone","Brisbane","QantasLink","May-24",139,135,4,96,97,39,38,2024,5
"Hobart-Brisbane","Hobart","Brisbane","QantasLink","May-24",17,17,0,15,15,2,2,2024,5
"Hobart-Melbourne","Hobart","Melbourne","QantasLink","May-24",120,116,4,93,90,23,26,2024,5
"Hobart-Sydney","Hobart","Sydney","QantasLink","May-24",10,9,1,8,8,1,1,2024,5
"Kalgoorlie-Perth","Kalgoorlie","Perth","QantasLink","May-24",64,61,3,43,41,18,20,2024,5
"Karratha-Perth","Karratha","Perth","QantasLink","May-24",152,148,4,90,94,58,54,2024,5
"Launceston-Melbourne","Launceston","Melbourne","QantasLink","May-24",98,94,4,81,87,13,7,2024,5
"Launceston-Sydney","Launceston","Sydney","QantasLink","May-24",31,30,1,27,27,3,3,2024,5
"Mackay-Brisbane","Mackay","Brisbane","QantasLink","May-24",14,13,1,10,11,3,2,2024,5
"Melbourne-Adelaide","Melbourne","Adelaide","QantasLink","May-24",13,13,0,11,13,2,0,2024,5
"Melbourne-Canberra","Melbourne","Canberra","QantasLink","May-24",246,226,20,172,172,54,54,2024,5
"Melbourne-Devonport","Melbourne","Devonport","QantasLink","May-24",120,120,0,97,95,23,25,2024,5
"Melbourne-Hobart","Melbourne","Hobart","QantasLink","May-24",118,115,3,82,80,33,35,2024,5
"Melbourne-Launceston","Melbourne","Launceston","QantasLink","May-24",99,95,4,76,79,19,16,2024,5
"Melbourne-Mildura","Melbourne","Mildura","QantasLink","May-24",112,112,0,88,91,24,21,2024,5
"Melbourne-Newcastle","Melbourne","Newcastle","QantasLink","May-24",54,52,2,37,29,15,23,2024,5
"Mildura-Melbourne","Mildura","Melbourne","QantasLink","May-24",112,112,0,78,84,34,28,2024,5
"Newcastle-Brisbane","Newcastle","Brisbane","QantasLink","May-24",85,83,2,68,62,15,21,2024,5
"Newcastle-Melbourne","Newcastle","Melbourne","QantasLink","May-24",54,52,2,45,41,7,11,2024,5
"Newman-Perth","Newman","Perth","QantasLink","May-24",105,103,2,84,66,19,37,2024,5
"Perth-Broome","Perth","Broome","QantasLink","May-24",90,90,0,61,63,29,27,2024,5
"Perth-Darwin","Perth","Darwin","QantasLink","May-24",32,32,0,24,21,8,11,2024,5
"Perth-Kalgoorlie","Perth","Kalgoorlie","QantasLink","May-24",64,62,2,46,43,16,19,2024,5
"Perth-Karratha","Perth","Karratha","QantasLink","May-24",153,152,1,111,111,41,41,2024,5
"Perth-Newman","Perth","Newman","QantasLink","May-24",105,103,2,88,88,15,15,2024,5
"Perth-Port Hedland","Perth","Port Hedland","QantasLink","May-24",147,147,0,120,115,27,32,2024,5
"Port Hedland-Perth","Port Hedland","Perth","QantasLink","May-24",147,146,1,88,73,58,73,2024,5
"Port Lincoln-Adelaide","Port Lincoln","Adelaide","QantasLink","May-24",143,137,6,128,129,9,8,2024,5
"Port Macquarie-Sydney","Port Macquarie","Sydney","QantasLink","May-24",116,116,0,97,93,19,23,2024,5
"Proserpine-Brisbane","Proserpine","Brisbane","QantasLink","May-24",17,17,0,12,17,5,0,2024,5
"Rockhampton-Brisbane","Rockhampton","Brisbane","QantasLink","May-24",201,197,4,165,166,32,31,2024,5
"Sydney-Albury","Sydney","Albury","QantasLink","May-24",112,112,0,91,95,21,17,2024,5
"Sydney-Ballina","Sydney","Ballina","QantasLink","May-24",57,55,2,49,49,6,6,2024,5
"Sydney-Canberra","Sydney","Canberra","QantasLink","May-24",378,363,15,302,304,61,59,2024,5
"Sydney-Coffs Harbour","Sydney","Coffs Harbour","QantasLink","May-24",116,116,0,90,95,26,21,2024,5
"Sydney-Dubbo","Sydney","Dubbo","QantasLink","May-24",116,114,2,94,99,20,15,2024,5
"Sydney-Hobart","Sydney","Hobart","QantasLink","May-24",9,7,2,6,6,1,1,2024,5
"Sydney-Launceston","Sydney","Launceston","QantasLink","May-24",31,30,1,27,26,3,4,2024,5
"Sydney-Port Macquarie","Sydney","Port Macquarie","QantasLink","May-24",116,116,0,95,96,21,20,2024,5
"Sydney-Wagga Wagga","Sydney","Wagga Wagga","QantasLink","May-24",116,115,1,98,105,17,10,2024,5
"Townsville-Brisbane","Townsville","Brisbane","QantasLink","May-24",136,136,0,94,95,42,41,2024,5
"Townsville-Cairns","Townsville","Cairns","QantasLink","May-24",149,142,7,136,135,6,7,2024,5
"Wagga Wagga-Sydney","Wagga Wagga","Sydney","QantasLink","May-24",116,114,2,105,107,9,7,2024,5
"Adelaide-Brisbane","Adelaide","Brisbane","Rex Airlines","May-24",31,30,1,29,29,1,1,2024,5
"Brisbane-Adelaide","Brisbane","Adelaide","Rex Airlines","May-24",31,30,1,29,29,1,1,2024,5
"Adelaide-Melbourne","Adelaide","Melbourne","Rex Airlines","May-24",62,62,0,52,48,10,14,2024,5
"Adelaide-Port Lincoln","Adelaide","Port Lincoln","Rex Airlines","May-24",153,152,1,137,134,15,18,2024,5
"Albury-Sydney","Albury","Sydney","Rex Airlines","May-24",85,84,1,67,59,17,25,2024,5
"Brisbane-Melbourne","Brisbane","Melbourne","Rex Airlines","May-24",58,58,0,48,46,10,12,2024,5
"Brisbane-Sydney","Brisbane","Sydney","Rex Airlines","May-24",152,152,0,129,125,23,27,2024,5
"Cairns-Townsville","Cairns","Townsville","Rex Airlines","May-24",13,12,1,11,11,1,1,2024,5
"Canberra-Melbourne","Canberra","Melbourne","Rex Airlines","May-24",31,31,0,23,22,8,9,2024,5
"Coffs Harbour-Sydney","Coffs Harbour","Sydney","Rex Airlines","May-24",93,93,0,67,57,26,36,2024,5
"Devonport-Melbourne","Devonport","Melbourne","Rex Airlines","May-24",34,34,0,31,30,3,4,2024,5
"Dubbo-Sydney","Dubbo","Sydney","Rex Airlines","May-24",132,129,3,94,87,35,42,2024,5
"Gold Coast-Melbourne","Gold Coast","Melbourne","Rex Airlines","May-24",31,31,0,24,20,7,11,2024,5
"Gold Coast-Sydney","Gold Coast","Sydney","Rex Airlines","May-24",30,30,0,28,29,2,1,2024,5
"Melbourne-Adelaide","Melbourne","Adelaide","Rex Airlines","May-24",62,62,0,56,56,6,6,2024,5
"Melbourne-Brisbane","Melbourne","Brisbane","Rex Airlines","May-24",58,58,0,51,49,7,9,2024,5
"Melbourne-Canberra","Melbourne","Canberra","Rex Airlines","May-24",31,31,0,24,22,7,9,2024,5
"Melbourne-Devonport","Melbourne","Devonport","Rex Airlines","May-24",34,34,0,34,34,0,0,2024,5
"Melbourne-Gold Coast","Melbourne","Gold Coast","Rex Airlines","May-24",31,31,0,27,24,4,7,2024,5
"Melbourne-Mildura","Melbourne","Mildura","Rex Airlines","May-24",93,93,0,70,66,23,27,2024,5
"Melbourne-Sydney","Melbourne","Sydney","Rex Airlines","May-24",211,208,3,182,167,26,41,2024,5
"Mildura-Melbourne","Mildura","Melbourne","Rex Airlines","May-24",93,93,0,58,53,35,40,2024,5
"Port Lincoln-Adelaide","Port Lincoln","Adelaide","Rex Airlines","May-24",153,152,1,136,131,16,21,2024,5
"Port Macquarie-Sydney","Port Macquarie","Sydney","Rex Airlines","May-24",54,54,0,42,37,12,17,2024,5
"Sydney-Albury","Sydney","Albury","Rex Airlines","May-24",85,84,1,69,72,15,12,2024,5
"Sydney-Brisbane","Sydney","Brisbane","Rex Airlines","May-24",152,152,0,131,123,21,29,2024,5
"Sydney-Coffs Harbour","Sydney","Coffs Harbour","Rex Airlines","May-24",92,92,0,70,73,22,19,2024,5
"Sydney-Dubbo","Sydney","Dubbo","Rex Airlines","May-24",135,132,3,89,92,43,40,2024,5
"Sydney-Gold Coast","Sydney","Gold Coast","Rex Airlines","May-24",30,30,0,28,27,2,3,2024,5
"Sydney-Melbourne","Sydney","Melbourne","Rex Airlines","May-24",211,208,3,168,170,40,38,2024,5
"Sydney-Port Macquarie","Sydney","Port Macquarie","Rex Airlines","May-24",55,55,0,41,41,14,14,2024,5
"Sydney-Wagga Wagga","Sydney","Wagga Wagga","Rex Airlines","May-24",94,94,0,69,71,25,23,2024,5
"Townsville-Cairns","Townsville","Cairns","Rex Airlines","May-24",13,12,1,11,11,1,1,2024,5
"Wagga Wagga-Sydney","Wagga Wagga","Sydney","Rex Airlines","May-24",94,94,0,70,61,24,33,2024,5
"Sydney-Adelaide","Sydney","Adelaide","Rex Airlines","May-24",31,31,0,26,26,5,5,2024,5
"Adelaide-Sydney","Adelaide","Sydney","Rex Airlines","May-24",31,31,0,26,28,5,3,2024,5
"Melbourne-Hobart","Melbourne","Hobart","Rex Airlines","May-24",31,31,0,27,28,4,3,2024,5
"Hobart-Melbourne","Hobart","Melbourne","Rex Airlines","May-24",31,31,0,29,30,2,1,2024,5
"Brisbane-Cairns","Brisbane","Cairns","Rex Airlines","May-24",9,8,1,7,7,1,1,2024,5
"Cairns-Brisbane","Cairns","Brisbane","Rex Airlines","May-24",9,9,0,8,8,1,1,2024,5
"Adelaide-Alice Springs","Adelaide","Alice Springs","Virgin Australia","May-24",14,14,0,8,7,6,7,2024,5
"Adelaide-Brisbane","Adelaide","Brisbane","Virgin Australia","May-24",131,124,7,106,110,18,14,2024,5
"Adelaide-Canberra","Adelaide","Canberra","Virgin Australia","May-24",18,18,0,16,16,2,2,2024,5
"Adelaide-Gold Coast","Adelaide","Gold Coast","Virgin Australia","May-24",31,31,0,21,19,10,12,2024,5
"Adelaide-Melbourne","Adelaide","Melbourne","Virgin Australia","May-24",253,249,4,207,201,42,48,2024,5
"Adelaide-Perth","Adelaide","Perth","Virgin Australia","May-24",38,38,0,19,31,19,7,2024,5
"Adelaide-Sydney","Adelaide","Sydney","Virgin Australia","May-24",180,176,4,150,128,26,48,2024,5
"Alice Springs-Adelaide","Alice Springs","Adelaide","Virgin Australia","May-24",14,14,0,7,7,7,7,2024,5
"Ballina-Sydney","Ballina","Sydney","Virgin Australia","May-24",40,40,0,35,34,5,6,2024,5
"Brisbane-Adelaide","Brisbane","Adelaide","Virgin Australia","May-24",131,126,5,112,115,14,11,2024,5
"Brisbane-Cairns","Brisbane","Cairns","Virgin Australia","May-24",173,172,1,143,129,29,43,2024,5
"Brisbane-Canberra","Brisbane","Canberra","Virgin Australia","May-24",112,112,0,76,85,36,27,2024,5
"Brisbane-Darwin","Brisbane","Darwin","Virgin Australia","May-24",43,43,0,29,26,14,17,2024,5
"Brisbane-Emerald","Brisbane","Emerald","Virgin Australia","May-24",27,27,0,20,20,7,7,2024,5
"Brisbane-Gladstone","Brisbane","Gladstone","Virgin Australia","May-24",36,34,2,23,21,11,13,2024,5
"Brisbane-Hamilton Island","Brisbane","Hamilton Island","Virgin Australia","May-24",31,31,0,26,26,5,5,2024,5
"Brisbane-Hobart","Brisbane","Hobart","Virgin Australia","May-24",40,39,1,28,27,11,12,2024,5
"Brisbane-Launceston","Brisbane","Launceston","Virgin Australia","May-24",12,12,0,11,12,1,0,2024,5
"Brisbane-Mackay","Brisbane","Mackay","Virgin Australia","May-24",139,139,0,96,96,43,43,2024,5
"Brisbane-Melbourne","Brisbane","Melbourne","Virgin Australia","May-24",396,390,6,311,313,79,77,2024,5
"Brisbane-Mount Isa","Brisbane","Mount Isa","Virgin Australia","May-24",14,14,0,10,9,4,5,2024,5
"Brisbane-Newcastle","Brisbane","Newcastle","Virgin Australia","May-24",85,84,1,65,62,19,22,2024,5
"Brisbane-Perth","Brisbane","Perth","Virgin Australia","May-24",113,113,0,79,103,34,10,2024,5
"Brisbane-Proserpine","Brisbane","Proserpine","Virgin Australia","May-24",31,31,0,19,19,12,12,2024,5
"Brisbane-Rockhampton","Brisbane","Rockhampton","Virgin Australia","May-24",169,169,0,127,105,42,64,2024,5
"Brisbane-Sydney","Brisbane","Sydney","Virgin Australia","May-24",491,476,15,389,367,87,109,2024,5
"Brisbane-Townsville","Brisbane","Townsville","Virgin Australia","May-24",143,143,0,103,90,40,53,2024,5
"Broome-Perth","Broome","Perth","Virgin Australia","May-24",45,45,0,38,36,7,9,2024,5
"Cairns-Brisbane","Cairns","Brisbane","Virgin Australia","May-24",173,172,1,113,143,59,29,2024,5
"Cairns-Melbourne","Cairns","Melbourne","Virgin Australia","May-24",62,62,0,40,50,22,12,2024,5
"Cairns-Sydney","Cairns","Sydney","Virgin Australia","May-24",79,79,0,64,67,15,12,2024,5
"Canberra-Adelaide","Canberra","Adelaide","Virgin Australia","May-24",18,18,0,16,17,2,1,2024,5
"Canberra-Brisbane","Canberra","Brisbane","Virgin Australia","May-24",112,112,0,82,76,30,36,2024,5
"Canberra-Gold Coast","Canberra","Gold Coast","Virgin Australia","May-24",31,31,0,24,21,7,10,2024,5
"Canberra-Melbourne","Canberra","Melbourne","Virgin Australia","May-24",133,133,0,105,101,28,32,2024,5
"Canberra-Sydney","Canberra","Sydney","Virgin Australia","May-24",262,246,16,202,192,44,54,2024,5
"Darwin-Brisbane","Darwin","Brisbane","Virgin Australia","May-24",42,42,0,19,33,23,9,2024,5
"Darwin-Melbourne","Darwin","Melbourne","Virgin Australia","May-24",32,32,0,18,23,14,9,2024,5
"Emerald-Brisbane","Emerald","Brisbane","Virgin Australia","May-24",27,27,0,19,23,8,4,2024,5
"Gladstone-Brisbane","Gladstone","Brisbane","Virgin Australia","May-24",35,33,2,23,25,10,8,2024,5
"Gold Coast-Adelaide","Gold Coast","Adelaide","Virgin Australia","May-24",31,31,0,18,17,13,14,2024,5
"Gold Coast-Canberra","Gold Coast","Canberra","Virgin Australia","May-24",31,31,0,23,23,8,8,2024,5
"Gold Coast-Melbourne","Gold Coast","Melbourne","Virgin Australia","May-24",225,225,0,150,174,75,51,2024,5
"Gold Coast-Sydney","Gold Coast","Sydney","Virgin Australia","May-24",296,292,4,223,210,69,82,2024,5
"Hamilton Island-Brisbane","Hamilton Island","Brisbane","Virgin Australia","May-24",31,31,0,23,25,8,6,2024,5
"Hamilton Island-Sydney","Hamilton Island","Sydney","Virgin Australia","May-24",17,17,0,8,9,9,8,2024,5
"Hobart-Brisbane","Hobart","Brisbane","Virgin Australia","May-24",40,39,1,24,23,15,16,2024,5
"Hobart-Melbourne","Hobart","Melbourne","Virgin Australia","May-24",119,119,0,93,94,26,25,2024,5
"Hobart-Sydney","Hobart","Sydney","Virgin Australia","May-24",69,69,0,50,48,19,21,2024,5
"Kalgoorlie-Perth","Kalgoorlie","Perth","Virgin Australia","May-24",81,78,3,59,60,19,18,2024,5
"Karratha-Perth","Karratha","Perth","Virgin Australia","May-24",65,65,0,60,59,5,6,2024,5
"Launceston-Brisbane","Launceston","Brisbane","Virgin Australia","May-24",12,12,0,11,11,1,1,2024,5
"Launceston-Melbourne","Launceston","Melbourne","Virgin Australia","May-24",92,92,0,71,73,21,19,2024,5
"Launceston-Sydney","Launceston","Sydney","Virgin Australia","May-24",23,23,0,20,16,3,7,2024,5
"Mackay-Brisbane","Mackay","Brisbane","Virgin Australia","May-24",139,139,0,106,111,33,28,2024,5
"Melbourne-Adelaide","Melbourne","Adelaide","Virgin Australia","May-24",254,251,3,206,204,45,47,2024,5
"Melbourne-Brisbane","Melbourne","Brisbane","Virgin Australia","May-24",395,391,4,328,304,63,87,2024,5
"Melbourne-Cairns","Melbourne","Cairns","Virgin Australia","May-24",62,62,0,56,48,6,14,2024,5
"Melbourne-Canberra","Melbourne","Canberra","Virgin Australia","May-24",133,133,0,114,110,19,23,2024,5
"Melbourne-Darwin","Melbourne","Darwin","Virgin Australia","May-24",33,33,0,26,25,7,8,2024,5
"Melbourne-Gold Coast","Melbourne","Gold Coast","Virgin Australia","May-24",224,224,0,189,182,35,42,2024,5
"Melbourne-Hobart","Melbourne","Hobart","Virgin Australia","May-24",120,120,0,95,86,25,34,2024,5
"Melbourne-Launceston","Melbourne","Launceston","Virgin Australia","May-24",92,92,0,77,74,15,18,2024,5
"Melbourne-Newcastle","Melbourne","Newcastle","Virgin Australia","May-24",44,43,1,38,34,5,9,2024,5
"Melbourne-Perth","Melbourne","Perth","Virgin Australia","May-24",200,199,1,154,177,45,22,2024,5
"Melbourne-Sunshine Coast","Melbourne","Sunshine Coast","Virgin Australia","May-24",62,62,0,51,50,11,12,2024,5
"Melbourne-Sydney","Melbourne","Sydney","Virgin Australia","May-24",774,725,49,626,545,99,180,2024,5
"Mount Isa-Brisbane","Mount Isa","Brisbane","Virgin Australia","May-24",14,14,0,10,11,4,3,2024,5
"Newcastle-Brisbane","Newcastle","Brisbane","Virgin Australia","May-24",85,84,1,71,68,13,16,2024,5
"Newcastle-Melbourne","Newcastle","Melbourne","Virgin Australia","May-24",44,43,1,32,34,11,9,2024,5
"Newman-Perth","Newman","Perth","Virgin Australia","May-24",43,42,1,32,28,10,14,2024,5
"Perth-Adelaide","Perth","Adelaide","Virgin Australia","May-24",38,38,0,36,22,2,16,2024,5
"Perth-Brisbane","Perth","Brisbane","Virgin Australia","May-24",114,114,0,97,91,17,23,2024,5
"Perth-Broome","Perth","Broome","Virgin Australia","May-24",45,45,0,39,40,6,5,2024,5
"Perth-Kalgoorlie","Perth","Kalgoorlie","Virgin Australia","May-24",80,78,2,72,67,6,11,2024,5
"Perth-Karratha","Perth","Karratha","Virgin Australia","May-24",65,65,0,63,56,2,9,2024,5
"Perth-Melbourne","Perth","Melbourne","Virgin Australia","May-24",219,218,1,193,162,25,56,2024,5
"Perth-Newman","Perth","Newman","Virgin Australia","May-24",43,43,0,42,40,1,3,2024,5
"Perth-Port Hedland","Perth","Port Hedland","Virgin Australia","May-24",37,36,1,34,32,2,4,2024,5
"Perth-Sydney","Perth","Sydney","Virgin Australia","May-24",134,134,0,100,105,34,29,2024,5
"Port Hedland-Perth","Port Hedland","Perth","Virgin Australia","May-24",37,36,1,20,16,16,20,2024,5
"Proserpine-Brisbane","Proserpine","Brisbane","Virgin Australia","May-24",31,31,0,16,19,15,12,2024,5
"Rockhampton-Brisbane","Rockhampton","Brisbane","Virgin Australia","May-24",169,169,0,123,121,46,48,2024,5
"Sunshine Coast-Melbourne","Sunshine Coast","Melbourne","Virgin Australia","May-24",62,62,0,48,53,14,9,2024,5
"Sunshine Coast-Sydney","Sunshine Coast","Sydney","Virgin Australia","May-24",62,62,0,46,36,16,26,2024,5
"Sydney-Adelaide","Sydney","Adelaide","Virgin Australia","May-24",180,176,4,142,145,34,31,2024,5
"Sydney-Ballina","Sydney","Ballina","Virgin Australia","May-24",40,40,0,37,36,3,4,2024,5
"Sydney-Brisbane","Sydney","Brisbane","Virgin Australia","May-24",488,471,17,396,386,75,85,2024,5
"Sydney-Cairns","Sydney","Cairns","Virgin Australia","May-24",79,79,0,67,67,12,12,2024,5
"Sydney-Canberra","Sydney","Canberra","Virgin Australia","May-24",262,245,17,195,209,50,36,2024,5
"Sydney-Gold Coast","Sydney","Gold Coast","Virgin Australia","May-24",296,294,2,236,228,58,66,2024,5
"Sydney-Hamilton Island","Sydney","Hamilton Island","Virgin Australia","May-24",17,17,0,15,13,2,4,2024,5
"Sydney-Hobart","Sydney","Hobart","Virgin Australia","May-24",69,69,0,57,54,12,15,2024,5
"Sydney-Launceston","Sydney","Launceston","Virgin Australia","May-24",23,23,0,18,20,5,3,2024,5
"Sydney-Melbourne","Sydney","Melbourne","Virgin Australia","May-24",764,716,48,555,561,161,155,2024,5
"Sydney-Perth","Sydney","Perth","Virgin Australia","May-24",146,146,0,101,128,45,18,2024,5
"Sydney-Sunshine Coast","Sydney","Sunshine Coast","Virgin Australia","May-24",62,62,0,49,48,13,14,2024,5
"Townsville-Brisbane","Townsville","Brisbane","Virgin Australia","May-24",143,143,0,89,109,54,34,2024,5
"Adelaide-Perth","Adelaide","Perth","Virgin Australia Regional Airlines","May-24",35,32,3,10,20,22,12,2024,5
"Broome-Perth","Broome","Perth","Virgin Australia Regional Airlines","May-24",9,9,0,2,7,7,2,2024,5
"Darwin-Perth","Darwin","Perth","Virgin Australia Regional Airlines","May-24",26,25,1,15,12,10,13,2024,5
"Kalgoorlie-Perth","Kalgoorlie","Perth","Virgin Australia Regional Airlines","May-24",29,27,2,21,21,6,6,2024,5
"Karratha-Perth","Karratha","Perth","Virgin Australia Regional Airlines","May-24",16,15,1,12,12,3,3,2024,5
"Newman-Perth","Newman","Perth","Virgin Australia Regional Airlines","May-24",15,15,0,13,13,2,2,2024,5
"Perth-Adelaide","Perth","Adelaide","Virgin Australia Regional Airlines","May-24",35,32,3,25,17,7,15,2024,5
"Perth-Broome","Perth","Broome","Virgin Australia Regional Airlines","May-24",9,9,0,7,8,2,1,2024,5
"Perth-Darwin","Perth","Darwin","Virgin Australia Regional Airlines","May-24",26,25,1,15,15,10,10,2024,5
"Perth-Kalgoorlie","Perth","Kalgoorlie","Virgin Australia Regional Airlines","May-24",29,27,2,23,20,4,7,2024,5
"Perth-Karratha","Perth","Karratha","Virgin Australia Regional Airlines","May-24",16,15,1,12,11,3,4,2024,5
"Perth-Newman","Perth","Newman","Virgin Australia Regional Airlines","May-24",15,15,0,13,13,2,2,2024,5
"Perth-Port Hedland","Perth","Port Hedland","Virgin Australia Regional Airlines","May-24",24,22,2,20,20,2,2,2024,5
"Port Hedland-Perth","Port Hedland","Perth","Virgin Australia Regional Airlines","May-24",24,22,2,11,14,11,8,2024,5
"Adelaide-Alice Springs","Adelaide","Alice Springs","All Airlines","May-24",62,62,0,51,49,11,13,2024,5
"Adelaide-Brisbane","Adelaide","Brisbane","All Airlines","May-24",354,346,8,300,299,46,47,2024,5
"Adelaide-Canberra","Adelaide","Canberra","All Airlines","May-24",103,103,0,93,90,10,13,2024,5
"Adelaide-Gold Coast","Adelaide","Gold Coast","All Airlines","May-24",58,58,0,45,44,13,14,2024,5
"Adelaide-Melbourne","Adelaide","Melbourne","All Airlines","May-24",707,697,10,585,577,112,120,2024,5
"Adelaide-Perth","Adelaide","Perth","All Airlines","May-24",197,193,4,132,160,61,33,2024,5
"Adelaide-Port Lincoln","Adelaide","Port Lincoln","All Airlines","May-24",296,290,6,265,267,25,23,2024,5
"Adelaide-Sydney","Adelaide","Sydney","All Airlines","May-24",596,586,10,501,463,85,123,2024,5
"Albury-Sydney","Albury","Sydney","All Airlines","May-24",197,195,2,156,134,39,61,2024,5
"Alice Springs-Adelaide","Alice Springs","Adelaide","All Airlines","May-24",62,62,0,47,49,15,13,2024,5
"Ballina-Sydney","Ballina","Sydney","All Airlines","May-24",160,157,3,133,132,24,25,2024,5
"Brisbane-Adelaide","Brisbane","Adelaide","All Airlines","May-24",354,348,6,290,309,58,39,2024,5
"Brisbane-Cairns","Brisbane","Cairns","All Airlines","May-24",453,451,2,358,318,93,133,2024,5
"Brisbane-Canberra","Brisbane","Canberra","All Airlines","May-24",298,295,3,231,241,64,54,2024,5
"Brisbane-Darwin","Brisbane","Darwin","All Airlines","May-24",101,101,0,75,53,26,48,2024,5
"Brisbane-Emerald","Brisbane","Emerald","All Airlines","May-24",161,156,5,136,140,20,16,2024,5
"Brisbane-Gladstone","Brisbane","Gladstone","All Airlines","May-24",175,170,5,127,109,43,61,2024,5
"Brisbane-Hamilton Island","Brisbane","Hamilton Island","All Airlines","May-24",58,57,1,45,41,12,16,2024,5
"Brisbane-Hobart","Brisbane","Hobart","All Airlines","May-24",78,77,1,58,60,19,17,2024,5
"Brisbane-Launceston","Brisbane","Launceston","All Airlines","May-24",31,31,0,27,26,4,5,2024,5
"Brisbane-Mackay","Brisbane","Mackay","All Airlines","May-24",291,291,0,213,216,78,75,2024,5
"Brisbane-Melbourne","Brisbane","Melbourne","All Airlines","May-24",1035,1009,26,772,808,237,201,2024,5
"Brisbane-Mount Isa","Brisbane","Mount Isa","All Airlines","May-24",64,64,0,54,55,10,9,2024,5
"Brisbane-Newcastle","Brisbane","Newcastle","All Airlines","May-24",222,218,4,178,167,40,51,2024,5
"Brisbane-Perth","Brisbane","Perth","All Airlines","May-24",293,293,0,218,269,75,24,2024,5
"Brisbane-Proserpine","Brisbane","Proserpine","All Airlines","May-24",70,70,0,50,48,20,22,2024,5
"Brisbane-Rockhampton","Brisbane","Rockhampton","All Airlines","May-24",370,367,3,291,271,76,96,2024,5
"Brisbane-Sydney","Brisbane","Sydney","All Airlines","May-24",1368,1335,33,1111,1077,224,258,2024,5
"Brisbane-Townsville","Brisbane","Townsville","All Airlines","May-24",350,349,1,267,238,82,111,2024,5
"Broome-Perth","Broome","Perth","All Airlines","May-24",145,144,1,103,103,41,41,2024,5
"Cairns-Brisbane","Cairns","Brisbane","All Airlines","May-24",453,452,1,311,360,141,92,2024,5
"Cairns-Melbourne","Cairns","Melbourne","All Airlines","May-24",155,155,0,107,130,48,25,2024,5
"Cairns-Sydney","Cairns","Sydney","All Airlines","May-24",195,195,0,143,153,52,42,2024,5
"Cairns-Townsville","Cairns","Townsville","All Airlines","May-24",160,155,5,138,138,17,17,2024,5
"Canberra-Adelaide","Canberra","Adelaide","All Airlines","May-24",103,103,0,88,92,15,11,2024,5
"Canberra-Brisbane","Canberra","Brisbane","All Airlines","May-24",298,294,4,233,216,61,78,2024,5
"Canberra-Gold Coast","Canberra","Gold Coast","All Airlines","May-24",50,49,1,39,35,10,14,2024,5
"Canberra-Melbourne","Canberra","Melbourne","All Airlines","May-24",432,410,22,292,293,118,117,2024,5
"Canberra-Sydney","Canberra","Sydney","All Airlines","May-24",695,660,35,541,505,119,155,2024,5
"Coffs Harbour-Sydney","Coffs Harbour","Sydney","All Airlines","May-24",209,208,1,162,158,46,50,2024,5
"Darwin-Brisbane","Darwin","Brisbane","All Airlines","May-24",98,98,0,42,67,56,31,2024,5
"Darwin-Melbourne","Darwin","Melbourne","All Airlines","May-24",84,83,1,53,68,30,15,2024,5
"Darwin-Perth","Darwin","Perth","All Airlines","May-24",57,56,1,28,25,28,31,2024,5
"Devonport-Melbourne","Devonport","Melbourne","All Airlines","May-24",153,153,0,126,124,27,29,2024,5
"Dubbo-Sydney","Dubbo","Sydney","All Airlines","May-24",248,243,5,193,179,50,64,2024,5
"Emerald-Brisbane","Emerald","Brisbane","All Airlines","May-24",161,156,5,139,143,17,13,2024,5
"Gladstone-Brisbane","Gladstone","Brisbane","All Airlines","May-24",174,168,6,119,122,49,46,2024,5
"Gold Coast-Adelaide","Gold Coast","Adelaide","All Airlines","May-24",58,58,0,43,42,15,16,2024,5
"Gold Coast-Canberra","Gold Coast","Canberra","All Airlines","May-24",50,50,0,37,39,13,11,2024,5
"Gold Coast-Melbourne","Gold Coast","Melbourne","All Airlines","May-24",441,438,3,310,343,128,95,2024,5
"Gold Coast-Sydney","Gold Coast","Sydney","All Airlines","May-24",657,653,4,524,515,129,138,2024,5
"Hamilton Island-Brisbane","Hamilton Island","Brisbane","All Airlines","May-24",58,57,1,37,38,20,19,2024,5
"Hamilton Island-Sydney","Hamilton Island","Sydney","All Airlines","May-24",62,62,0,26,30,36,32,2024,5
"Hobart-Brisbane","Hobart","Brisbane","All Airlines","May-24",79,78,1,57,57,21,21,2024,5
"Hobart-Melbourne","Hobart","Melbourne","All Airlines","May-24",386,382,4,291,301,91,81,2024,5
"Hobart-Sydney","Hobart","Sydney","All Airlines","May-24",216,215,1,173,162,42,53,2024,5
"Kalgoorlie-Perth","Kalgoorlie","Perth","All Airlines","May-24",195,185,10,138,140,47,45,2024,5
"Karratha-Perth","Karratha","Perth","All Airlines","May-24",235,230,5,164,167,66,63,2024,5
"Launceston-Brisbane","Launceston","Brisbane","All Airlines","May-24",30,30,0,22,19,8,11,2024,5
"Launceston-Melbourne","Launceston","Melbourne","All Airlines","May-24",260,256,4,189,203,67,53,2024,5
"Launceston-Sydney","Launceston","Sydney","All Airlines","May-24",85,84,1,67,62,17,22,2024,5
"Mackay-Brisbane","Mackay","Brisbane","All Airlines","May-24",295,293,2,220,233,73,60,2024,5
"Melbourne-Adelaide","Melbourne","Adelaide","All Airlines","May-24",708,702,6,596,598,106,104,2024,5
"Melbourne-Brisbane","Melbourne","Brisbane","All Airlines","May-24",1033,1012,21,820,775,192,237,2024,5
"Melbourne-Cairns","Melbourne","Cairns","All Airlines","May-24",155,155,0,134,121,21,34,2024,5
"Melbourne-Canberra","Melbourne","Canberra","All Airlines","May-24",432,412,20,325,321,87,91,2024,5
"Melbourne-Darwin","Melbourne","Darwin","All Airlines","May-24",86,86,0,72,69,14,17,2024,5
"Melbourne-Devonport","Melbourne","Devonport","All Airlines","May-24",154,154,0,131,129,23,25,2024,5
"Melbourne-Gold Coast","Melbourne","Gold Coast","All Airlines","May-24",439,437,2,343,342,94,95,2024,5
"Melbourne-Hobart","Melbourne","Hobart","All Airlines","May-24",384,381,3,291,280,90,101,2024,5
"Melbourne-Launceston","Melbourne","Launceston","All Airlines","May-24",262,258,4,196,196,62,62,2024,5
"Melbourne-Mildura","Melbourne","Mildura","All Airlines","May-24",205,205,0,158,157,47,48,2024,5
"Melbourne-Newcastle","Melbourne","Newcastle","All Airlines","May-24",152,148,4,117,105,31,43,2024,5
"Melbourne-Perth","Melbourne","Perth","All Airlines","May-24",472,467,5,362,410,105,57,2024,5
"Melbourne-Sunshine Coast","Melbourne","Sunshine Coast","All Airlines","May-24",161,161,0,128,126,33,35,2024,5
"Melbourne-Sydney","Melbourne","Sydney","All Airlines","May-24",2373,2218,155,1916,1736,302,482,2024,5
"Mildura-Melbourne","Mildura","Melbourne","All Airlines","May-24",205,205,0,136,137,69,68,2024,5
"Mount Isa-Brisbane","Mount Isa","Brisbane","All Airlines","May-24",64,64,0,50,57,14,7,2024,5
"Newcastle-Brisbane","Newcastle","Brisbane","All Airlines","May-24",223,219,4,180,168,39,51,2024,5
"Newcastle-Melbourne","Newcastle","Melbourne","All Airlines","May-24",152,148,4,116,119,32,29,2024,5
"Newman-Perth","Newman","Perth","All Airlines","May-24",180,177,3,145,123,32,54,2024,5
"Perth-Adelaide","Perth","Adelaide","All Airlines","May-24",197,193,4,169,133,24,60,2024,5
"Perth-Brisbane","Perth","Brisbane","All Airlines","May-24",294,293,1,249,208,44,85,2024,5
"Perth-Broome","Perth","Broome","All Airlines","May-24",144,144,0,107,111,37,33,2024,5
"Perth-Darwin","Perth","Darwin","All Airlines","May-24",58,57,1,39,36,18,21,2024,5
"Perth-Kalgoorlie","Perth","Kalgoorlie","All Airlines","May-24",194,187,7,161,150,26,37,2024,5
"Perth-Karratha","Perth","Karratha","All Airlines","May-24",236,234,2,188,180,46,54,2024,5
"Perth-Melbourne","Perth","Melbourne","All Airlines","May-24",490,483,7,419,369,64,114,2024,5
"Perth-Newman","Perth","Newman","All Airlines","May-24",180,178,2,158,156,20,22,2024,5
"Perth-Port Hedland","Perth","Port Hedland","All Airlines","May-24",208,205,3,174,167,31,38,2024,5
"Perth-Sydney","Perth","Sydney","All Airlines","May-24",394,390,4,292,244,98,146,2024,5
"Port Hedland-Perth","Port Hedland","Perth","All Airlines","May-24",208,204,4,119,103,85,101,2024,5
"Port Lincoln-Adelaide","Port Lincoln","Adelaide","All Airlines","May-24",296,289,7,264,260,25,29,2024,5
"Port Macquarie-Sydney","Port Macquarie","Sydney","All Airlines","May-24",170,170,0,139,130,31,40,2024,5
"Proserpine-Brisbane","Proserpine","Brisbane","All Airlines","May-24",70,70,0,39,48,31,22,2024,5
"Rockhampton-Brisbane","Rockhampton","Brisbane","All Airlines","May-24",370,366,4,288,287,78,79,2024,5
"Sunshine Coast-Melbourne","Sunshine Coast","Melbourne","All Airlines","May-24",161,161,0,113,127,48,34,2024,5
"Sunshine Coast-Sydney","Sunshine Coast","Sydney","All Airlines","May-24",196,195,1,147,127,48,68,2024,5
"Sydney-Adelaide","Sydney","Adelaide","All Airlines","May-24",596,587,9,463,497,124,90,2024,5
"Sydney-Albury","Sydney","Albury","All Airlines","May-24",197,196,1,160,167,36,29,2024,5
"Sydney-Ballina","Sydney","Ballina","All Airlines","May-24",159,157,2,142,142,15,15,2024,5
"Sydney-Brisbane","Sydney","Brisbane","All Airlines","May-24",1362,1326,36,1084,1045,242,281,2024,5
"Sydney-Cairns","Sydney","Cairns","All Airlines","May-24",195,195,0,158,149,37,46,2024,5
"Sydney-Canberra","Sydney","Canberra","All Airlines","May-24",695,663,32,547,562,116,101,2024,5
"Sydney-Coffs Harbour","Sydney","Coffs Harbour","All Airlines","May-24",208,208,0,160,168,48,40,2024,5
"Sydney-Dubbo","Sydney","Dubbo","All Airlines","May-24",251,246,5,183,191,63,55,2024,5
"Sydney-Gold Coast","Sydney","Gold Coast","All Airlines","May-24",657,655,2,516,512,139,143,2024,5
"Sydney-Hamilton Island","Sydney","Hamilton Island","All Airlines","May-24",61,61,0,49,36,12,25,2024,5
"Sydney-Hobart","Sydney","Hobart","All Airlines","May-24",215,213,2,165,169,48,44,2024,5
"Sydney-Launceston","Sydney","Launceston","All Airlines","May-24",85,84,1,68,70,16,14,2024,5
"Sydney-Melbourne","Sydney","Melbourne","All Airlines","May-24",2367,2217,150,1733,1778,484,439,2024,5
"Sydney-Perth","Sydney","Perth","All Airlines","May-24",404,402,2,278,354,124,48,2024,5
"Sydney-Port Macquarie","Sydney","Port Macquarie","All Airlines","May-24",171,171,0,136,137,35,34,2024,5
"Sydney-Sunshine Coast","Sydney","Sunshine Coast","All Airlines","May-24",196,196,0,147,148,49,48,2024,5
"Sydney-Wagga Wagga","Sydney","Wagga Wagga","All Airlines","May-24",210,209,1,167,176,42,33,2024,5
"Townsville-Brisbane","Townsville","Brisbane","All Airlines","May-24",350,350,0,236,259,114,91,2024,5
"Townsville-Cairns","Townsville","Cairns","All Airlines","May-24",162,154,8,147,146,7,8,2024,5
"Wagga Wagga-Sydney","Wagga Wagga","Sydney","All Airlines","May-24",210,208,2,175,168,33,40,2024,5
"Adelaide-Brisbane","Adelaide","Brisbane","Jetstar","Jun-24",36,36,0,29,28,7,8,2024,6
"Adelaide-Gold Coast","Adelaide","Gold Coast","Jetstar","Jun-24",27,27,0,26,25,1,2,2024,6
"Adelaide-Melbourne","Adelaide","Melbourne","Jetstar","Jun-24",111,109,2,76,78,33,31,2024,6
"Adelaide-Perth","Adelaide","Perth","Jetstar","Jun-24",30,28,2,24,21,4,7,2024,6
"Adelaide-Sydney","Adelaide","Sydney","Jetstar","Jun-24",140,129,11,93,96,36,33,2024,6
"Ballina-Sydney","Ballina","Sydney","Jetstar","Jun-24",57,57,0,44,45,13,12,2024,6
"Brisbane-Adelaide","Brisbane","Adelaide","Jetstar","Jun-24",35,35,0,19,23,16,12,2024,6
"Brisbane-Cairns","Brisbane","Cairns","Jetstar","Jun-24",95,95,0,76,78,19,17,2024,6
"Brisbane-Canberra","Brisbane","Canberra","Jetstar","Jun-24",29,29,0,26,27,3,2,2024,6
"Brisbane-Darwin","Brisbane","Darwin","Jetstar","Jun-24",24,24,0,23,21,1,3,2024,6
"Brisbane-Hobart","Brisbane","Hobart","Jetstar","Jun-24",25,25,0,21,19,4,6,2024,6
"Brisbane-Launceston","Brisbane","Launceston","Jetstar","Jun-24",23,23,0,18,20,5,3,2024,6
"Brisbane-Mackay","Brisbane","Mackay","Jetstar","Jun-24",31,30,1,17,12,13,18,2024,6
"Brisbane-Melbourne","Brisbane","Melbourne","Jetstar","Jun-24",170,166,4,99,103,67,63,2024,6
"Brisbane-Newcastle","Brisbane","Newcastle","Jetstar","Jun-24",49,49,0,39,37,10,12,2024,6
"Brisbane-Perth","Brisbane","Perth","Jetstar","Jun-24",23,23,0,8,13,15,10,2024,6
"Brisbane-Proserpine","Brisbane","Proserpine","Jetstar","Jun-24",23,23,0,18,15,5,8,2024,6
"Brisbane-Sydney","Brisbane","Sydney","Jetstar","Jun-24",173,166,7,138,142,28,24,2024,6
"Brisbane-Townsville","Brisbane","Townsville","Jetstar","Jun-24",55,55,0,43,38,12,17,2024,6
"Cairns-Brisbane","Cairns","Brisbane","Jetstar","Jun-24",95,95,0,77,80,18,15,2024,6
"Cairns-Melbourne","Cairns","Melbourne","Jetstar","Jun-24",71,70,1,48,52,22,18,2024,6
"Cairns-Sydney","Cairns","Sydney","Jetstar","Jun-24",92,91,1,60,65,31,26,2024,6
"Canberra-Brisbane","Canberra","Brisbane","Jetstar","Jun-24",30,30,0,27,25,3,5,2024,6
"Canberra-Gold Coast","Canberra","Gold Coast","Jetstar","Jun-24",23,23,0,16,15,7,8,2024,6
"Canberra-Melbourne","Canberra","Melbourne","Jetstar","Jun-24",22,22,0,13,15,9,7,2024,6
"Darwin-Brisbane","Darwin","Brisbane","Jetstar","Jun-24",24,24,0,19,21,5,3,2024,6
"Darwin-Melbourne","Darwin","Melbourne","Jetstar","Jun-24",26,24,2,20,22,4,2,2024,6
"Gold Coast-Adelaide","Gold Coast","Adelaide","Jetstar","Jun-24",27,27,0,24,23,3,4,2024,6
"Gold Coast-Canberra","Gold Coast","Canberra","Jetstar","Jun-24",23,23,0,15,16,8,7,2024,6
"Gold Coast-Melbourne","Gold Coast","Melbourne","Jetstar","Jun-24",179,178,1,134,132,44,46,2024,6
"Gold Coast-Sydney","Gold Coast","Sydney","Jetstar","Jun-24",233,229,4,192,196,37,33,2024,6
"Hamilton Island-Sydney","Hamilton Island","Sydney","Jetstar","Jun-24",15,15,0,9,8,6,7,2024,6
"Hobart-Brisbane","Hobart","Brisbane","Jetstar","Jun-24",24,24,0,17,19,7,5,2024,6
"Hobart-Melbourne","Hobart","Melbourne","Jetstar","Jun-24",118,118,0,74,80,44,38,2024,6
"Hobart-Sydney","Hobart","Sydney","Jetstar","Jun-24",64,62,2,51,52,11,10,2024,6
"Launceston-Brisbane","Launceston","Brisbane","Jetstar","Jun-24",24,23,1,14,12,9,11,2024,6
"Launceston-Melbourne","Launceston","Melbourne","Jetstar","Jun-24",66,63,3,30,35,33,28,2024,6
"Launceston-Sydney","Launceston","Sydney","Jetstar","Jun-24",30,29,1,16,18,13,11,2024,6
"Mackay-Brisbane","Mackay","Brisbane","Jetstar","Jun-24",31,30,1,12,16,18,14,2024,6
"Melbourne-Adelaide","Melbourne","Adelaide","Jetstar","Jun-24",111,109,2,76,80,33,29,2024,6
"Melbourne-Brisbane","Melbourne","Brisbane","Jetstar","Jun-24",170,167,3,104,95,63,72,2024,6
"Melbourne-Cairns","Melbourne","Cairns","Jetstar","Jun-24",71,71,0,49,46,22,25,2024,6
"Melbourne-Canberra","Melbourne","Canberra","Jetstar","Jun-24",22,22,0,14,16,8,6,2024,6
"Melbourne-Darwin","Melbourne","Darwin","Jetstar","Jun-24",25,24,1,22,19,2,5,2024,6
"Melbourne-Gold Coast","Melbourne","Gold Coast","Jetstar","Jun-24",179,178,1,120,126,58,52,2024,6
"Melbourne-Hobart","Melbourne","Hobart","Jetstar","Jun-24",118,118,0,78,79,40,39,2024,6
"Melbourne-Launceston","Melbourne","Launceston","Jetstar","Jun-24",65,63,2,32,32,31,31,2024,6
"Melbourne-Newcastle","Melbourne","Newcastle","Jetstar","Jun-24",52,52,0,42,41,10,11,2024,6
"Melbourne-Perth","Melbourne","Perth","Jetstar","Jun-24",65,63,2,45,45,18,18,2024,6
"Melbourne-Sunshine Coast","Melbourne","Sunshine Coast","Jetstar","Jun-24",71,70,1,63,58,7,12,2024,6
"Melbourne-Sydney","Melbourne","Sydney","Jetstar","Jun-24",433,411,22,291,316,120,95,2024,6
"Newcastle-Brisbane","Newcastle","Brisbane","Jetstar","Jun-24",50,50,0,34,34,16,16,2024,6
"Newcastle-Melbourne","Newcastle","Melbourne","Jetstar","Jun-24",54,53,1,38,39,15,14,2024,6
"Perth-Adelaide","Perth","Adelaide","Jetstar","Jun-24",30,28,2,21,23,7,5,2024,6
"Perth-Brisbane","Perth","Brisbane","Jetstar","Jun-24",24,24,0,8,14,16,10,2024,6
"Perth-Melbourne","Perth","Melbourne","Jetstar","Jun-24",66,62,4,39,49,23,13,2024,6
"Perth-Sydney","Perth","Sydney","Jetstar","Jun-24",54,51,3,15,24,36,27,2024,6
"Proserpine-Brisbane","Proserpine","Brisbane","Jetstar","Jun-24",23,23,0,13,14,10,9,2024,6
"Sunshine Coast-Melbourne","Sunshine Coast","Melbourne","Jetstar","Jun-24",72,71,1,48,53,23,18,2024,6
"Sunshine Coast-Sydney","Sunshine Coast","Sydney","Jetstar","Jun-24",62,60,2,44,41,16,19,2024,6
"Sydney-Adelaide","Sydney","Adelaide","Jetstar","Jun-24",139,130,9,95,93,35,37,2024,6
"Sydney-Ballina","Sydney","Ballina","Jetstar","Jun-24",57,57,0,50,50,7,7,2024,6
"Sydney-Brisbane","Sydney","Brisbane","Jetstar","Jun-24",172,165,7,127,131,38,34,2024,6
"Sydney-Cairns","Sydney","Cairns","Jetstar","Jun-24",92,91,1,66,59,25,32,2024,6
"Sydney-Gold Coast","Sydney","Gold Coast","Jetstar","Jun-24",233,229,4,189,188,40,41,2024,6
"Sydney-Hamilton Island","Sydney","Hamilton Island","Jetstar","Jun-24",15,15,0,13,11,2,4,2024,6
"Sydney-Hobart","Sydney","Hobart","Jetstar","Jun-24",63,63,0,53,50,10,13,2024,6
"Sydney-Launceston","Sydney","Launceston","Jetstar","Jun-24",29,29,0,22,21,7,8,2024,6
"Sydney-Melbourne","Sydney","Melbourne","Jetstar","Jun-24",431,410,21,305,306,105,104,2024,6
"Sydney-Perth","Sydney","Perth","Jetstar","Jun-24",52,51,1,32,30,19,21,2024,6
"Sydney-Sunshine Coast","Sydney","Sunshine Coast","Jetstar","Jun-24",62,61,1,50,51,11,10,2024,6
"Townsville-Brisbane","Townsville","Brisbane","Jetstar","Jun-24",55,55,0,34,36,21,19,2024,6
"Adelaide-Melbourne","Adelaide","Melbourne","Qantas","Jun-24",252,249,3,200,208,49,41,2024,6
"Adelaide-Perth","Adelaide","Perth","Qantas","Jun-24",89,88,1,77,79,11,9,2024,6
"Adelaide-Sydney","Adelaide","Sydney","Qantas","Jun-24",232,229,3,191,200,38,29,2024,6
"Brisbane-Cairns","Brisbane","Cairns","Qantas","Jun-24",73,73,0,60,56,13,17,2024,6
"Brisbane-Darwin","Brisbane","Darwin","Qantas","Jun-24",21,21,0,15,14,6,7,2024,6
"Brisbane-Mackay","Brisbane","Mackay","Qantas","Jun-24",102,102,0,84,81,18,21,2024,6
"Brisbane-Melbourne","Brisbane","Melbourne","Qantas","Jun-24",366,356,10,282,281,74,75,2024,6
"Brisbane-Mount Isa","Brisbane","Mount Isa","Qantas","Jun-24",45,45,0,37,37,8,8,2024,6
"Brisbane-Perth","Brisbane","Perth","Qantas","Jun-24",148,146,2,127,101,19,45,2024,6
"Brisbane-Sydney","Brisbane","Sydney","Qantas","Jun-24",516,503,13,430,418,73,85,2024,6
"Brisbane-Townsville","Brisbane","Townsville","Qantas","Jun-24",25,25,0,22,21,3,4,2024,6
"Cairns-Brisbane","Cairns","Brisbane","Qantas","Jun-24",72,72,0,55,59,17,13,2024,6
"Cairns-Melbourne","Cairns","Melbourne","Qantas","Jun-24",30,30,0,14,20,16,10,2024,6
"Cairns-Sydney","Cairns","Sydney","Qantas","Jun-24",43,43,0,24,26,19,17,2024,6
"Canberra-Sydney","Canberra","Sydney","Qantas","Jun-24",45,43,2,39,36,4,7,2024,6
"Darwin-Brisbane","Darwin","Brisbane","Qantas","Jun-24",20,20,0,12,15,8,5,2024,6
"Darwin-Melbourne","Darwin","Melbourne","Qantas","Jun-24",30,30,0,17,22,13,8,2024,6
"Gold Coast-Melbourne","Gold Coast","Melbourne","Qantas","Jun-24",34,34,0,20,26,14,8,2024,6
"Gold Coast-Sydney","Gold Coast","Sydney","Qantas","Jun-24",90,90,0,73,73,17,17,2024,6
"Hamilton Island-Sydney","Hamilton Island","Sydney","Qantas","Jun-24",30,30,0,16,19,14,11,2024,6
"Hobart-Sydney","Hobart","Sydney","Qantas","Jun-24",72,71,1,62,62,9,9,2024,6
"Kalgoorlie-Perth","Kalgoorlie","Perth","Qantas","Jun-24",17,16,1,12,12,4,4,2024,6
"Karratha-Perth","Karratha","Perth","Qantas","Jun-24",4,4,0,4,4,0,0,2024,6
"Mackay-Brisbane","Mackay","Brisbane","Qantas","Jun-24",103,103,0,78,83,25,20,2024,6
"Melbourne-Adelaide","Melbourne","Adelaide","Qantas","Jun-24",252,248,4,198,197,50,51,2024,6
"Melbourne-Brisbane","Melbourne","Brisbane","Qantas","Jun-24",366,357,9,283,286,74,71,2024,6
"Melbourne-Cairns","Melbourne","Cairns","Qantas","Jun-24",30,30,0,19,15,11,15,2024,6
"Melbourne-Darwin","Melbourne","Darwin","Qantas","Jun-24",30,30,0,20,22,10,8,2024,6
"Melbourne-Gold Coast","Melbourne","Gold Coast","Qantas","Jun-24",34,34,0,28,31,6,3,2024,6
"Melbourne-Perth","Melbourne","Perth","Qantas","Jun-24",196,190,6,149,128,41,62,2024,6
"Melbourne-Sunshine Coast","Melbourne","Sunshine Coast","Qantas","Jun-24",31,31,0,28,23,3,8,2024,6
"Melbourne-Sydney","Melbourne","Sydney","Qantas","Jun-24",897,824,73,689,655,135,169,2024,6
"Mount Isa-Brisbane","Mount Isa","Brisbane","Qantas","Jun-24",45,44,1,32,34,12,10,2024,6
"Newman-Perth","Newman","Perth","Qantas","Jun-24",16,16,0,15,15,1,1,2024,6
"Perth-Adelaide","Perth","Adelaide","Qantas","Jun-24",89,88,1,74,74,14,14,2024,6
"Perth-Brisbane","Perth","Brisbane","Qantas","Jun-24",148,146,2,114,126,32,20,2024,6
"Perth-Kalgoorlie","Perth","Kalgoorlie","Qantas","Jun-24",17,16,1,14,14,2,2,2024,6
"Perth-Karratha","Perth","Karratha","Qantas","Jun-24",4,4,0,4,4,0,0,2024,6
"Perth-Melbourne","Perth","Melbourne","Qantas","Jun-24",196,190,6,150,161,40,29,2024,6
"Perth-Newman","Perth","Newman","Qantas","Jun-24",16,16,0,15,15,1,1,2024,6
"Perth-Sydney","Perth","Sydney","Qantas","Jun-24",195,190,5,128,142,62,48,2024,6
"Sunshine Coast-Melbourne","Sunshine Coast","Melbourne","Qantas","Jun-24",31,31,0,18,20,13,11,2024,6
"Sunshine Coast-Sydney","Sunshine Coast","Sydney","Qantas","Jun-24",55,55,0,44,46,11,9,2024,6
"Sydney-Adelaide","Sydney","Adelaide","Qantas","Jun-24",232,230,2,194,188,36,42,2024,6
"Sydney-Brisbane","Sydney","Brisbane","Qantas","Jun-24",520,506,14,411,384,95,122,2024,6
"Sydney-Cairns","Sydney","Cairns","Qantas","Jun-24",43,43,0,31,26,12,17,2024,6
"Sydney-Canberra","Sydney","Canberra","Qantas","Jun-24",45,43,2,40,38,3,5,2024,6
"Sydney-Gold Coast","Sydney","Gold Coast","Qantas","Jun-24",89,89,0,63,69,26,20,2024,6
"Sydney-Hamilton Island","Sydney","Hamilton Island","Qantas","Jun-24",29,29,0,25,18,4,11,2024,6
"Sydney-Hobart","Sydney","Hobart","Qantas","Jun-24",72,72,0,53,56,19,16,2024,6
"Sydney-Melbourne","Sydney","Melbourne","Qantas","Jun-24",898,826,72,685,676,141,150,2024,6
"Sydney-Perth","Sydney","Perth","Qantas","Jun-24",195,190,5,138,136,52,54,2024,6
"Sydney-Sunshine Coast","Sydney","Sunshine Coast","Qantas","Jun-24",54,54,0,40,42,14,12,2024,6
"Townsville-Brisbane","Townsville","Brisbane","Qantas","Jun-24",24,24,0,19,20,5,4,2024,6
"Adelaide-Alice Springs","Adelaide","Alice Springs","QantasLink","Jun-24",44,44,0,39,38,5,6,2024,6
"Adelaide-Brisbane","Adelaide","Brisbane","QantasLink","Jun-24",149,148,1,119,122,29,26,2024,6
"Adelaide-Canberra","Adelaide","Canberra","QantasLink","Jun-24",80,78,2,69,69,9,9,2024,6
"Adelaide-Melbourne","Adelaide","Melbourne","QantasLink","Jun-24",13,13,0,11,13,2,0,2024,6
"Adelaide-Port Lincoln","Adelaide","Port Lincoln","QantasLink","Jun-24",135,133,2,122,124,11,9,2024,6
"Albury-Sydney","Albury","Sydney","QantasLink","Jun-24",105,104,1,80,73,24,31,2024,6
"Alice Springs-Adelaide","Alice Springs","Adelaide","QantasLink","Jun-24",44,44,0,38,36,6,8,2024,6
"Ballina-Sydney","Ballina","Sydney","QantasLink","Jun-24",54,53,1,45,44,8,9,2024,6
"Brisbane-Adelaide","Brisbane","Adelaide","QantasLink","Jun-24",149,147,2,115,111,32,36,2024,6
"Brisbane-Cairns","Brisbane","Cairns","QantasLink","Jun-24",97,96,1,53,43,43,53,2024,6
"Brisbane-Canberra","Brisbane","Canberra","QantasLink","Jun-24",147,145,2,111,112,34,33,2024,6
"Brisbane-Darwin","Brisbane","Darwin","QantasLink","Jun-24",27,27,0,18,10,9,17,2024,6
"Brisbane-Emerald","Brisbane","Emerald","QantasLink","Jun-24",125,120,5,106,103,14,17,2024,6
"Brisbane-Gladstone","Brisbane","Gladstone","QantasLink","Jun-24",130,126,4,99,89,27,37,2024,6
"Brisbane-Hamilton Island","Brisbane","Hamilton Island","QantasLink","Jun-24",25,24,1,20,16,4,8,2024,6
"Brisbane-Hobart","Brisbane","Hobart","QantasLink","Jun-24",18,18,0,12,15,6,3,2024,6
"Brisbane-Mackay","Brisbane","Mackay","QantasLink","Jun-24",8,8,0,8,8,0,0,2024,6
"Brisbane-Melbourne","Brisbane","Melbourne","QantasLink","Jun-24",33,30,3,14,11,16,19,2024,6
"Brisbane-Mount Isa","Brisbane","Mount Isa","QantasLink","Jun-24",5,5,0,5,5,0,0,2024,6
"Brisbane-Newcastle","Brisbane","Newcastle","QantasLink","Jun-24",80,80,0,62,61,18,19,2024,6
"Brisbane-Proserpine","Brisbane","Proserpine","QantasLink","Jun-24",18,18,0,13,14,5,4,2024,6
"Brisbane-Rockhampton","Brisbane","Rockhampton","QantasLink","Jun-24",180,174,6,135,141,39,33,2024,6
"Brisbane-Townsville","Brisbane","Townsville","QantasLink","Jun-24",134,133,1,96,88,37,45,2024,6
"Broome-Perth","Broome","Perth","QantasLink","Jun-24",85,81,4,60,55,21,26,2024,6
"Cairns-Brisbane","Cairns","Brisbane","QantasLink","Jun-24",97,96,1,46,48,50,48,2024,6
"Cairns-Townsville","Cairns","Townsville","QantasLink","Jun-24",139,129,10,120,122,9,7,2024,6
"Canberra-Adelaide","Canberra","Adelaide","QantasLink","Jun-24",80,78,2,67,66,11,12,2024,6
"Canberra-Brisbane","Canberra","Brisbane","QantasLink","Jun-24",148,145,3,107,105,38,40,2024,6
"Canberra-Melbourne","Canberra","Melbourne","QantasLink","Jun-24",223,206,17,143,147,63,59,2024,6
"Canberra-Sydney","Canberra","Sydney","QantasLink","Jun-24",356,328,28,256,260,72,68,2024,6
"Coffs Harbour-Sydney","Coffs Harbour","Sydney","QantasLink","Jun-24",110,108,2,76,84,32,24,2024,6
"Darwin-Brisbane","Darwin","Brisbane","QantasLink","Jun-24",28,28,0,8,8,20,20,2024,6
"Darwin-Perth","Darwin","Perth","QantasLink","Jun-24",48,43,5,25,22,18,21,2024,6
"Devonport-Melbourne","Devonport","Melbourne","QantasLink","Jun-24",114,112,2,96,92,16,20,2024,6
"Dubbo-Sydney","Dubbo","Sydney","QantasLink","Jun-24",110,104,6,82,79,22,25,2024,6
"Emerald-Brisbane","Emerald","Brisbane","QantasLink","Jun-24",125,119,6,97,102,22,17,2024,6
"Gladstone-Brisbane","Gladstone","Brisbane","QantasLink","Jun-24",130,127,3,100,96,27,31,2024,6
"Hamilton Island-Brisbane","Hamilton Island","Brisbane","QantasLink","Jun-24",25,23,2,17,15,6,8,2024,6
"Hobart-Brisbane","Hobart","Brisbane","QantasLink","Jun-24",18,18,0,14,14,4,4,2024,6
"Hobart-Melbourne","Hobart","Melbourne","QantasLink","Jun-24",115,107,8,75,79,32,28,2024,6
"Hobart-Sydney","Hobart","Sydney","QantasLink","Jun-24",8,7,1,5,6,2,1,2024,6
"Kalgoorlie-Perth","Kalgoorlie","Perth","QantasLink","Jun-24",66,56,10,41,36,15,20,2024,6
"Karratha-Perth","Karratha","Perth","QantasLink","Jun-24",138,137,1,89,84,48,53,2024,6
"Launceston-Melbourne","Launceston","Melbourne","QantasLink","Jun-24",94,81,13,68,69,13,12,2024,6
"Launceston-Sydney","Launceston","Sydney","QantasLink","Jun-24",30,28,2,23,23,5,5,2024,6
"Mackay-Brisbane","Mackay","Brisbane","QantasLink","Jun-24",12,11,1,10,10,1,1,2024,6
"Melbourne-Adelaide","Melbourne","Adelaide","QantasLink","Jun-24",13,12,1,12,12,0,0,2024,6
"Melbourne-Brisbane","Melbourne","Brisbane","QantasLink","Jun-24",33,30,3,20,18,10,12,2024,6
"Melbourne-Canberra","Melbourne","Canberra","QantasLink","Jun-24",222,204,18,134,137,70,67,2024,6
"Melbourne-Devonport","Melbourne","Devonport","QantasLink","Jun-24",114,113,1,95,96,18,17,2024,6
"Melbourne-Hobart","Melbourne","Hobart","QantasLink","Jun-24",115,107,8,70,66,37,41,2024,6
"Melbourne-Launceston","Melbourne","Launceston","QantasLink","Jun-24",94,82,12,70,67,12,15,2024,6
"Melbourne-Mildura","Melbourne","Mildura","QantasLink","Jun-24",104,104,0,86,81,18,23,2024,6
"Melbourne-Newcastle","Melbourne","Newcastle","QantasLink","Jun-24",50,48,2,34,31,14,17,2024,6
"Mildura-Melbourne","Mildura","Melbourne","QantasLink","Jun-24",104,104,0,75,81,29,23,2024,6
"Mount Isa-Brisbane","Mount Isa","Brisbane","QantasLink","Jun-24",5,5,0,3,3,2,2,2024,6
"Newcastle-Brisbane","Newcastle","Brisbane","QantasLink","Jun-24",80,78,2,68,63,10,15,2024,6
"Newcastle-Melbourne","Newcastle","Melbourne","QantasLink","Jun-24",50,49,1,42,39,7,10,2024,6
"Newman-Perth","Newman","Perth","QantasLink","Jun-24",94,91,3,72,54,19,37,2024,6
"Perth-Broome","Perth","Broome","QantasLink","Jun-24",85,83,2,56,66,27,17,2024,6
"Perth-Darwin","Perth","Darwin","QantasLink","Jun-24",48,44,4,32,29,12,15,2024,6
"Perth-Kalgoorlie","Perth","Kalgoorlie","QantasLink","Jun-24",66,56,10,42,40,14,16,2024,6
"Perth-Karratha","Perth","Karratha","QantasLink","Jun-24",139,138,1,96,101,42,37,2024,6
"Perth-Newman","Perth","Newman","QantasLink","Jun-24",94,92,2,77,76,15,16,2024,6
"Perth-Port Hedland","Perth","Port Hedland","QantasLink","Jun-24",137,134,3,115,110,19,24,2024,6
"Port Hedland-Perth","Port Hedland","Perth","QantasLink","Jun-24",134,131,3,97,87,34,44,2024,6
"Port Lincoln-Adelaide","Port Lincoln","Adelaide","QantasLink","Jun-24",135,133,2,123,123,10,10,2024,6
"Port Macquarie-Sydney","Port Macquarie","Sydney","QantasLink","Jun-24",109,106,3,89,87,17,19,2024,6
"Proserpine-Brisbane","Proserpine","Brisbane","QantasLink","Jun-24",18,18,0,14,17,4,1,2024,6
"Rockhampton-Brisbane","Rockhampton","Brisbane","QantasLink","Jun-24",180,173,7,143,142,30,31,2024,6
"Sydney-Albury","Sydney","Albury","QantasLink","Jun-24",105,104,1,89,87,15,17,2024,6
"Sydney-Ballina","Sydney","Ballina","QantasLink","Jun-24",54,54,0,50,49,4,5,2024,6
"Sydney-Canberra","Sydney","Canberra","QantasLink","Jun-24",356,335,21,278,276,57,59,2024,6
"Sydney-Coffs Harbour","Sydney","Coffs Harbour","QantasLink","Jun-24",110,109,1,75,83,34,26,2024,6
"Sydney-Dubbo","Sydney","Dubbo","QantasLink","Jun-24",110,104,6,86,90,18,14,2024,6
"Sydney-Hobart","Sydney","Hobart","QantasLink","Jun-24",8,7,1,5,4,2,3,2024,6
"Sydney-Launceston","Sydney","Launceston","QantasLink","Jun-24",30,28,2,20,19,8,9,2024,6
"Sydney-Port Macquarie","Sydney","Port Macquarie","QantasLink","Jun-24",109,106,3,86,89,20,17,2024,6
"Sydney-Wagga Wagga","Sydney","Wagga Wagga","QantasLink","Jun-24",110,107,3,91,99,16,8,2024,6
"Townsville-Brisbane","Townsville","Brisbane","QantasLink","Jun-24",133,131,2,88,89,43,42,2024,6
"Townsville-Cairns","Townsville","Cairns","QantasLink","Jun-24",139,127,12,106,107,21,20,2024,6
"Wagga Wagga-Sydney","Wagga Wagga","Sydney","QantasLink","Jun-24",110,107,3,93,96,14,11,2024,6
"Adelaide-Brisbane","Adelaide","Brisbane","Rex Airlines","Jun-24",30,30,0,27,29,3,1,2024,6
"Adelaide-Melbourne","Adelaide","Melbourne","Rex Airlines","Jun-24",60,60,0,55,55,5,5,2024,6
"Adelaide-Port Lincoln","Adelaide","Port Lincoln","Rex Airlines","Jun-24",134,132,2,115,113,17,19,2024,6
"Adelaide-Sydney","Adelaide","Sydney","Rex Airlines","Jun-24",30,30,0,21,23,9,7,2024,6
"Albury-Sydney","Albury","Sydney","Rex Airlines","Jun-24",79,79,0,65,62,14,17,2024,6
"Brisbane-Adelaide","Brisbane","Adelaide","Rex Airlines","Jun-24",30,30,0,29,29,1,1,2024,6
"Brisbane-Cairns","Brisbane","Cairns","Rex Airlines","Jun-24",8,8,0,7,6,1,2,2024,6
"Brisbane-Melbourne","Brisbane","Melbourne","Rex Airlines","Jun-24",55,55,0,43,44,12,11,2024,6
"Brisbane-Sydney","Brisbane","Sydney","Rex Airlines","Jun-24",149,149,0,125,120,24,29,2024,6
"Cairns-Brisbane","Cairns","Brisbane","Rex Airlines","Jun-24",8,8,0,8,7,0,1,2024,6
"Cairns-Townsville","Cairns","Townsville","Rex Airlines","Jun-24",13,13,0,11,11,2,2,2024,6
"Canberra-Melbourne","Canberra","Melbourne","Rex Airlines","Jun-24",30,30,0,24,23,6,7,2024,6
"Coffs Harbour-Sydney","Coffs Harbour","Sydney","Rex Airlines","Jun-24",90,90,0,76,74,14,16,2024,6
"Devonport-Melbourne","Devonport","Melbourne","Rex Airlines","Jun-24",36,36,0,23,22,13,14,2024,6
"Dubbo-Sydney","Dubbo","Sydney","Rex Airlines","Jun-24",123,118,5,73,70,45,48,2024,6
"Gold Coast-Melbourne","Gold Coast","Melbourne","Rex Airlines","Jun-24",30,30,0,22,20,8,10,2024,6
"Gold Coast-Sydney","Gold Coast","Sydney","Rex Airlines","Jun-24",25,24,1,17,18,7,6,2024,6
"Hobart-Melbourne","Hobart","Melbourne","Rex Airlines","Jun-24",30,30,0,26,25,4,5,2024,6
"Melbourne-Adelaide","Melbourne","Adelaide","Rex Airlines","Jun-24",60,60,0,51,49,9,11,2024,6
"Melbourne-Brisbane","Melbourne","Brisbane","Rex Airlines","Jun-24",55,55,0,49,47,6,8,2024,6
"Melbourne-Canberra","Melbourne","Canberra","Rex Airlines","Jun-24",30,30,0,25,23,5,7,2024,6
"Melbourne-Devonport","Melbourne","Devonport","Rex Airlines","Jun-24",37,37,0,27,27,10,10,2024,6
"Melbourne-Gold Coast","Melbourne","Gold Coast","Rex Airlines","Jun-24",30,30,0,26,24,4,6,2024,6
"Melbourne-Hobart","Melbourne","Hobart","Rex Airlines","Jun-24",30,30,0,25,25,5,5,2024,6
"Melbourne-Mildura","Melbourne","Mildura","Rex Airlines","Jun-24",90,90,0,74,72,16,18,2024,6
"Melbourne-Sydney","Melbourne","Sydney","Rex Airlines","Jun-24",196,192,4,170,167,22,25,2024,6
"Mildura-Melbourne","Mildura","Melbourne","Rex Airlines","Jun-24",90,90,0,63,57,27,33,2024,6
"Port Lincoln-Adelaide","Port Lincoln","Adelaide","Rex Airlines","Jun-24",134,132,2,116,114,16,18,2024,6
"Port Macquarie-Sydney","Port Macquarie","Sydney","Rex Airlines","Jun-24",50,50,0,35,32,15,18,2024,6
"Sydney-Adelaide","Sydney","Adelaide","Rex Airlines","Jun-24",30,30,0,21,18,9,12,2024,6
"Sydney-Albury","Sydney","Albury","Rex Airlines","Jun-24",80,80,0,62,61,18,19,2024,6
"Sydney-Brisbane","Sydney","Brisbane","Rex Airlines","Jun-24",150,149,1,129,121,20,28,2024,6
"Sydney-Coffs Harbour","Sydney","Coffs Harbour","Rex Airlines","Jun-24",91,91,0,75,81,16,10,2024,6
"Sydney-Dubbo","Sydney","Dubbo","Rex Airlines","Jun-24",127,123,4,65,71,58,52,2024,6
"Sydney-Gold Coast","Sydney","Gold Coast","Rex Airlines","Jun-24",25,24,1,18,18,6,6,2024,6
"Sydney-Melbourne","Sydney","Melbourne","Rex Airlines","Jun-24",196,192,4,156,155,36,37,2024,6
"Sydney-Port Macquarie","Sydney","Port Macquarie","Rex Airlines","Jun-24",49,49,0,35,36,14,13,2024,6
"Sydney-Wagga Wagga","Sydney","Wagga Wagga","Rex Airlines","Jun-24",92,92,0,72,79,20,13,2024,6
"Townsville-Cairns","Townsville","Cairns","Rex Airlines","Jun-24",13,13,0,11,11,2,2,2024,6
"Wagga Wagga-Sydney","Wagga Wagga","Sydney","Rex Airlines","Jun-24",92,92,0,77,71,15,21,2024,6
"Adelaide-Alice Springs","Adelaide","Alice Springs","Virgin Australia","Jun-24",12,12,0,8,7,4,5,2024,6
"Adelaide-Brisbane","Adelaide","Brisbane","Virgin Australia","Jun-24",117,117,0,101,108,16,9,2024,6
"Adelaide-Canberra","Adelaide","Canberra","Virgin Australia","Jun-24",16,16,0,14,15,2,1,2024,6
"Adelaide-Gold Coast","Adelaide","Gold Coast","Virgin Australia","Jun-24",30,30,0,25,27,5,3,2024,6
"Adelaide-Melbourne","Adelaide","Melbourne","Virgin Australia","Jun-24",229,228,1,179,176,49,52,2024,6
"Adelaide-Perth","Adelaide","Perth","Virgin Australia","Jun-24",30,29,1,20,18,9,11,2024,6
"Adelaide-Sydney","Adelaide","Sydney","Virgin Australia","Jun-24",163,160,3,137,124,23,36,2024,6
"Alice Springs-Adelaide","Alice Springs","Adelaide","Virgin Australia","Jun-24",12,12,0,5,3,7,9,2024,6
"Ballina-Sydney","Ballina","Sydney","Virgin Australia","Jun-24",41,40,1,35,34,5,6,2024,6
"Brisbane-Adelaide","Brisbane","Adelaide","Virgin Australia","Jun-24",117,117,0,100,99,17,18,2024,6
"Brisbane-Cairns","Brisbane","Cairns","Virgin Australia","Jun-24",165,165,0,124,123,41,42,2024,6
"Brisbane-Canberra","Brisbane","Canberra","Virgin Australia","Jun-24",104,102,2,73,80,29,22,2024,6
"Brisbane-Darwin","Brisbane","Darwin","Virgin Australia","Jun-24",57,55,2,43,40,12,15,2024,6
"Brisbane-Emerald","Brisbane","Emerald","Virgin Australia","Jun-24",25,25,0,12,14,13,11,2024,6
"Brisbane-Gladstone","Brisbane","Gladstone","Virgin Australia","Jun-24",34,34,0,23,21,11,13,2024,6
"Brisbane-Hamilton Island","Brisbane","Hamilton Island","Virgin Australia","Jun-24",34,34,0,29,26,5,8,2024,6
"Brisbane-Hobart","Brisbane","Hobart","Virgin Australia","Jun-24",43,43,0,38,38,5,5,2024,6
"Brisbane-Launceston","Brisbane","Launceston","Virgin Australia","Jun-24",15,15,0,14,13,1,2,2024,6
"Brisbane-Mackay","Brisbane","Mackay","Virgin Australia","Jun-24",131,130,1,87,84,43,46,2024,6
"Brisbane-Melbourne","Brisbane","Melbourne","Virgin Australia","Jun-24",361,358,3,264,250,94,108,2024,6
"Brisbane-Mount Isa","Brisbane","Mount Isa","Virgin Australia","Jun-24",12,12,0,8,6,4,6,2024,6
"Brisbane-Newcastle","Brisbane","Newcastle","Virgin Australia","Jun-24",80,80,0,52,40,28,40,2024,6
"Brisbane-Perth","Brisbane","Perth","Virgin Australia","Jun-24",114,112,2,84,78,28,34,2024,6
"Brisbane-Proserpine","Brisbane","Proserpine","Virgin Australia","Jun-24",34,34,0,28,25,6,9,2024,6
"Brisbane-Rockhampton","Brisbane","Rockhampton","Virgin Australia","Jun-24",155,154,1,97,72,57,82,2024,6
"Brisbane-Sydney","Brisbane","Sydney","Virgin Australia","Jun-24",430,419,11,338,311,81,108,2024,6
"Brisbane-Townsville","Brisbane","Townsville","Virgin Australia","Jun-24",134,134,0,97,88,37,46,2024,6
"Broome-Perth","Broome","Perth","Virgin Australia","Jun-24",39,38,1,25,28,13,10,2024,6
"Cairns-Brisbane","Cairns","Brisbane","Virgin Australia","Jun-24",165,165,0,103,128,62,37,2024,6
"Cairns-Melbourne","Cairns","Melbourne","Virgin Australia","Jun-24",74,74,0,40,42,34,32,2024,6
"Cairns-Sydney","Cairns","Sydney","Virgin Australia","Jun-24",74,73,1,53,52,20,21,2024,6
"Canberra-Adelaide","Canberra","Adelaide","Virgin Australia","Jun-24",16,16,0,15,16,1,0,2024,6
"Canberra-Brisbane","Canberra","Brisbane","Virgin Australia","Jun-24",104,101,3,67,72,34,29,2024,6
"Canberra-Gold Coast","Canberra","Gold Coast","Virgin Australia","Jun-24",30,30,0,19,19,11,11,2024,6
"Canberra-Melbourne","Canberra","Melbourne","Virgin Australia","Jun-24",123,123,0,78,79,45,44,2024,6
"Canberra-Sydney","Canberra","Sydney","Virgin Australia","Jun-24",239,230,9,173,175,57,55,2024,6
"Darwin-Brisbane","Darwin","Brisbane","Virgin Australia","Jun-24",58,56,2,30,42,26,14,2024,6
"Darwin-Melbourne","Darwin","Melbourne","Virgin Australia","Jun-24",31,31,0,16,17,15,14,2024,6
"Emerald-Brisbane","Emerald","Brisbane","Virgin Australia","Jun-24",25,25,0,16,18,9,7,2024,6
"Gladstone-Brisbane","Gladstone","Brisbane","Virgin Australia","Jun-24",34,34,0,22,24,12,10,2024,6
"Gold Coast-Adelaide","Gold Coast","Adelaide","Virgin Australia","Jun-24",30,30,0,16,14,14,16,2024,6
"Gold Coast-Canberra","Gold Coast","Canberra","Virgin Australia","Jun-24",30,30,0,18,17,12,13,2024,6
"Gold Coast-Melbourne","Gold Coast","Melbourne","Virgin Australia","Jun-24",222,222,0,142,151,80,71,2024,6
"Gold Coast-Sydney","Gold Coast","Sydney","Virgin Australia","Jun-24",293,290,3,213,211,77,79,2024,6
"Hamilton Island-Brisbane","Hamilton Island","Brisbane","Virgin Australia","Jun-24",34,34,0,23,27,11,7,2024,6
"Hamilton Island-Sydney","Hamilton Island","Sydney","Virgin Australia","Jun-24",16,16,0,10,10,6,6,2024,6
"Hobart-Brisbane","Hobart","Brisbane","Virgin Australia","Jun-24",43,43,0,32,34,11,9,2024,6
"Hobart-Melbourne","Hobart","Melbourne","Virgin Australia","Jun-24",117,117,0,97,98,20,19,2024,6
"Hobart-Sydney","Hobart","Sydney","Virgin Australia","Jun-24",66,66,0,55,55,11,11,2024,6
"Kalgoorlie-Perth","Kalgoorlie","Perth","Virgin Australia","Jun-24",73,70,3,46,45,24,25,2024,6
"Karratha-Perth","Karratha","Perth","Virgin Australia","Jun-24",59,57,2,49,44,8,13,2024,6
"Launceston-Brisbane","Launceston","Brisbane","Virgin Australia","Jun-24",15,15,0,10,12,5,3,2024,6
"Launceston-Melbourne","Launceston","Melbourne","Virgin Australia","Jun-24",89,86,3,68,73,18,13,2024,6
"Launceston-Sydney","Launceston","Sydney","Virgin Australia","Jun-24",29,28,1,21,19,7,9,2024,6
"Mackay-Brisbane","Mackay","Brisbane","Virgin Australia","Jun-24",131,129,2,89,97,40,32,2024,6
"Melbourne-Adelaide","Melbourne","Adelaide","Virgin Australia","Jun-24",229,228,1,183,181,45,47,2024,6
"Melbourne-Brisbane","Melbourne","Brisbane","Virgin Australia","Jun-24",365,363,2,298,269,65,94,2024,6
"Melbourne-Cairns","Melbourne","Cairns","Virgin Australia","Jun-24",74,74,0,67,60,7,14,2024,6
"Melbourne-Canberra","Melbourne","Canberra","Virgin Australia","Jun-24",123,123,0,94,87,29,36,2024,6
"Melbourne-Darwin","Melbourne","Darwin","Virgin Australia","Jun-24",31,31,0,26,25,5,6,2024,6
"Melbourne-Gold Coast","Melbourne","Gold Coast","Virgin Australia","Jun-24",222,222,0,177,177,45,45,2024,6
"Melbourne-Hobart","Melbourne","Hobart","Virgin Australia","Jun-24",117,117,0,93,90,24,27,2024,6
"Melbourne-Launceston","Melbourne","Launceston","Virgin Australia","Jun-24",90,88,2,68,70,20,18,2024,6
"Melbourne-Newcastle","Melbourne","Newcastle","Virgin Australia","Jun-24",43,43,0,34,30,9,13,2024,6
"Melbourne-Perth","Melbourne","Perth","Virgin Australia","Jun-24",185,180,5,137,130,43,50,2024,6
"Melbourne-Sunshine Coast","Melbourne","Sunshine Coast","Virgin Australia","Jun-24",65,65,0,56,54,9,11,2024,6
"Melbourne-Sydney","Melbourne","Sydney","Virgin Australia","Jun-24",694,660,34,557,511,103,149,2024,6
"Mount Isa-Brisbane","Mount Isa","Brisbane","Virgin Australia","Jun-24",12,12,0,7,7,5,5,2024,6
"Newcastle-Brisbane","Newcastle","Brisbane","Virgin Australia","Jun-24",80,80,0,56,51,24,29,2024,6
"Newcastle-Melbourne","Newcastle","Melbourne","Virgin Australia","Jun-24",43,43,0,30,27,13,16,2024,6
"Newman-Perth","Newman","Perth","Virgin Australia","Jun-24",38,38,0,32,30,6,8,2024,6
"Perth-Adelaide","Perth","Adelaide","Virgin Australia","Jun-24",30,30,0,25,21,5,9,2024,6
"Perth-Brisbane","Perth","Brisbane","Virgin Australia","Jun-24",116,115,1,76,101,39,14,2024,6
"Perth-Broome","Perth","Broome","Virgin Australia","Jun-24",38,38,0,31,33,7,5,2024,6
"Perth-Kalgoorlie","Perth","Kalgoorlie","Virgin Australia","Jun-24",74,71,3,59,56,12,15,2024,6
"Perth-Karratha","Perth","Karratha","Virgin Australia","Jun-24",59,57,2,54,47,3,10,2024,6
"Perth-Melbourne","Perth","Melbourne","Virgin Australia","Jun-24",198,194,4,165,159,29,35,2024,6
"Perth-Newman","Perth","Newman","Virgin Australia","Jun-24",38,38,0,34,34,4,4,2024,6
"Perth-Port Hedland","Perth","Port Hedland","Virgin Australia","Jun-24",34,33,1,27,28,6,5,2024,6
"Perth-Sydney","Perth","Sydney","Virgin Australia","Jun-24",127,121,6,81,104,40,17,2024,6
"Port Hedland-Perth","Port Hedland","Perth","Virgin Australia","Jun-24",34,33,1,23,22,10,11,2024,6
"Proserpine-Brisbane","Proserpine","Brisbane","Virgin Australia","Jun-24",35,34,1,21,22,13,12,2024,6
"Rockhampton-Brisbane","Rockhampton","Brisbane","Virgin Australia","Jun-24",155,153,2,84,83,69,70,2024,6
"Sunshine Coast-Melbourne","Sunshine Coast","Melbourne","Virgin Australia","Jun-24",65,65,0,50,54,15,11,2024,6
"Sunshine Coast-Sydney","Sunshine Coast","Sydney","Virgin Australia","Jun-24",62,62,0,45,35,17,27,2024,6
"Sydney-Adelaide","Sydney","Adelaide","Virgin Australia","Jun-24",163,159,4,140,123,19,36,2024,6
"Sydney-Ballina","Sydney","Ballina","Virgin Australia","Jun-24",40,40,0,38,36,2,4,2024,6
"Sydney-Brisbane","Sydney","Brisbane","Virgin Australia","Jun-24",425,412,13,349,341,63,71,2024,6
"Sydney-Cairns","Sydney","Cairns","Virgin Australia","Jun-24",74,74,0,63,62,11,12,2024,6
"Sydney-Canberra","Sydney","Canberra","Virgin Australia","Jun-24",239,230,9,177,185,53,45,2024,6
"Sydney-Gold Coast","Sydney","Gold Coast","Virgin Australia","Jun-24",293,290,3,239,217,51,73,2024,6
"Sydney-Hamilton Island","Sydney","Hamilton Island","Virgin Australia","Jun-24",16,16,0,15,11,1,5,2024,6
"Sydney-Hobart","Sydney","Hobart","Virgin Australia","Jun-24",66,66,0,58,54,8,12,2024,6
"Sydney-Launceston","Sydney","Launceston","Virgin Australia","Jun-24",29,28,1,17,21,11,7,2024,6
"Sydney-Melbourne","Sydney","Melbourne","Virgin Australia","Jun-24",683,651,32,541,506,110,145,2024,6
"Sydney-Perth","Sydney","Perth","Virgin Australia","Jun-24",140,136,4,116,100,20,36,2024,6
"Sydney-Sunshine Coast","Sydney","Sunshine Coast","Virgin Australia","Jun-24",62,62,0,47,46,15,16,2024,6
"Townsville-Brisbane","Townsville","Brisbane","Virgin Australia","Jun-24",134,134,0,82,99,52,35,2024,6
"Adelaide-Perth","Adelaide","Perth","Virgin Australia Regional Airlines","Jun-24",35,31,4,18,17,13,14,2024,6
"Broome-Perth","Broome","Perth","Virgin Australia Regional Airlines","Jun-24",11,10,1,0,4,10,6,2024,6
"Darwin-Perth","Darwin","Perth","Virgin Australia Regional Airlines","Jun-24",30,27,3,18,19,9,8,2024,6
"Kalgoorlie-Perth","Kalgoorlie","Perth","Virgin Australia Regional Airlines","Jun-24",24,23,1,20,20,3,3,2024,6
"Karratha-Perth","Karratha","Perth","Virgin Australia Regional Airlines","Jun-24",17,16,1,13,13,3,3,2024,6
"Newman-Perth","Newman","Perth","Virgin Australia Regional Airlines","Jun-24",15,14,1,11,13,3,1,2024,6
"Perth-Adelaide","Perth","Adelaide","Virgin Australia Regional Airlines","Jun-24",35,31,4,20,23,11,8,2024,6
"Perth-Broome","Perth","Broome","Virgin Australia Regional Airlines","Jun-24",11,10,1,5,8,5,2,2024,6
"Perth-Darwin","Perth","Darwin","Virgin Australia Regional Airlines","Jun-24",30,27,3,18,17,9,10,2024,6
"Perth-Kalgoorlie","Perth","Kalgoorlie","Virgin Australia Regional Airlines","Jun-24",24,23,1,22,22,1,1,2024,6
"Perth-Karratha","Perth","Karratha","Virgin Australia Regional Airlines","Jun-24",17,16,1,14,12,2,4,2024,6
"Perth-Newman","Perth","Newman","Virgin Australia Regional Airlines","Jun-24",15,14,1,13,13,1,1,2024,6
"Perth-Port Hedland","Perth","Port Hedland","Virgin Australia Regional Airlines","Jun-24",20,20,0,17,16,3,4,2024,6
"Port Hedland-Perth","Port Hedland","Perth","Virgin Australia Regional Airlines","Jun-24",20,20,0,10,8,10,12,2024,6
"Adelaide-Alice Springs","Adelaide","Alice Springs","All Airlines","Jun-24",56,56,0,47,45,9,11,2024,6
"Adelaide-Brisbane","Adelaide","Brisbane","All Airlines","Jun-24",332,331,1,276,287,55,44,2024,6
"Adelaide-Canberra","Adelaide","Canberra","All Airlines","Jun-24",96,94,2,83,84,11,10,2024,6
"Adelaide-Gold Coast","Adelaide","Gold Coast","All Airlines","Jun-24",57,57,0,51,52,6,5,2024,6
"Adelaide-Melbourne","Adelaide","Melbourne","All Airlines","Jun-24",665,659,6,521,530,138,129,2024,6
"Adelaide-Perth","Adelaide","Perth","All Airlines","Jun-24",184,176,8,139,135,37,41,2024,6
"Adelaide-Port Lincoln","Adelaide","Port Lincoln","All Airlines","Jun-24",269,265,4,237,237,28,28,2024,6
"Adelaide-Sydney","Adelaide","Sydney","All Airlines","Jun-24",565,548,17,442,443,106,105,2024,6
"Albury-Sydney","Albury","Sydney","All Airlines","Jun-24",184,183,1,145,135,38,48,2024,6
"Alice Springs-Adelaide","Alice Springs","Adelaide","All Airlines","Jun-24",56,56,0,43,39,13,17,2024,6
"Ballina-Sydney","Ballina","Sydney","All Airlines","Jun-24",152,150,2,124,123,26,27,2024,6
"Brisbane-Adelaide","Brisbane","Adelaide","All Airlines","Jun-24",331,329,2,263,262,66,67,2024,6
"Brisbane-Cairns","Brisbane","Cairns","All Airlines","Jun-24",438,437,1,320,306,117,131,2024,6
"Brisbane-Canberra","Brisbane","Canberra","All Airlines","Jun-24",280,276,4,210,219,66,57,2024,6
"Brisbane-Darwin","Brisbane","Darwin","All Airlines","Jun-24",129,127,2,99,85,28,42,2024,6
"Brisbane-Emerald","Brisbane","Emerald","All Airlines","Jun-24",150,145,5,118,117,27,28,2024,6
"Brisbane-Gladstone","Brisbane","Gladstone","All Airlines","Jun-24",164,160,4,122,110,38,50,2024,6
"Brisbane-Hamilton Island","Brisbane","Hamilton Island","All Airlines","Jun-24",59,58,1,49,42,9,16,2024,6
"Brisbane-Hobart","Brisbane","Hobart","All Airlines","Jun-24",86,86,0,71,72,15,14,2024,6
"Brisbane-Launceston","Brisbane","Launceston","All Airlines","Jun-24",38,38,0,32,33,6,5,2024,6
"Brisbane-Mackay","Brisbane","Mackay","All Airlines","Jun-24",272,270,2,196,185,74,85,2024,6
"Brisbane-Melbourne","Brisbane","Melbourne","All Airlines","Jun-24",985,965,20,702,689,263,276,2024,6
"Brisbane-Mount Isa","Brisbane","Mount Isa","All Airlines","Jun-24",62,62,0,50,48,12,14,2024,6
"Brisbane-Newcastle","Brisbane","Newcastle","All Airlines","Jun-24",209,209,0,153,138,56,71,2024,6
"Brisbane-Perth","Brisbane","Perth","All Airlines","Jun-24",285,281,4,219,192,62,89,2024,6
"Brisbane-Proserpine","Brisbane","Proserpine","All Airlines","Jun-24",75,75,0,59,54,16,21,2024,6
"Brisbane-Rockhampton","Brisbane","Rockhampton","All Airlines","Jun-24",335,328,7,232,213,96,115,2024,6
"Brisbane-Sydney","Brisbane","Sydney","All Airlines","Jun-24",1268,1237,31,1031,991,206,246,2024,6
"Brisbane-Townsville","Brisbane","Townsville","All Airlines","Jun-24",348,347,1,258,235,89,112,2024,6
"Broome-Perth","Broome","Perth","All Airlines","Jun-24",135,129,6,85,87,44,42,2024,6
"Cairns-Brisbane","Cairns","Brisbane","All Airlines","Jun-24",437,436,1,289,322,147,114,2024,6
"Cairns-Melbourne","Cairns","Melbourne","All Airlines","Jun-24",175,174,1,102,114,72,60,2024,6
"Cairns-Sydney","Cairns","Sydney","All Airlines","Jun-24",209,207,2,137,143,70,64,2024,6
"Cairns-Townsville","Cairns","Townsville","All Airlines","Jun-24",152,142,10,131,133,11,9,2024,6
"Canberra-Adelaide","Canberra","Adelaide","All Airlines","Jun-24",96,94,2,82,82,12,12,2024,6
"Canberra-Brisbane","Canberra","Brisbane","All Airlines","Jun-24",282,276,6,201,202,75,74,2024,6
"Canberra-Gold Coast","Canberra","Gold Coast","All Airlines","Jun-24",53,53,0,35,34,18,19,2024,6
"Canberra-Melbourne","Canberra","Melbourne","All Airlines","Jun-24",398,381,17,258,264,123,117,2024,6
"Canberra-Sydney","Canberra","Sydney","All Airlines","Jun-24",640,601,39,468,471,133,130,2024,6
"Coffs Harbour-Sydney","Coffs Harbour","Sydney","All Airlines","Jun-24",200,198,2,152,158,46,40,2024,6
"Darwin-Brisbane","Darwin","Brisbane","All Airlines","Jun-24",130,128,2,69,86,59,42,2024,6
"Darwin-Melbourne","Darwin","Melbourne","All Airlines","Jun-24",87,85,2,53,61,32,24,2024,6
"Darwin-Perth","Darwin","Perth","All Airlines","Jun-24",78,70,8,43,41,27,29,2024,6
"Devonport-Melbourne","Devonport","Melbourne","All Airlines","Jun-24",150,148,2,119,114,29,34,2024,6
"Dubbo-Sydney","Dubbo","Sydney","All Airlines","Jun-24",233,222,11,155,149,67,73,2024,6
"Emerald-Brisbane","Emerald","Brisbane","All Airlines","Jun-24",150,144,6,113,120,31,24,2024,6
"Gladstone-Brisbane","Gladstone","Brisbane","All Airlines","Jun-24",164,161,3,122,120,39,41,2024,6
"Gold Coast-Adelaide","Gold Coast","Adelaide","All Airlines","Jun-24",57,57,0,40,37,17,20,2024,6
"Gold Coast-Canberra","Gold Coast","Canberra","All Airlines","Jun-24",53,53,0,33,33,20,20,2024,6
"Gold Coast-Melbourne","Gold Coast","Melbourne","All Airlines","Jun-24",465,464,1,318,329,146,135,2024,6
"Gold Coast-Sydney","Gold Coast","Sydney","All Airlines","Jun-24",641,633,8,495,498,138,135,2024,6
"Hamilton Island-Brisbane","Hamilton Island","Brisbane","All Airlines","Jun-24",59,57,2,40,42,17,15,2024,6
"Hamilton Island-Sydney","Hamilton Island","Sydney","All Airlines","Jun-24",61,61,0,35,37,26,24,2024,6
"Hobart-Brisbane","Hobart","Brisbane","All Airlines","Jun-24",85,85,0,63,67,22,18,2024,6
"Hobart-Melbourne","Hobart","Melbourne","All Airlines","Jun-24",380,372,8,272,282,100,90,2024,6
"Hobart-Sydney","Hobart","Sydney","All Airlines","Jun-24",210,206,4,173,175,33,31,2024,6
"Kalgoorlie-Perth","Kalgoorlie","Perth","All Airlines","Jun-24",180,165,15,119,113,46,52,2024,6
"Karratha-Perth","Karratha","Perth","All Airlines","Jun-24",218,214,4,155,145,59,69,2024,6
"Launceston-Brisbane","Launceston","Brisbane","All Airlines","Jun-24",39,38,1,24,24,14,14,2024,6
"Launceston-Melbourne","Launceston","Melbourne","All Airlines","Jun-24",249,230,19,166,177,64,53,2024,6
"Launceston-Sydney","Launceston","Sydney","All Airlines","Jun-24",89,85,4,60,60,25,25,2024,6
"Mackay-Brisbane","Mackay","Brisbane","All Airlines","Jun-24",277,273,4,189,206,84,67,2024,6
"Melbourne-Adelaide","Melbourne","Adelaide","All Airlines","Jun-24",665,657,8,520,519,137,138,2024,6
"Melbourne-Brisbane","Melbourne","Brisbane","All Airlines","Jun-24",989,972,17,754,715,218,257,2024,6
"Melbourne-Cairns","Melbourne","Cairns","All Airlines","Jun-24",175,175,0,135,121,40,54,2024,6
"Melbourne-Canberra","Melbourne","Canberra","All Airlines","Jun-24",397,379,18,267,263,112,116,2024,6
"Melbourne-Darwin","Melbourne","Darwin","All Airlines","Jun-24",86,85,1,68,66,17,19,2024,6
"Melbourne-Devonport","Melbourne","Devonport","All Airlines","Jun-24",151,150,1,122,123,28,27,2024,6
"Melbourne-Gold Coast","Melbourne","Gold Coast","All Airlines","Jun-24",465,464,1,351,358,113,106,2024,6
"Melbourne-Hobart","Melbourne","Hobart","All Airlines","Jun-24",380,372,8,266,260,106,112,2024,6
"Melbourne-Launceston","Melbourne","Launceston","All Airlines","Jun-24",249,233,16,170,169,63,64,2024,6
"Melbourne-Mildura","Melbourne","Mildura","All Airlines","Jun-24",194,194,0,160,153,34,41,2024,6
"Melbourne-Newcastle","Melbourne","Newcastle","All Airlines","Jun-24",145,143,2,110,102,33,41,2024,6
"Melbourne-Perth","Melbourne","Perth","All Airlines","Jun-24",446,433,13,331,303,102,130,2024,6
"Melbourne-Sunshine Coast","Melbourne","Sunshine Coast","All Airlines","Jun-24",167,166,1,147,135,19,31,2024,6
"Melbourne-Sydney","Melbourne","Sydney","All Airlines","Jun-24",2220,2087,133,1707,1649,380,438,2024,6
"Mildura-Melbourne","Mildura","Melbourne","All Airlines","Jun-24",194,194,0,138,138,56,56,2024,6
"Mount Isa-Brisbane","Mount Isa","Brisbane","All Airlines","Jun-24",62,61,1,42,44,19,17,2024,6
"Newcastle-Brisbane","Newcastle","Brisbane","All Airlines","Jun-24",210,208,2,158,148,50,60,2024,6
"Newcastle-Melbourne","Newcastle","Melbourne","All Airlines","Jun-24",147,145,2,110,105,35,40,2024,6
"Newman-Perth","Newman","Perth","All Airlines","Jun-24",163,159,4,130,112,29,47,2024,6
"Perth-Adelaide","Perth","Adelaide","All Airlines","Jun-24",184,177,7,140,141,37,36,2024,6
"Perth-Brisbane","Perth","Brisbane","All Airlines","Jun-24",288,285,3,198,241,87,44,2024,6
"Perth-Broome","Perth","Broome","All Airlines","Jun-24",134,131,3,92,107,39,24,2024,6
"Perth-Darwin","Perth","Darwin","All Airlines","Jun-24",78,71,7,50,46,21,25,2024,6
"Perth-Kalgoorlie","Perth","Kalgoorlie","All Airlines","Jun-24",181,166,15,137,132,29,34,2024,6
"Perth-Karratha","Perth","Karratha","All Airlines","Jun-24",219,215,4,168,164,47,51,2024,6
"Perth-Melbourne","Perth","Melbourne","All Airlines","Jun-24",460,446,14,354,369,92,77,2024,6
"Perth-Newman","Perth","Newman","All Airlines","Jun-24",163,160,3,139,138,21,22,2024,6
"Perth-Port Hedland","Perth","Port Hedland","All Airlines","Jun-24",191,187,4,159,154,28,33,2024,6
"Perth-Sydney","Perth","Sydney","All Airlines","Jun-24",376,362,14,224,270,138,92,2024,6
"Port Hedland-Perth","Port Hedland","Perth","All Airlines","Jun-24",188,184,4,130,117,54,67,2024,6
"Port Lincoln-Adelaide","Port Lincoln","Adelaide","All Airlines","Jun-24",269,265,4,239,237,26,28,2024,6
"Port Macquarie-Sydney","Port Macquarie","Sydney","All Airlines","Jun-24",159,156,3,124,119,32,37,2024,6
"Proserpine-Brisbane","Proserpine","Brisbane","All Airlines","Jun-24",76,75,1,48,53,27,22,2024,6
"Rockhampton-Brisbane","Rockhampton","Brisbane","All Airlines","Jun-24",335,326,9,227,225,99,101,2024,6
"Sunshine Coast-Melbourne","Sunshine Coast","Melbourne","All Airlines","Jun-24",168,167,1,116,127,51,40,2024,6
"Sunshine Coast-Sydney","Sunshine Coast","Sydney","All Airlines","Jun-24",179,177,2,133,122,44,55,2024,6
"Sydney-Adelaide","Sydney","Adelaide","All Airlines","Jun-24",564,549,15,450,422,99,127,2024,6
"Sydney-Albury","Sydney","Albury","All Airlines","Jun-24",185,184,1,151,148,33,36,2024,6
"Sydney-Ballina","Sydney","Ballina","All Airlines","Jun-24",151,151,0,138,135,13,16,2024,6
"Sydney-Brisbane","Sydney","Brisbane","All Airlines","Jun-24",1267,1232,35,1016,977,216,255,2024,6
"Sydney-Cairns","Sydney","Cairns","All Airlines","Jun-24",209,208,1,160,147,48,61,2024,6
"Sydney-Canberra","Sydney","Canberra","All Airlines","Jun-24",640,608,32,495,499,113,109,2024,6
"Sydney-Coffs Harbour","Sydney","Coffs Harbour","All Airlines","Jun-24",201,200,1,150,164,50,36,2024,6
"Sydney-Dubbo","Sydney","Dubbo","All Airlines","Jun-24",237,227,10,151,161,76,66,2024,6
"Sydney-Gold Coast","Sydney","Gold Coast","All Airlines","Jun-24",640,632,8,509,492,123,140,2024,6
"Sydney-Hamilton Island","Sydney","Hamilton Island","All Airlines","Jun-24",60,60,0,53,40,7,20,2024,6
"Sydney-Hobart","Sydney","Hobart","All Airlines","Jun-24",209,208,1,169,164,39,44,2024,6
"Sydney-Launceston","Sydney","Launceston","All Airlines","Jun-24",88,85,3,59,61,26,24,2024,6
"Sydney-Melbourne","Sydney","Melbourne","All Airlines","Jun-24",2208,2079,129,1687,1643,392,436,2024,6
"Sydney-Perth","Sydney","Perth","All Airlines","Jun-24",387,377,10,286,266,91,111,2024,6
"Sydney-Port Macquarie","Sydney","Port Macquarie","All Airlines","Jun-24",158,155,3,121,125,34,30,2024,6
"Sydney-Sunshine Coast","Sydney","Sunshine Coast","All Airlines","Jun-24",178,177,1,137,139,40,38,2024,6
"Sydney-Wagga Wagga","Sydney","Wagga Wagga","All Airlines","Jun-24",202,199,3,163,178,36,21,2024,6
"Townsville-Brisbane","Townsville","Brisbane","All Airlines","Jun-24",346,344,2,223,244,121,100,2024,6
"Townsville-Cairns","Townsville","Cairns","All Airlines","Jun-24",152,140,12,117,118,23,22,2024,6
"Wagga Wagga-Sydney","Wagga Wagga","Sydney","All Airlines","Jun-24",202,199,3,170,167,29,32,2024,6
"Adelaide-Brisbane","Adelaide","Brisbane","Jetstar","Jul-24",35,34,1,25,24,9,10,2024,7
"Adelaide-Gold Coast","Adelaide","Gold Coast","Jetstar","Jul-24",31,30,1,27,24,3,6,2024,7
"Adelaide-Melbourne","Adelaide","Melbourne","Jetstar","Jul-24",105,101,4,67,60,34,41,2024,7
"Adelaide-Perth","Adelaide","Perth","Jetstar","Jul-24",31,29,2,24,22,5,7,2024,7
"Adelaide-Sydney","Adelaide","Sydney","Jetstar","Jul-24",143,131,12,87,80,44,51,2024,7
"Ballina-Sydney","Ballina","Sydney","Jetstar","Jul-24",83,80,3,52,54,28,26,2024,7
"Brisbane-Adelaide","Brisbane","Adelaide","Jetstar","Jul-24",35,34,1,15,23,19,11,2024,7
"Brisbane-Cairns","Brisbane","Cairns","Jetstar","Jul-24",99,98,1,74,68,24,30,2024,7
"Brisbane-Canberra","Brisbane","Canberra","Jetstar","Jul-24",31,31,0,23,25,8,6,2024,7
"Brisbane-Darwin","Brisbane","Darwin","Jetstar","Jul-24",31,30,1,28,21,2,9,2024,7
"Brisbane-Hobart","Brisbane","Hobart","Jetstar","Jul-24",25,25,0,18,19,7,6,2024,7
"Brisbane-Launceston","Brisbane","Launceston","Jetstar","Jul-24",24,24,0,15,19,9,5,2024,7
"Brisbane-Mackay","Brisbane","Mackay","Jetstar","Jul-24",31,30,1,14,13,16,17,2024,7
"Brisbane-Melbourne","Brisbane","Melbourne","Jetstar","Jul-24",170,156,14,74,85,82,71,2024,7
"Brisbane-Newcastle","Brisbane","Newcastle","Jetstar","Jul-24",59,58,1,39,37,19,21,2024,7
"Brisbane-Perth","Brisbane","Perth","Jetstar","Jul-24",29,27,2,8,19,19,8,2024,7
"Brisbane-Proserpine","Brisbane","Proserpine","Jetstar","Jul-24",31,31,0,21,18,10,13,2024,7
"Brisbane-Sydney","Brisbane","Sydney","Jetstar","Jul-24",209,200,9,137,134,63,66,2024,7
"Brisbane-Townsville","Brisbane","Townsville","Jetstar","Jul-24",63,61,2,42,34,19,27,2024,7
"Cairns-Brisbane","Cairns","Brisbane","Jetstar","Jul-24",99,98,1,71,79,27,19,2024,7
"Cairns-Melbourne","Cairns","Melbourne","Jetstar","Jul-24",120,118,2,63,70,55,48,2024,7
"Cairns-Sydney","Cairns","Sydney","Jetstar","Jul-24",124,122,2,88,97,34,25,2024,7
"Canberra-Brisbane","Canberra","Brisbane","Jetstar","Jul-24",32,31,1,24,24,7,7,2024,7
"Canberra-Gold Coast","Canberra","Gold Coast","Jetstar","Jul-24",18,17,1,10,10,7,7,2024,7
"Canberra-Melbourne","Canberra","Melbourne","Jetstar","Jul-24",31,31,0,20,21,11,10,2024,7
"Darwin-Brisbane","Darwin","Brisbane","Jetstar","Jul-24",30,29,1,16,20,13,9,2024,7
"Darwin-Melbourne","Darwin","Melbourne","Jetstar","Jul-24",31,29,2,20,22,9,7,2024,7
"Gold Coast-Adelaide","Gold Coast","Adelaide","Jetstar","Jul-24",31,30,1,28,28,2,2,2024,7
"Gold Coast-Canberra","Gold Coast","Canberra","Jetstar","Jul-24",16,16,0,11,13,5,3,2024,7
"Gold Coast-Melbourne","Gold Coast","Melbourne","Jetstar","Jul-24",241,227,14,154,159,73,68,2024,7
"Gold Coast-Sydney","Gold Coast","Sydney","Jetstar","Jul-24",289,276,13,225,226,51,50,2024,7
"Hamilton Island-Sydney","Hamilton Island","Sydney","Jetstar","Jul-24",20,20,0,8,10,12,10,2024,7
"Hobart-Brisbane","Hobart","Brisbane","Jetstar","Jul-24",26,26,0,16,18,10,8,2024,7
"Hobart-Melbourne","Hobart","Melbourne","Jetstar","Jul-24",168,164,4,97,101,67,63,2024,7
"Hobart-Sydney","Hobart","Sydney","Jetstar","Jul-24",74,73,1,44,47,29,26,2024,7
"Launceston-Brisbane","Launceston","Brisbane","Jetstar","Jul-24",25,24,1,14,11,10,13,2024,7
"Launceston-Melbourne","Launceston","Melbourne","Jetstar","Jul-24",83,81,2,36,40,45,41,2024,7
"Launceston-Sydney","Launceston","Sydney","Jetstar","Jul-24",46,45,1,25,25,20,20,2024,7
"Mackay-Brisbane","Mackay","Brisbane","Jetstar","Jul-24",31,30,1,13,12,17,18,2024,7
"Melbourne-Adelaide","Melbourne","Adelaide","Jetstar","Jul-24",105,102,3,71,72,31,30,2024,7
"Melbourne-Brisbane","Melbourne","Brisbane","Jetstar","Jul-24",170,159,11,73,65,86,94,2024,7
"Melbourne-Cairns","Melbourne","Cairns","Jetstar","Jul-24",120,119,1,65,72,54,47,2024,7
"Melbourne-Canberra","Melbourne","Canberra","Jetstar","Jul-24",31,31,0,20,21,11,10,2024,7
"Melbourne-Darwin","Melbourne","Darwin","Jetstar","Jul-24",31,29,2,23,24,6,5,2024,7
"Melbourne-Gold Coast","Melbourne","Gold Coast","Jetstar","Jul-24",240,229,11,143,151,86,78,2024,7
"Melbourne-Hobart","Melbourne","Hobart","Jetstar","Jul-24",167,164,3,114,110,50,54,2024,7
"Melbourne-Launceston","Melbourne","Launceston","Jetstar","Jul-24",83,81,2,44,39,37,42,2024,7
"Melbourne-Newcastle","Melbourne","Newcastle","Jetstar","Jul-24",62,61,1,43,44,18,17,2024,7
"Melbourne-Perth","Melbourne","Perth","Jetstar","Jul-24",88,83,5,59,64,24,19,2024,7
"Melbourne-Sunshine Coast","Melbourne","Sunshine Coast","Jetstar","Jul-24",80,80,0,56,56,24,24,2024,7
"Melbourne-Sydney","Melbourne","Sydney","Jetstar","Jul-24",446,412,34,289,283,123,129,2024,7
"Newcastle-Brisbane","Newcastle","Brisbane","Jetstar","Jul-24",59,58,1,39,41,19,17,2024,7
"Newcastle-Melbourne","Newcastle","Melbourne","Jetstar","Jul-24",62,61,1,37,41,24,20,2024,7
"Perth-Adelaide","Perth","Adelaide","Jetstar","Jul-24",31,29,2,20,24,9,5,2024,7
"Perth-Brisbane","Perth","Brisbane","Jetstar","Jul-24",28,26,2,10,15,16,11,2024,7
"Perth-Melbourne","Perth","Melbourne","Jetstar","Jul-24",89,83,6,51,62,32,21,2024,7
"Perth-Sydney","Perth","Sydney","Jetstar","Jul-24",59,56,3,26,31,30,25,2024,7
"Proserpine-Brisbane","Proserpine","Brisbane","Jetstar","Jul-24",32,32,0,15,15,17,17,2024,7
"Sunshine Coast-Melbourne","Sunshine Coast","Melbourne","Jetstar","Jul-24",80,80,0,42,52,38,28,2024,7
"Sunshine Coast-Sydney","Sunshine Coast","Sydney","Jetstar","Jul-24",91,85,6,59,61,26,24,2024,7
"Sydney-Adelaide","Sydney","Adelaide","Jetstar","Jul-24",143,131,12,76,83,55,48,2024,7
"Sydney-Ballina","Sydney","Ballina","Jetstar","Jul-24",82,80,2,62,63,18,17,2024,7
"Sydney-Brisbane","Sydney","Brisbane","Jetstar","Jul-24",210,201,9,126,123,75,78,2024,7
"Sydney-Cairns","Sydney","Cairns","Jetstar","Jul-24",124,123,1,81,76,42,47,2024,7
"Sydney-Gold Coast","Sydney","Gold Coast","Jetstar","Jul-24",287,277,10,200,200,77,77,2024,7
"Sydney-Hamilton Island","Sydney","Hamilton Island","Jetstar","Jul-24",19,19,0,14,13,5,6,2024,7
"Sydney-Hobart","Sydney","Hobart","Jetstar","Jul-24",74,73,1,52,52,21,21,2024,7
"Sydney-Launceston","Sydney","Launceston","Jetstar","Jul-24",46,45,1,27,31,18,14,2024,7
"Sydney-Melbourne","Sydney","Melbourne","Jetstar","Jul-24",447,415,32,281,291,134,124,2024,7
"Sydney-Perth","Sydney","Perth","Jetstar","Jul-24",59,57,2,32,38,25,19,2024,7
"Sydney-Sunshine Coast","Sydney","Sunshine Coast","Jetstar","Jul-24",90,87,3,69,70,18,17,2024,7
"Townsville-Brisbane","Townsville","Brisbane","Jetstar","Jul-24",63,61,2,28,29,33,32,2024,7
"Adelaide-Melbourne","Adelaide","Melbourne","Qantas","Jul-24",257,257,0,158,163,99,94,2024,7
"Adelaide-Perth","Adelaide","Perth","Qantas","Jul-24",94,94,0,79,78,15,16,2024,7
"Adelaide-Sydney","Adelaide","Sydney","Qantas","Jul-24",245,232,13,175,175,57,57,2024,7
"Brisbane-Cairns","Brisbane","Cairns","Qantas","Jul-24",71,71,0,52,47,19,24,2024,7
"Brisbane-Darwin","Brisbane","Darwin","Qantas","Jul-24",25,25,0,14,12,11,13,2024,7
"Brisbane-Mackay","Brisbane","Mackay","Qantas","Jul-24",112,111,1,84,82,27,29,2024,7
"Brisbane-Melbourne","Brisbane","Melbourne","Qantas","Jul-24",383,374,9,268,267,106,107,2024,7
"Brisbane-Mount Isa","Brisbane","Mount Isa","Qantas","Jul-24",50,50,0,43,44,7,6,2024,7
"Brisbane-Perth","Brisbane","Perth","Qantas","Jul-24",154,154,0,119,113,35,41,2024,7
"Brisbane-Sydney","Brisbane","Sydney","Qantas","Jul-24",554,539,15,411,403,128,136,2024,7
"Brisbane-Townsville","Brisbane","Townsville","Qantas","Jul-24",23,23,0,18,19,5,4,2024,7
"Cairns-Brisbane","Cairns","Brisbane","Qantas","Jul-24",71,71,0,41,50,30,21,2024,7
"Cairns-Melbourne","Cairns","Melbourne","Qantas","Jul-24",31,31,0,12,16,19,15,2024,7
"Cairns-Sydney","Cairns","Sydney","Qantas","Jul-24",45,45,0,27,28,18,17,2024,7
"Canberra-Melbourne","Canberra","Melbourne","Qantas","Jul-24",13,13,0,9,7,4,6,2024,7
"Melbourne-Canberra","Melbourne","Canberra","Qantas","Jul-24",13,13,0,9,8,4,5,2024,7
"Canberra-Sydney","Canberra","Sydney","Qantas","Jul-24",46,44,2,36,34,8,10,2024,7
"Darwin-Brisbane","Darwin","Brisbane","Qantas","Jul-24",25,25,0,4,11,21,14,2024,7
"Darwin-Melbourne","Darwin","Melbourne","Qantas","Jul-24",31,31,0,12,18,19,13,2024,7
"Gold Coast-Melbourne","Gold Coast","Melbourne","Qantas","Jul-24",41,41,0,20,23,21,18,2024,7
"Gold Coast-Sydney","Gold Coast","Sydney","Qantas","Jul-24",103,103,0,72,75,31,28,2024,7
"Hamilton Island-Sydney","Hamilton Island","Sydney","Qantas","Jul-24",31,31,0,14,14,17,17,2024,7
"Hobart-Sydney","Hobart","Sydney","Qantas","Jul-24",75,75,0,62,61,13,14,2024,7
"Kalgoorlie-Perth","Kalgoorlie","Perth","Qantas","Jul-24",18,17,1,12,13,5,4,2024,7
"Karratha-Perth","Karratha","Perth","Qantas","Jul-24",5,5,0,5,5,0,0,2024,7
"Mackay-Brisbane","Mackay","Brisbane","Qantas","Jul-24",112,110,2,76,84,34,26,2024,7
"Melbourne-Adelaide","Melbourne","Adelaide","Qantas","Jul-24",257,256,1,172,156,84,100,2024,7
"Melbourne-Brisbane","Melbourne","Brisbane","Qantas","Jul-24",381,372,9,252,234,120,138,2024,7
"Melbourne-Cairns","Melbourne","Cairns","Qantas","Jul-24",31,31,0,20,14,11,17,2024,7
"Melbourne-Darwin","Melbourne","Darwin","Qantas","Jul-24",31,31,0,16,21,15,10,2024,7
"Melbourne-Gold Coast","Melbourne","Gold Coast","Qantas","Jul-24",41,41,0,29,29,12,12,2024,7
"Melbourne-Perth","Melbourne","Perth","Qantas","Jul-24",209,205,4,143,130,62,75,2024,7
"Melbourne-Sunshine Coast","Melbourne","Sunshine Coast","Qantas","Jul-24",33,33,0,20,18,13,15,2024,7
"Melbourne-Sydney","Melbourne","Sydney","Qantas","Jul-24",943,842,101,666,582,176,260,2024,7
"Mount Isa-Brisbane","Mount Isa","Brisbane","Qantas","Jul-24",50,50,0,40,41,10,9,2024,7
"Newman-Perth","Newman","Perth","Qantas","Jul-24",20,20,0,18,18,2,2,2024,7
"Perth-Adelaide","Perth","Adelaide","Qantas","Jul-24",94,94,0,69,75,25,19,2024,7
"Perth-Brisbane","Perth","Brisbane","Qantas","Jul-24",155,155,0,122,132,33,23,2024,7
"Perth-Kalgoorlie","Perth","Kalgoorlie","Qantas","Jul-24",18,17,1,15,13,2,4,2024,7
"Perth-Karratha","Perth","Karratha","Qantas","Jul-24",5,5,0,5,5,0,0,2024,7
"Perth-Melbourne","Perth","Melbourne","Qantas","Jul-24",209,203,6,150,156,53,47,2024,7
"Perth-Newman","Perth","Newman","Qantas","Jul-24",20,20,0,20,20,0,0,2024,7
"Perth-Sydney","Perth","Sydney","Qantas","Jul-24",203,202,1,125,142,77,60,2024,7
"Sunshine Coast-Melbourne","Sunshine Coast","Melbourne","Qantas","Jul-24",33,33,0,6,14,27,19,2024,7
"Sunshine Coast-Sydney","Sunshine Coast","Sydney","Qantas","Jul-24",58,58,0,36,36,22,22,2024,7
"Sydney-Adelaide","Sydney","Adelaide","Qantas","Jul-24",244,235,9,174,180,61,55,2024,7
"Sydney-Brisbane","Sydney","Brisbane","Qantas","Jul-24",554,544,10,374,337,170,207,2024,7
"Sydney-Cairns","Sydney","Cairns","Qantas","Jul-24",45,45,0,36,30,9,15,2024,7
"Sydney-Canberra","Sydney","Canberra","Qantas","Jul-24",46,44,2,38,36,6,8,2024,7
"Sydney-Gold Coast","Sydney","Gold Coast","Qantas","Jul-24",103,103,0,74,81,29,22,2024,7
"Sydney-Hamilton Island","Sydney","Hamilton Island","Qantas","Jul-24",31,31,0,19,15,12,16,2024,7
"Sydney-Hobart","Sydney","Hobart","Qantas","Jul-24",75,75,0,55,60,20,15,2024,7
"Sydney-Melbourne","Sydney","Melbourne","Qantas","Jul-24",948,848,100,586,585,262,263,2024,7
"Sydney-Perth","Sydney","Perth","Qantas","Jul-24",202,201,1,120,135,81,66,2024,7
"Sydney-Sunshine Coast","Sydney","Sunshine Coast","Qantas","Jul-24",58,58,0,32,40,26,18,2024,7
"Townsville-Brisbane","Townsville","Brisbane","Qantas","Jul-24",23,23,0,15,18,8,5,2024,7
"Adelaide-Alice Springs","Adelaide","Alice Springs","QantasLink","Jul-24",54,54,0,44,46,10,8,2024,7
"Adelaide-Brisbane","Adelaide","Brisbane","QantasLink","Jul-24",152,151,1,127,129,24,22,2024,7
"Adelaide-Canberra","Adelaide","Canberra","QantasLink","Jul-24",85,84,1,66,63,18,21,2024,7
"Adelaide-Gold Coast","Adelaide","Gold Coast","QantasLink","Jul-24",9,9,0,6,7,3,2,2024,7
"Cairns-Sydney","Cairns","Sydney","QantasLink","Jul-24",19,19,0,17,16,2,3,2024,7
"Gold Coast-Adelaide","Gold Coast","Adelaide","QantasLink","Jul-24",9,9,0,5,5,4,4,2024,7
"Sydney-Cairns","Sydney","Cairns","QantasLink","Jul-24",19,19,0,14,14,5,5,2024,7
"Adelaide-Melbourne","Adelaide","Melbourne","QantasLink","Jul-24",14,13,1,9,8,4,5,2024,7
"Adelaide-Port Lincoln","Adelaide","Port Lincoln","QantasLink","Jul-24",143,140,3,135,132,5,8,2024,7
"Albury-Sydney","Albury","Sydney","QantasLink","Jul-24",111,111,0,81,71,30,40,2024,7
"Alice Springs-Adelaide","Alice Springs","Adelaide","QantasLink","Jul-24",54,54,0,46,45,8,9,2024,7
"Ballina-Sydney","Ballina","Sydney","QantasLink","Jul-24",58,57,1,55,54,2,3,2024,7
"Brisbane-Adelaide","Brisbane","Adelaide","QantasLink","Jul-24",152,151,1,125,128,26,23,2024,7
"Brisbane-Cairns","Brisbane","Cairns","QantasLink","Jul-24",107,107,0,56,45,51,62,2024,7
"Brisbane-Canberra","Brisbane","Canberra","QantasLink","Jul-24",149,148,1,108,113,40,35,2024,7
"Brisbane-Darwin","Brisbane","Darwin","QantasLink","Jul-24",25,25,0,19,9,6,16,2024,7
"Brisbane-Emerald","Brisbane","Emerald","QantasLink","Jul-24",140,134,6,118,112,16,22,2024,7
"Brisbane-Gladstone","Brisbane","Gladstone","QantasLink","Jul-24",140,137,3,108,98,29,39,2024,7
"Brisbane-Hamilton Island","Brisbane","Hamilton Island","QantasLink","Jul-24",26,26,0,18,14,8,12,2024,7
"Brisbane-Hobart","Brisbane","Hobart","QantasLink","Jul-24",17,17,0,12,13,5,4,2024,7
"Brisbane-Mackay","Brisbane","Mackay","QantasLink","Jul-24",8,8,0,7,6,1,2,2024,7
"Brisbane-Melbourne","Brisbane","Melbourne","QantasLink","Jul-24",23,20,3,6,8,14,12,2024,7
"Brisbane-Mount Isa","Brisbane","Mount Isa","QantasLink","Jul-24",4,4,0,4,4,0,0,2024,7
"Brisbane-Newcastle","Brisbane","Newcastle","QantasLink","Jul-24",85,85,0,63,59,22,26,2024,7
"Brisbane-Proserpine","Brisbane","Proserpine","QantasLink","Jul-24",17,17,0,8,13,9,4,2024,7
"Brisbane-Rockhampton","Brisbane","Rockhampton","QantasLink","Jul-24",197,195,2,154,155,41,40,2024,7
"Brisbane-Townsville","Brisbane","Townsville","QantasLink","Jul-24",159,159,0,118,96,41,63,2024,7
"Broome-Perth","Broome","Perth","QantasLink","Jul-24",84,83,1,55,47,28,36,2024,7
"Cairns-Brisbane","Cairns","Brisbane","QantasLink","Jul-24",107,106,1,52,57,54,49,2024,7
"Cairns-Townsville","Cairns","Townsville","QantasLink","Jul-24",146,145,1,120,129,25,16,2024,7
"Canberra-Adelaide","Canberra","Adelaide","QantasLink","Jul-24",85,83,2,60,64,23,19,2024,7
"Canberra-Brisbane","Canberra","Brisbane","QantasLink","Jul-24",149,146,3,96,91,50,55,2024,7
"Canberra-Melbourne","Canberra","Melbourne","QantasLink","Jul-24",187,175,12,115,111,60,64,2024,7
"Canberra-Sydney","Canberra","Sydney","QantasLink","Jul-24",382,351,31,279,269,72,82,2024,7
"Coffs Harbour-Sydney","Coffs Harbour","Sydney","QantasLink","Jul-24",116,116,0,88,90,28,26,2024,7
"Darwin-Brisbane","Darwin","Brisbane","QantasLink","Jul-24",27,27,0,8,9,19,18,2024,7
"Darwin-Perth","Darwin","Perth","QantasLink","Jul-24",46,43,3,19,16,24,27,2024,7
"Devonport-Melbourne","Devonport","Melbourne","QantasLink","Jul-24",120,118,2,83,81,35,37,2024,7
"Dubbo-Sydney","Dubbo","Sydney","QantasLink","Jul-24",116,111,5,90,81,21,30,2024,7
"Emerald-Brisbane","Emerald","Brisbane","QantasLink","Jul-24",140,134,6,112,120,22,14,2024,7
"Gladstone-Brisbane","Gladstone","Brisbane","QantasLink","Jul-24",140,137,3,106,105,31,32,2024,7
"Hamilton Island-Brisbane","Hamilton Island","Brisbane","QantasLink","Jul-24",26,26,0,11,12,15,14,2024,7
"Hobart-Brisbane","Hobart","Brisbane","QantasLink","Jul-24",17,17,0,12,13,5,4,2024,7
"Hobart-Melbourne","Hobart","Melbourne","QantasLink","Jul-24",112,98,14,62,57,36,41,2024,7
"Hobart-Sydney","Hobart","Sydney","QantasLink","Jul-24",10,10,0,9,9,1,1,2024,7
"Kalgoorlie-Perth","Kalgoorlie","Perth","QantasLink","Jul-24",73,67,6,52,44,15,23,2024,7
"Karratha-Perth","Karratha","Perth","QantasLink","Jul-24",153,146,7,95,88,51,58,2024,7
"Launceston-Melbourne","Launceston","Melbourne","QantasLink","Jul-24",97,82,15,51,53,31,29,2024,7
"Launceston-Sydney","Launceston","Sydney","QantasLink","Jul-24",25,24,1,21,21,3,3,2024,7
"Mackay-Brisbane","Mackay","Brisbane","QantasLink","Jul-24",13,13,0,8,11,5,2,2024,7
"Melbourne-Adelaide","Melbourne","Adelaide","QantasLink","Jul-24",14,14,0,11,12,3,2,2024,7
"Melbourne-Brisbane","Melbourne","Brisbane","QantasLink","Jul-24",23,20,3,13,9,7,11,2024,7
"Melbourne-Canberra","Melbourne","Canberra","QantasLink","Jul-24",187,174,13,123,123,51,51,2024,7
"Melbourne-Devonport","Melbourne","Devonport","QantasLink","Jul-24",119,118,1,84,80,34,38,2024,7
"Melbourne-Hobart","Melbourne","Hobart","QantasLink","Jul-24",112,100,12,54,51,46,49,2024,7
"Melbourne-Launceston","Melbourne","Launceston","QantasLink","Jul-24",97,85,12,50,48,35,37,2024,7
"Melbourne-Mildura","Melbourne","Mildura","QantasLink","Jul-24",112,108,4,72,67,36,41,2024,7
"Melbourne-Newcastle","Melbourne","Newcastle","QantasLink","Jul-24",54,54,0,41,33,13,21,2024,7
"Mildura-Melbourne","Mildura","Melbourne","QantasLink","Jul-24",112,108,4,65,72,43,36,2024,7
"Mount Isa-Brisbane","Mount Isa","Brisbane","QantasLink","Jul-24",4,4,0,3,3,1,1,2024,7
"Newcastle-Brisbane","Newcastle","Brisbane","QantasLink","Jul-24",85,84,1,65,59,19,25,2024,7
"Newcastle-Melbourne","Newcastle","Melbourne","QantasLink","Jul-24",53,53,0,47,45,6,8,2024,7
"Newman-Perth","Newman","Perth","QantasLink","Jul-24",105,103,2,80,59,23,44,2024,7
"Perth-Broome","Perth","Broome","QantasLink","Jul-24",85,85,0,54,64,31,21,2024,7
"Perth-Darwin","Perth","Darwin","QantasLink","Jul-24",48,45,3,31,23,14,22,2024,7
"Perth-Kalgoorlie","Perth","Kalgoorlie","QantasLink","Jul-24",73,67,6,53,52,14,15,2024,7
"Perth-Karratha","Perth","Karratha","QantasLink","Jul-24",154,150,4,114,122,36,28,2024,7
"Perth-Newman","Perth","Newman","QantasLink","Jul-24",105,104,1,85,85,19,19,2024,7
"Perth-Port Hedland","Perth","Port Hedland","QantasLink","Jul-24",151,148,3,114,119,34,29,2024,7
"Port Hedland-Perth","Port Hedland","Perth","QantasLink","Jul-24",148,145,3,101,76,44,69,2024,7
"Port Lincoln-Adelaide","Port Lincoln","Adelaide","QantasLink","Jul-24",143,140,3,130,130,10,10,2024,7
"Port Macquarie-Sydney","Port Macquarie","Sydney","QantasLink","Jul-24",116,112,4,84,82,28,30,2024,7
"Proserpine-Brisbane","Proserpine","Brisbane","QantasLink","Jul-24",17,17,0,9,12,8,5,2024,7
"Rockhampton-Brisbane","Rockhampton","Brisbane","QantasLink","Jul-24",197,192,5,151,149,41,43,2024,7
"Sydney-Albury","Sydney","Albury","QantasLink","Jul-24",111,111,0,80,84,31,27,2024,7
"Sydney-Ballina","Sydney","Ballina","QantasLink","Jul-24",58,57,1,51,54,6,3,2024,7
"Sydney-Canberra","Sydney","Canberra","QantasLink","Jul-24",381,358,23,289,290,69,68,2024,7
"Sydney-Coffs Harbour","Sydney","Coffs Harbour","QantasLink","Jul-24",116,116,0,74,85,42,31,2024,7
"Sydney-Dubbo","Sydney","Dubbo","QantasLink","Jul-24",116,111,5,86,94,25,17,2024,7
"Sydney-Hobart","Sydney","Hobart","QantasLink","Jul-24",10,9,1,9,9,0,0,2024,7
"Sydney-Launceston","Sydney","Launceston","QantasLink","Jul-24",24,23,1,20,19,3,4,2024,7
"Sydney-Port Macquarie","Sydney","Port Macquarie","QantasLink","Jul-24",116,111,5,87,92,24,19,2024,7
"Sydney-Wagga Wagga","Sydney","Wagga Wagga","QantasLink","Jul-24",116,112,4,91,91,21,21,2024,7
"Townsville-Brisbane","Townsville","Brisbane","QantasLink","Jul-24",159,159,0,95,105,64,54,2024,7
"Townsville-Cairns","Townsville","Cairns","QantasLink","Jul-24",146,143,3,130,125,13,18,2024,7
"Wagga Wagga-Sydney","Wagga Wagga","Sydney","QantasLink","Jul-24",116,110,6,83,88,27,22,2024,7
"Adelaide-Brisbane","Adelaide","Brisbane","Rex Airlines","Jul-24",30,29,1,27,28,2,1,2024,7
"Adelaide-Melbourne","Adelaide","Melbourne","Rex Airlines","Jul-24",62,60,2,51,46,9,14,2024,7
"Adelaide-Port Lincoln","Adelaide","Port Lincoln","Rex Airlines","Jul-24",158,150,8,104,100,46,50,2024,7
"Adelaide-Sydney","Adelaide","Sydney","Rex Airlines","Jul-24",31,30,1,24,23,6,7,2024,7
"Albury-Sydney","Albury","Sydney","Rex Airlines","Jul-24",85,84,1,63,55,21,29,2024,7
"Brisbane-Adelaide","Brisbane","Adelaide","Rex Airlines","Jul-24",30,29,1,27,26,2,3,2024,7
"Brisbane-Cairns","Brisbane","Cairns","Rex Airlines","Jul-24",10,9,1,6,5,3,4,2024,7
"Brisbane-Melbourne","Brisbane","Melbourne","Rex Airlines","Jul-24",58,56,2,34,33,22,23,2024,7
"Brisbane-Sydney","Brisbane","Sydney","Rex Airlines","Jul-24",155,150,5,120,115,30,35,2024,7
"Cairns-Brisbane","Cairns","Brisbane","Rex Airlines","Jul-24",9,9,0,8,9,1,0,2024,7
"Cairns-Townsville","Cairns","Townsville","Rex Airlines","Jul-24",13,13,0,11,11,2,2,2024,7
"Canberra-Melbourne","Canberra","Melbourne","Rex Airlines","Jul-24",31,30,1,16,16,14,14,2024,7
"Coffs Harbour-Sydney","Coffs Harbour","Sydney","Rex Airlines","Jul-24",92,90,2,62,55,28,35,2024,7
"Devonport-Melbourne","Devonport","Melbourne","Rex Airlines","Jul-24",50,48,2,31,28,17,20,2024,7
"Dubbo-Sydney","Dubbo","Sydney","Rex Airlines","Jul-24",128,122,6,72,61,50,61,2024,7
"Gold Coast-Melbourne","Gold Coast","Melbourne","Rex Airlines","Jul-24",31,30,1,20,13,10,17,2024,7
"Gold Coast-Sydney","Gold Coast","Sydney","Rex Airlines","Jul-24",28,27,1,19,22,8,5,2024,7
"Hobart-Melbourne","Hobart","Melbourne","Rex Airlines","Jul-24",31,30,1,23,23,7,7,2024,7
"Melbourne-Adelaide","Melbourne","Adelaide","Rex Airlines","Jul-24",62,60,2,50,45,10,15,2024,7
"Melbourne-Brisbane","Melbourne","Brisbane","Rex Airlines","Jul-24",58,56,2,40,37,16,19,2024,7
"Melbourne-Canberra","Melbourne","Canberra","Rex Airlines","Jul-24",31,30,1,15,16,15,14,2024,7
"Melbourne-Devonport","Melbourne","Devonport","Rex Airlines","Jul-24",50,48,2,36,35,12,13,2024,7
"Melbourne-Gold Coast","Melbourne","Gold Coast","Rex Airlines","Jul-24",31,30,1,26,21,4,9,2024,7
"Melbourne-Hobart","Melbourne","Hobart","Rex Airlines","Jul-24",31,30,1,24,23,6,7,2024,7
"Melbourne-Mildura","Melbourne","Mildura","Rex Airlines","Jul-24",104,102,2,55,55,47,47,2024,7
"Melbourne-Sydney","Melbourne","Sydney","Rex Airlines","Jul-24",214,204,10,167,158,37,46,2024,7
"Mildura-Melbourne","Mildura","Melbourne","Rex Airlines","Jul-24",104,102,2,45,45,57,57,2024,7
"Port Lincoln-Adelaide","Port Lincoln","Adelaide","Rex Airlines","Jul-24",158,150,8,101,104,49,46,2024,7
"Port Macquarie-Sydney","Port Macquarie","Sydney","Rex Airlines","Jul-24",52,49,3,34,32,15,17,2024,7
"Sydney-Adelaide","Sydney","Adelaide","Rex Airlines","Jul-24",31,30,1,18,20,12,10,2024,7
"Sydney-Albury","Sydney","Albury","Rex Airlines","Jul-24",85,84,1,62,61,22,23,2024,7
"Sydney-Brisbane","Sydney","Brisbane","Rex Airlines","Jul-24",155,150,5,124,114,26,36,2024,7
"Sydney-Coffs Harbour","Sydney","Coffs Harbour","Rex Airlines","Jul-24",92,91,1,53,62,38,29,2024,7
"Sydney-Dubbo","Sydney","Dubbo","Rex Airlines","Jul-24",130,124,6,58,66,66,58,2024,7
"Sydney-Gold Coast","Sydney","Gold Coast","Rex Airlines","Jul-24",28,27,1,21,20,6,7,2024,7
"Sydney-Melbourne","Sydney","Melbourne","Rex Airlines","Jul-24",214,204,10,161,154,43,50,2024,7
"Sydney-Port Macquarie","Sydney","Port Macquarie","Rex Airlines","Jul-24",52,50,2,33,35,17,15,2024,7
"Sydney-Wagga Wagga","Sydney","Wagga Wagga","Rex Airlines","Jul-24",93,92,1,58,60,34,32,2024,7
"Townsville-Cairns","Townsville","Cairns","Rex Airlines","Jul-24",13,13,0,12,11,1,2,2024,7
"Wagga Wagga-Sydney","Wagga Wagga","Sydney","Rex Airlines","Jul-24",94,91,3,64,58,27,33,2024,7
"Perth-Adelaide","Perth","Adelaide","Rex Airlines","Jul-24",13,13,0,8,7,5,6,2024,7
"Adelaide-Perth","Adelaide","Perth","Rex Airlines","Jul-24",13,13,0,7,6,6,7,2024,7
"Melbourne-Perth","Melbourne","Perth","Rex Airlines","Jul-24",22,21,1,15,15,6,6,2024,7
"Perth-Melbourne","Perth","Melbourne","Rex Airlines","Jul-24",22,22,0,18,17,4,5,2024,7
"Adelaide-Alice Springs","Adelaide","Alice Springs","Virgin Australia","Jul-24",14,14,0,14,13,0,1,2024,7
"Adelaide-Brisbane","Adelaide","Brisbane","Virgin Australia","Jul-24",130,130,0,97,101,33,29,2024,7
"Adelaide-Canberra","Adelaide","Canberra","Virgin Australia","Jul-24",17,16,1,15,16,1,0,2024,7
"Adelaide-Gold Coast","Adelaide","Gold Coast","Virgin Australia","Jul-24",31,31,0,22,24,9,7,2024,7
"Adelaide-Melbourne","Adelaide","Melbourne","Virgin Australia","Jul-24",245,243,2,172,165,71,78,2024,7
"Adelaide-Perth","Adelaide","Perth","Virgin Australia","Jul-24",47,47,0,34,29,13,18,2024,7
"Adelaide-Sydney","Adelaide","Sydney","Virgin Australia","Jul-24",171,168,3,134,122,34,46,2024,7
"Alice Springs-Adelaide","Alice Springs","Adelaide","Virgin Australia","Jul-24",14,14,0,8,10,6,4,2024,7
"Ballina-Sydney","Ballina","Sydney","Virgin Australia","Jul-24",47,47,0,35,29,12,18,2024,7
"Brisbane-Adelaide","Brisbane","Adelaide","Virgin Australia","Jul-24",130,130,0,102,110,28,20,2024,7
"Brisbane-Cairns","Brisbane","Cairns","Virgin Australia","Jul-24",161,161,0,126,112,35,49,2024,7
"Brisbane-Canberra","Brisbane","Canberra","Virgin Australia","Jul-24",115,115,0,78,82,37,33,2024,7
"Brisbane-Darwin","Brisbane","Darwin","Virgin Australia","Jul-24",52,52,0,30,28,22,24,2024,7
"Brisbane-Emerald","Brisbane","Emerald","Virgin Australia","Jul-24",27,27,0,18,17,9,10,2024,7
"Brisbane-Gladstone","Brisbane","Gladstone","Virgin Australia","Jul-24",36,36,0,21,23,15,13,2024,7
"Brisbane-Hamilton Island","Brisbane","Hamilton Island","Virgin Australia","Jul-24",32,32,0,27,27,5,5,2024,7
"Brisbane-Hobart","Brisbane","Hobart","Virgin Australia","Jul-24",39,39,0,33,34,6,5,2024,7
"Brisbane-Launceston","Brisbane","Launceston","Virgin Australia","Jul-24",17,17,0,13,13,4,4,2024,7
"Brisbane-Mackay","Brisbane","Mackay","Virgin Australia","Jul-24",144,144,0,100,96,44,48,2024,7
"Brisbane-Melbourne","Brisbane","Melbourne","Virgin Australia","Jul-24",390,389,1,288,271,101,118,2024,7
"Brisbane-Mount Isa","Brisbane","Mount Isa","Virgin Australia","Jul-24",14,14,0,12,7,2,7,2024,7
"Brisbane-Newcastle","Brisbane","Newcastle","Virgin Australia","Jul-24",85,85,0,46,41,39,44,2024,7
"Brisbane-Perth","Brisbane","Perth","Virgin Australia","Jul-24",127,126,1,91,98,35,28,2024,7
"Brisbane-Proserpine","Brisbane","Proserpine","Virgin Australia","Jul-24",35,35,0,27,23,8,12,2024,7
"Brisbane-Rockhampton","Brisbane","Rockhampton","Virgin Australia","Jul-24",166,166,0,103,76,63,90,2024,7
"Brisbane-Sydney","Brisbane","Sydney","Virgin Australia","Jul-24",468,456,12,367,325,89,131,2024,7
"Brisbane-Townsville","Brisbane","Townsville","Virgin Australia","Jul-24",144,144,0,97,83,47,61,2024,7
"Broome-Perth","Broome","Perth","Virgin Australia","Jul-24",42,42,0,30,31,12,11,2024,7
"Cairns-Brisbane","Cairns","Brisbane","Virgin Australia","Jul-24",161,161,0,97,126,64,35,2024,7
"Cairns-Melbourne","Cairns","Melbourne","Virgin Australia","Jul-24",85,85,0,48,54,37,31,2024,7
"Cairns-Sydney","Cairns","Sydney","Virgin Australia","Jul-24",94,94,0,76,73,18,21,2024,7
"Canberra-Adelaide","Canberra","Adelaide","Virgin Australia","Jul-24",17,16,1,15,15,1,1,2024,7
"Canberra-Brisbane","Canberra","Brisbane","Virgin Australia","Jul-24",115,115,0,81,79,34,36,2024,7
"Canberra-Gold Coast","Canberra","Gold Coast","Virgin Australia","Jul-24",31,31,0,19,18,12,13,2024,7
"Canberra-Melbourne","Canberra","Melbourne","Virgin Australia","Jul-24",120,120,0,76,74,44,46,2024,7
"Canberra-Sydney","Canberra","Sydney","Virgin Australia","Jul-24",262,246,16,207,195,39,51,2024,7
"Darwin-Brisbane","Darwin","Brisbane","Virgin Australia","Jul-24",52,52,0,26,30,26,22,2024,7
"Darwin-Melbourne","Darwin","Melbourne","Virgin Australia","Jul-24",32,31,1,13,11,18,20,2024,7
"Emerald-Brisbane","Emerald","Brisbane","Virgin Australia","Jul-24",27,27,0,19,20,8,7,2024,7
"Gladstone-Brisbane","Gladstone","Brisbane","Virgin Australia","Jul-24",36,36,0,25,24,11,12,2024,7
"Gold Coast-Adelaide","Gold Coast","Adelaide","Virgin Australia","Jul-24",31,31,0,18,22,13,9,2024,7
"Gold Coast-Canberra","Gold Coast","Canberra","Virgin Australia","Jul-24",31,31,0,16,17,15,14,2024,7
"Gold Coast-Melbourne","Gold Coast","Melbourne","Virgin Australia","Jul-24",236,236,0,121,140,115,96,2024,7
"Gold Coast-Sydney","Gold Coast","Sydney","Virgin Australia","Jul-24",322,318,4,215,212,103,106,2024,7
"Hamilton Island-Brisbane","Hamilton Island","Brisbane","Virgin Australia","Jul-24",32,32,0,26,26,6,6,2024,7
"Hamilton Island-Sydney","Hamilton Island","Sydney","Virgin Australia","Jul-24",31,31,0,19,18,12,13,2024,7
"Hobart-Brisbane","Hobart","Brisbane","Virgin Australia","Jul-24",39,39,0,31,27,8,12,2024,7
"Hobart-Melbourne","Hobart","Melbourne","Virgin Australia","Jul-24",122,122,0,90,95,32,27,2024,7
"Hobart-Sydney","Hobart","Sydney","Virgin Australia","Jul-24",78,78,0,65,59,13,19,2024,7
"Kalgoorlie-Perth","Kalgoorlie","Perth","Virgin Australia","Jul-24",86,79,7,46,46,33,33,2024,7
"Karratha-Perth","Karratha","Perth","Virgin Australia","Jul-24",74,72,2,60,49,12,23,2024,7
"Launceston-Brisbane","Launceston","Brisbane","Virgin Australia","Jul-24",17,17,0,12,13,5,4,2024,7
"Launceston-Melbourne","Launceston","Melbourne","Virgin Australia","Jul-24",92,92,0,73,70,19,22,2024,7
"Launceston-Sydney","Launceston","Sydney","Virgin Australia","Jul-24",31,31,0,24,17,7,14,2024,7
"Mackay-Brisbane","Mackay","Brisbane","Virgin Australia","Jul-24",144,144,0,101,110,43,34,2024,7
"Melbourne-Adelaide","Melbourne","Adelaide","Virgin Australia","Jul-24",246,244,2,186,171,58,73,2024,7
"Melbourne-Brisbane","Melbourne","Brisbane","Virgin Australia","Jul-24",394,393,1,297,262,96,131,2024,7
"Melbourne-Cairns","Melbourne","Cairns","Virgin Australia","Jul-24",85,85,0,70,66,15,19,2024,7
"Melbourne-Canberra","Melbourne","Canberra","Virgin Australia","Jul-24",120,120,0,84,75,36,45,2024,7
"Melbourne-Darwin","Melbourne","Darwin","Virgin Australia","Jul-24",31,31,0,21,20,10,11,2024,7
"Melbourne-Gold Coast","Melbourne","Gold Coast","Virgin Australia","Jul-24",237,237,0,169,159,68,78,2024,7
"Melbourne-Hobart","Melbourne","Hobart","Virgin Australia","Jul-24",122,122,0,95,86,27,36,2024,7
"Melbourne-Launceston","Melbourne","Launceston","Virgin Australia","Jul-24",92,92,0,71,66,21,26,2024,7
"Melbourne-Newcastle","Melbourne","Newcastle","Virgin Australia","Jul-24",43,43,0,35,28,8,15,2024,7
"Melbourne-Perth","Melbourne","Perth","Virgin Australia","Jul-24",214,211,3,148,153,63,58,2024,7
"Melbourne-Sunshine Coast","Melbourne","Sunshine Coast","Virgin Australia","Jul-24",66,66,0,49,52,17,14,2024,7
"Melbourne-Sydney","Melbourne","Sydney","Virgin Australia","Jul-24",749,688,61,560,472,128,216,2024,7
"Mount Isa-Brisbane","Mount Isa","Brisbane","Virgin Australia","Jul-24",14,14,0,8,9,6,5,2024,7
"Newcastle-Brisbane","Newcastle","Brisbane","Virgin Australia","Jul-24",85,85,0,53,48,32,37,2024,7
"Newcastle-Melbourne","Newcastle","Melbourne","Virgin Australia","Jul-24",44,43,1,30,31,13,12,2024,7
"Newman-Perth","Newman","Perth","Virgin Australia","Jul-24",46,46,0,36,31,10,15,2024,7
"Perth-Adelaide","Perth","Adelaide","Virgin Australia","Jul-24",46,46,0,39,38,7,8,2024,7
"Perth-Brisbane","Perth","Brisbane","Virgin Australia","Jul-24",126,126,0,88,117,38,9,2024,7
"Perth-Broome","Perth","Broome","Virgin Australia","Jul-24",42,42,0,32,35,10,7,2024,7
"Perth-Kalgoorlie","Perth","Kalgoorlie","Virgin Australia","Jul-24",86,79,7,66,59,13,20,2024,7
"Perth-Karratha","Perth","Karratha","Virgin Australia","Jul-24",75,73,2,62,58,11,15,2024,7
"Perth-Melbourne","Perth","Melbourne","Virgin Australia","Jul-24",224,221,3,170,182,51,39,2024,7
"Perth-Newman","Perth","Newman","Virgin Australia","Jul-24",46,46,0,42,40,4,6,2024,7
"Perth-Port Hedland","Perth","Port Hedland","Virgin Australia","Jul-24",32,28,4,24,23,4,5,2024,7
"Perth-Sydney","Perth","Sydney","Virgin Australia","Jul-24",158,154,4,110,131,44,23,2024,7
"Port Hedland-Perth","Port Hedland","Perth","Virgin Australia","Jul-24",32,28,4,19,14,9,14,2024,7
"Proserpine-Brisbane","Proserpine","Brisbane","Virgin Australia","Jul-24",35,35,0,16,21,19,14,2024,7
"Rockhampton-Brisbane","Rockhampton","Brisbane","Virgin Australia","Jul-24",166,165,1,88,81,77,84,2024,7
"Sunshine Coast-Melbourne","Sunshine Coast","Melbourne","Virgin Australia","Jul-24",66,66,0,41,49,25,17,2024,7
"Sunshine Coast-Sydney","Sunshine Coast","Sydney","Virgin Australia","Jul-24",69,69,0,51,33,18,36,2024,7
"Sydney-Adelaide","Sydney","Adelaide","Virgin Australia","Jul-24",171,168,3,119,119,49,49,2024,7
"Sydney-Ballina","Sydney","Ballina","Virgin Australia","Jul-24",47,47,0,38,33,9,14,2024,7
"Sydney-Brisbane","Sydney","Brisbane","Virgin Australia","Jul-24",464,453,11,371,350,82,103,2024,7
"Sydney-Cairns","Sydney","Cairns","Virgin Australia","Jul-24",94,94,0,80,80,14,14,2024,7
"Sydney-Canberra","Sydney","Canberra","Virgin Australia","Jul-24",262,245,17,182,195,63,50,2024,7
"Sydney-Gold Coast","Sydney","Gold Coast","Virgin Australia","Jul-24",322,320,2,242,227,78,93,2024,7
"Sydney-Hamilton Island","Sydney","Hamilton Island","Virgin Australia","Jul-24",31,31,0,23,23,8,8,2024,7
"Sydney-Hobart","Sydney","Hobart","Virgin Australia","Jul-24",78,78,0,68,69,10,9,2024,7
"Sydney-Launceston","Sydney","Launceston","Virgin Australia","Jul-24",31,31,0,20,27,11,4,2024,7
"Sydney-Melbourne","Sydney","Melbourne","Virgin Australia","Jul-24",741,678,63,507,473,171,205,2024,7
"Sydney-Perth","Sydney","Perth","Virgin Australia","Jul-24",172,171,1,135,119,36,52,2024,7
"Sydney-Sunshine Coast","Sydney","Sunshine Coast","Virgin Australia","Jul-24",69,69,0,56,52,13,17,2024,7
"Townsville-Brisbane","Townsville","Brisbane","Virgin Australia","Jul-24",143,143,0,79,90,64,53,2024,7
"Adelaide-Perth","Adelaide","Perth","Virgin Australia Regional Airlines","Jul-24",28,26,2,11,9,15,17,2024,7
"Broome-Perth","Broome","Perth","Virgin Australia Regional Airlines","Jul-24",12,12,0,1,2,11,10,2024,7
"Darwin-Perth","Darwin","Perth","Virgin Australia Regional Airlines","Jul-24",23,23,0,14,8,9,15,2024,7
"Kalgoorlie-Perth","Kalgoorlie","Perth","Virgin Australia Regional Airlines","Jul-24",24,23,1,11,13,12,10,2024,7
"Karratha-Perth","Karratha","Perth","Virgin Australia Regional Airlines","Jul-24",13,12,1,7,8,5,4,2024,7
"Newman-Perth","Newman","Perth","Virgin Australia Regional Airlines","Jul-24",14,13,1,13,12,0,1,2024,7
"Perth-Adelaide","Perth","Adelaide","Virgin Australia Regional Airlines","Jul-24",28,26,2,12,16,14,10,2024,7
"Perth-Broome","Perth","Broome","Virgin Australia Regional Airlines","Jul-24",12,12,0,8,11,4,1,2024,7
"Perth-Darwin","Perth","Darwin","Virgin Australia Regional Airlines","Jul-24",23,23,0,12,13,11,10,2024,7
"Perth-Kalgoorlie","Perth","Kalgoorlie","Virgin Australia Regional Airlines","Jul-24",24,23,1,16,15,7,8,2024,7
"Perth-Karratha","Perth","Karratha","Virgin Australia Regional Airlines","Jul-24",13,12,1,9,9,3,3,2024,7
"Perth-Newman","Perth","Newman","Virgin Australia Regional Airlines","Jul-24",14,13,1,12,13,1,0,2024,7
"Perth-Port Hedland","Perth","Port Hedland","Virgin Australia Regional Airlines","Jul-24",27,27,0,22,23,5,4,2024,7
"Port Hedland-Perth","Port Hedland","Perth","Virgin Australia Regional Airlines","Jul-24",27,27,0,17,14,10,13,2024,7
"Adelaide-Alice Springs","Adelaide","Alice Springs","All Airlines","Jul-24",68,68,0,58,59,10,9,2024,7
"Adelaide-Brisbane","Adelaide","Brisbane","All Airlines","Jul-24",347,344,3,276,282,68,62,2024,7
"Adelaide-Canberra","Adelaide","Canberra","All Airlines","Jul-24",102,100,2,81,79,19,21,2024,7
"Adelaide-Gold Coast","Adelaide","Gold Coast","All Airlines","Jul-24",71,70,1,55,55,15,15,2024,7
"Adelaide-Melbourne","Adelaide","Melbourne","All Airlines","Jul-24",683,674,9,457,442,217,232,2024,7
"Adelaide-Perth","Adelaide","Perth","All Airlines","Jul-24",213,209,4,155,144,54,65,2024,7
"Adelaide-Port Lincoln","Adelaide","Port Lincoln","All Airlines","Jul-24",301,290,11,239,232,51,58,2024,7
"Adelaide-Sydney","Adelaide","Sydney","All Airlines","Jul-24",590,561,29,420,400,141,161,2024,7
"Albury-Sydney","Albury","Sydney","All Airlines","Jul-24",196,195,1,144,126,51,69,2024,7
"Alice Springs-Adelaide","Alice Springs","Adelaide","All Airlines","Jul-24",68,68,0,54,55,14,13,2024,7
"Ballina-Sydney","Ballina","Sydney","All Airlines","Jul-24",188,184,4,142,137,42,47,2024,7
"Brisbane-Adelaide","Brisbane","Adelaide","All Airlines","Jul-24",347,344,3,269,287,75,57,2024,7
"Brisbane-Cairns","Brisbane","Cairns","All Airlines","Jul-24",448,446,2,314,277,132,169,2024,7
"Brisbane-Canberra","Brisbane","Canberra","All Airlines","Jul-24",295,294,1,209,220,85,74,2024,7
"Brisbane-Darwin","Brisbane","Darwin","All Airlines","Jul-24",133,132,1,91,70,41,62,2024,7
"Brisbane-Emerald","Brisbane","Emerald","All Airlines","Jul-24",167,161,6,136,129,25,32,2024,7
"Brisbane-Gladstone","Brisbane","Gladstone","All Airlines","Jul-24",176,173,3,129,121,44,52,2024,7
"Brisbane-Hamilton Island","Brisbane","Hamilton Island","All Airlines","Jul-24",58,58,0,45,41,13,17,2024,7
"Brisbane-Hobart","Brisbane","Hobart","All Airlines","Jul-24",81,81,0,63,66,18,15,2024,7
"Brisbane-Launceston","Brisbane","Launceston","All Airlines","Jul-24",41,41,0,28,32,13,9,2024,7
"Brisbane-Mackay","Brisbane","Mackay","All Airlines","Jul-24",295,293,2,205,197,88,96,2024,7
"Brisbane-Melbourne","Brisbane","Melbourne","All Airlines","Jul-24",1024,995,29,670,664,325,331,2024,7
"Brisbane-Mount Isa","Brisbane","Mount Isa","All Airlines","Jul-24",68,68,0,59,55,9,13,2024,7
"Brisbane-Newcastle","Brisbane","Newcastle","All Airlines","Jul-24",229,228,1,148,137,80,91,2024,7
"Brisbane-Perth","Brisbane","Perth","All Airlines","Jul-24",310,307,3,218,230,89,77,2024,7
"Brisbane-Proserpine","Brisbane","Proserpine","All Airlines","Jul-24",83,83,0,56,54,27,29,2024,7
"Brisbane-Rockhampton","Brisbane","Rockhampton","All Airlines","Jul-24",363,361,2,257,231,104,130,2024,7
"Brisbane-Sydney","Brisbane","Sydney","All Airlines","Jul-24",1386,1345,41,1035,977,310,368,2024,7
"Brisbane-Townsville","Brisbane","Townsville","All Airlines","Jul-24",389,387,2,275,232,112,155,2024,7
"Broome-Perth","Broome","Perth","All Airlines","Jul-24",138,137,1,86,80,51,57,2024,7
"Cairns-Brisbane","Cairns","Brisbane","All Airlines","Jul-24",447,445,2,269,321,176,124,2024,7
"Cairns-Melbourne","Cairns","Melbourne","All Airlines","Jul-24",236,234,2,123,140,111,94,2024,7
"Cairns-Sydney","Cairns","Sydney","All Airlines","Jul-24",282,280,2,208,214,72,66,2024,7
"Cairns-Townsville","Cairns","Townsville","All Airlines","Jul-24",159,158,1,131,140,27,18,2024,7
"Canberra-Adelaide","Canberra","Adelaide","All Airlines","Jul-24",102,99,3,75,79,24,20,2024,7
"Canberra-Brisbane","Canberra","Brisbane","All Airlines","Jul-24",296,292,4,201,194,91,98,2024,7
"Canberra-Gold Coast","Canberra","Gold Coast","All Airlines","Jul-24",49,48,1,29,28,19,20,2024,7
"Canberra-Melbourne","Canberra","Melbourne","All Airlines","Jul-24",382,369,13,236,229,133,140,2024,7
"Canberra-Sydney","Canberra","Sydney","All Airlines","Jul-24",690,641,49,522,498,119,143,2024,7
"Coffs Harbour-Sydney","Coffs Harbour","Sydney","All Airlines","Jul-24",208,206,2,150,145,56,61,2024,7
"Darwin-Brisbane","Darwin","Brisbane","All Airlines","Jul-24",134,133,1,54,70,79,63,2024,7
"Darwin-Melbourne","Darwin","Melbourne","All Airlines","Jul-24",94,91,3,45,51,46,40,2024,7
"Darwin-Perth","Darwin","Perth","All Airlines","Jul-24",69,66,3,33,24,33,42,2024,7
"Devonport-Melbourne","Devonport","Melbourne","All Airlines","Jul-24",170,166,4,114,109,52,57,2024,7
"Dubbo-Sydney","Dubbo","Sydney","All Airlines","Jul-24",244,233,11,162,142,71,91,2024,7
"Emerald-Brisbane","Emerald","Brisbane","All Airlines","Jul-24",167,161,6,131,140,30,21,2024,7
"Gladstone-Brisbane","Gladstone","Brisbane","All Airlines","Jul-24",176,173,3,131,129,42,44,2024,7
"Gold Coast-Adelaide","Gold Coast","Adelaide","All Airlines","Jul-24",71,70,1,51,55,19,15,2024,7
"Gold Coast-Canberra","Gold Coast","Canberra","All Airlines","Jul-24",47,47,0,27,30,20,17,2024,7
"Gold Coast-Melbourne","Gold Coast","Melbourne","All Airlines","Jul-24",549,534,15,315,335,219,199,2024,7
"Gold Coast-Sydney","Gold Coast","Sydney","All Airlines","Jul-24",742,724,18,531,535,193,189,2024,7
"Hamilton Island-Brisbane","Hamilton Island","Brisbane","All Airlines","Jul-24",58,58,0,37,38,21,20,2024,7
"Hamilton Island-Sydney","Hamilton Island","Sydney","All Airlines","Jul-24",82,82,0,41,42,41,40,2024,7
"Hobart-Brisbane","Hobart","Brisbane","All Airlines","Jul-24",82,82,0,59,58,23,24,2024,7
"Hobart-Melbourne","Hobart","Melbourne","All Airlines","Jul-24",433,414,19,272,276,142,138,2024,7
"Hobart-Sydney","Hobart","Sydney","All Airlines","Jul-24",237,236,1,180,176,56,60,2024,7
"Kalgoorlie-Perth","Kalgoorlie","Perth","All Airlines","Jul-24",201,186,15,121,116,65,70,2024,7
"Karratha-Perth","Karratha","Perth","All Airlines","Jul-24",245,235,10,167,150,68,85,2024,7
"Launceston-Brisbane","Launceston","Brisbane","All Airlines","Jul-24",42,41,1,26,24,15,17,2024,7
"Launceston-Melbourne","Launceston","Melbourne","All Airlines","Jul-24",272,255,17,160,163,95,92,2024,7
"Launceston-Sydney","Launceston","Sydney","All Airlines","Jul-24",102,100,2,70,63,30,37,2024,7
"Mackay-Brisbane","Mackay","Brisbane","All Airlines","Jul-24",300,297,3,198,217,99,80,2024,7
"Melbourne-Adelaide","Melbourne","Adelaide","All Airlines","Jul-24",684,676,8,490,456,186,220,2024,7
"Melbourne-Brisbane","Melbourne","Brisbane","All Airlines","Jul-24",1026,1000,26,675,607,325,393,2024,7
"Melbourne-Cairns","Melbourne","Cairns","All Airlines","Jul-24",236,235,1,155,152,80,83,2024,7
"Melbourne-Canberra","Melbourne","Canberra","All Airlines","Jul-24",382,368,14,251,243,117,125,2024,7
"Melbourne-Darwin","Melbourne","Darwin","All Airlines","Jul-24",93,91,2,60,65,31,26,2024,7
"Melbourne-Devonport","Melbourne","Devonport","All Airlines","Jul-24",169,166,3,120,115,46,51,2024,7
"Melbourne-Gold Coast","Melbourne","Gold Coast","All Airlines","Jul-24",549,537,12,367,360,170,177,2024,7
"Melbourne-Hobart","Melbourne","Hobart","All Airlines","Jul-24",432,416,16,287,270,129,146,2024,7
"Melbourne-Launceston","Melbourne","Launceston","All Airlines","Jul-24",272,258,14,165,153,93,105,2024,7
"Melbourne-Mildura","Melbourne","Mildura","All Airlines","Jul-24",216,210,6,127,122,83,88,2024,7
"Melbourne-Newcastle","Melbourne","Newcastle","All Airlines","Jul-24",159,158,1,119,105,39,53,2024,7
"Melbourne-Perth","Melbourne","Perth","All Airlines","Jul-24",533,520,13,365,362,155,158,2024,7
"Melbourne-Sunshine Coast","Melbourne","Sunshine Coast","All Airlines","Jul-24",179,179,0,125,126,54,53,2024,7
"Melbourne-Sydney","Melbourne","Sydney","All Airlines","Jul-24",2352,2146,206,1682,1495,464,651,2024,7
"Mildura-Melbourne","Mildura","Melbourne","All Airlines","Jul-24",216,210,6,110,117,100,93,2024,7
"Mount Isa-Brisbane","Mount Isa","Brisbane","All Airlines","Jul-24",68,68,0,51,53,17,15,2024,7
"Newcastle-Brisbane","Newcastle","Brisbane","All Airlines","Jul-24",229,227,2,157,148,70,79,2024,7
"Newcastle-Melbourne","Newcastle","Melbourne","All Airlines","Jul-24",159,157,2,114,117,43,40,2024,7
"Newman-Perth","Newman","Perth","All Airlines","Jul-24",185,182,3,147,120,35,62,2024,7
"Perth-Adelaide","Perth","Adelaide","All Airlines","Jul-24",212,208,4,148,160,60,48,2024,7
"Perth-Brisbane","Perth","Brisbane","All Airlines","Jul-24",309,307,2,220,264,87,43,2024,7
"Perth-Broome","Perth","Broome","All Airlines","Jul-24",139,139,0,94,110,45,29,2024,7
"Perth-Darwin","Perth","Darwin","All Airlines","Jul-24",71,68,3,43,36,25,32,2024,7
"Perth-Kalgoorlie","Perth","Kalgoorlie","All Airlines","Jul-24",201,186,15,150,139,36,47,2024,7
"Perth-Karratha","Perth","Karratha","All Airlines","Jul-24",247,240,7,190,194,50,46,2024,7
"Perth-Melbourne","Perth","Melbourne","All Airlines","Jul-24",544,529,15,389,417,140,112,2024,7
"Perth-Newman","Perth","Newman","All Airlines","Jul-24",185,183,2,159,158,24,25,2024,7
"Perth-Port Hedland","Perth","Port Hedland","All Airlines","Jul-24",210,203,7,160,165,43,38,2024,7
"Perth-Sydney","Perth","Sydney","All Airlines","Jul-24",420,412,8,261,304,151,108,2024,7
"Port Hedland-Perth","Port Hedland","Perth","All Airlines","Jul-24",207,200,7,137,104,63,96,2024,7
"Port Lincoln-Adelaide","Port Lincoln","Adelaide","All Airlines","Jul-24",301,290,11,231,234,59,56,2024,7
"Port Macquarie-Sydney","Port Macquarie","Sydney","All Airlines","Jul-24",168,161,7,118,114,43,47,2024,7
"Proserpine-Brisbane","Proserpine","Brisbane","All Airlines","Jul-24",84,84,0,40,48,44,36,2024,7
"Rockhampton-Brisbane","Rockhampton","Brisbane","All Airlines","Jul-24",363,357,6,239,230,118,127,2024,7
"Sunshine Coast-Melbourne","Sunshine Coast","Melbourne","All Airlines","Jul-24",179,179,0,89,115,90,64,2024,7
"Sunshine Coast-Sydney","Sunshine Coast","Sydney","All Airlines","Jul-24",218,212,6,146,130,66,82,2024,7
"Sydney-Adelaide","Sydney","Adelaide","All Airlines","Jul-24",589,564,25,387,402,177,162,2024,7
"Sydney-Albury","Sydney","Albury","All Airlines","Jul-24",196,195,1,142,145,53,50,2024,7
"Sydney-Ballina","Sydney","Ballina","All Airlines","Jul-24",187,184,3,151,150,33,34,2024,7
"Sydney-Brisbane","Sydney","Brisbane","All Airlines","Jul-24",1383,1348,35,995,924,353,424,2024,7
"Sydney-Cairns","Sydney","Cairns","All Airlines","Jul-24",282,281,1,211,200,70,81,2024,7
"Sydney-Canberra","Sydney","Canberra","All Airlines","Jul-24",689,647,42,509,521,138,126,2024,7
"Sydney-Coffs Harbour","Sydney","Coffs Harbour","All Airlines","Jul-24",208,207,1,127,147,80,60,2024,7
"Sydney-Dubbo","Sydney","Dubbo","All Airlines","Jul-24",246,235,11,144,160,91,75,2024,7
"Sydney-Gold Coast","Sydney","Gold Coast","All Airlines","Jul-24",740,727,13,537,528,190,199,2024,7
"Sydney-Hamilton Island","Sydney","Hamilton Island","All Airlines","Jul-24",81,81,0,56,51,25,30,2024,7
"Sydney-Hobart","Sydney","Hobart","All Airlines","Jul-24",237,235,2,184,190,51,45,2024,7
"Sydney-Launceston","Sydney","Launceston","All Airlines","Jul-24",101,99,2,67,77,32,22,2024,7
"Sydney-Melbourne","Sydney","Melbourne","All Airlines","Jul-24",2350,2145,205,1535,1503,610,642,2024,7
"Sydney-Perth","Sydney","Perth","All Airlines","Jul-24",433,429,4,287,292,142,137,2024,7
"Sydney-Port Macquarie","Sydney","Port Macquarie","All Airlines","Jul-24",168,161,7,120,127,41,34,2024,7
"Sydney-Sunshine Coast","Sydney","Sunshine Coast","All Airlines","Jul-24",217,214,3,157,162,57,52,2024,7
"Sydney-Wagga Wagga","Sydney","Wagga Wagga","All Airlines","Jul-24",209,204,5,149,151,55,53,2024,7
"Townsville-Brisbane","Townsville","Brisbane","All Airlines","Jul-24",388,386,2,217,242,169,144,2024,7
"Townsville-Cairns","Townsville","Cairns","All Airlines","Jul-24",159,156,3,142,136,14,20,2024,7
"Wagga Wagga-Sydney","Wagga Wagga","Sydney","All Airlines","Jul-24",210,201,9,147,146,54,55,2024,7
"Adelaide-Brisbane","Adelaide","Brisbane","Jetstar","Aug-24",37,37,0,31,30,6,7,2024,8
"Adelaide-Gold Coast","Adelaide","Gold Coast","Jetstar","Aug-24",31,31,0,25,25,6,6,2024,8
"Adelaide-Melbourne","Adelaide","Melbourne","Jetstar","Aug-24",115,114,1,77,83,37,31,2024,8
"Adelaide-Perth","Adelaide","Perth","Jetstar","Aug-24",31,31,0,20,17,11,14,2024,8
"Adelaide-Sydney","Adelaide","Sydney","Jetstar","Aug-24",125,120,5,90,93,30,27,2024,8
"Ballina-Sydney","Ballina","Sydney","Jetstar","Aug-24",71,71,0,61,59,10,12,2024,8
"Brisbane-Adelaide","Brisbane","Adelaide","Jetstar","Aug-24",37,37,0,23,23,14,14,2024,8
"Brisbane-Cairns","Brisbane","Cairns","Jetstar","Aug-24",93,93,0,62,69,31,24,2024,8
"Brisbane-Canberra","Brisbane","Canberra","Jetstar","Aug-24",31,31,0,27,25,4,6,2024,8
"Brisbane-Darwin","Brisbane","Darwin","Jetstar","Aug-24",32,31,1,27,28,4,3,2024,8
"Brisbane-Hobart","Brisbane","Hobart","Jetstar","Aug-24",22,22,0,18,18,4,4,2024,8
"Brisbane-Launceston","Brisbane","Launceston","Jetstar","Aug-24",22,22,0,7,7,15,15,2024,8
"Brisbane-Mackay","Brisbane","Mackay","Jetstar","Aug-24",31,31,0,23,23,8,8,2024,8
"Brisbane-Melbourne","Brisbane","Melbourne","Jetstar","Aug-24",118,115,3,58,54,57,61,2024,8
"Brisbane-Newcastle","Brisbane","Newcastle","Jetstar","Aug-24",54,54,0,35,36,19,18,2024,8
"Brisbane-Perth","Brisbane","Perth","Jetstar","Aug-24",27,26,1,14,17,12,9,2024,8
"Brisbane-Proserpine","Brisbane","Proserpine","Jetstar","Aug-24",31,31,0,21,21,10,10,2024,8
"Brisbane-Sydney","Brisbane","Sydney","Jetstar","Aug-24",181,174,7,113,116,61,58,2024,8
"Brisbane-Townsville","Brisbane","Townsville","Jetstar","Aug-24",62,62,0,46,46,16,16,2024,8
"Cairns-Brisbane","Cairns","Brisbane","Jetstar","Aug-24",94,92,2,72,69,20,23,2024,8
"Cairns-Melbourne","Cairns","Melbourne","Jetstar","Aug-24",122,119,3,75,78,44,41,2024,8
"Cairns-Sydney","Cairns","Sydney","Jetstar","Aug-24",121,118,3,90,86,28,32,2024,8
"Canberra-Brisbane","Canberra","Brisbane","Jetstar","Aug-24",32,31,1,24,26,7,5,2024,8
"Canberra-Gold Coast","Canberra","Gold Coast","Jetstar","Aug-24",13,13,0,10,11,3,2,2024,8
"Canberra-Melbourne","Canberra","Melbourne","Jetstar","Aug-24",31,31,0,25,23,6,8,2024,8
"Darwin-Brisbane","Darwin","Brisbane","Jetstar","Aug-24",32,31,1,20,17,11,14,2024,8
"Darwin-Melbourne","Darwin","Melbourne","Jetstar","Aug-24",31,31,0,20,27,11,4,2024,8
"Gold Coast-Adelaide","Gold Coast","Adelaide","Jetstar","Aug-24",31,31,0,24,22,7,9,2024,8
"Gold Coast-Canberra","Gold Coast","Canberra","Jetstar","Aug-24",13,13,0,9,10,4,3,2024,8
"Gold Coast-Melbourne","Gold Coast","Melbourne","Jetstar","Aug-24",178,175,3,112,114,63,61,2024,8
"Gold Coast-Sydney","Gold Coast","Sydney","Jetstar","Aug-24",248,244,4,203,203,41,41,2024,8
"Hamilton Island-Sydney","Hamilton Island","Sydney","Jetstar","Aug-24",18,18,0,9,11,9,7,2024,8
"Hobart-Brisbane","Hobart","Brisbane","Jetstar","Aug-24",22,22,0,16,17,6,5,2024,8
"Hobart-Melbourne","Hobart","Melbourne","Jetstar","Aug-24",126,126,0,74,80,52,46,2024,8
"Hobart-Sydney","Hobart","Sydney","Jetstar","Aug-24",62,62,0,45,46,17,16,2024,8
"Launceston-Brisbane","Launceston","Brisbane","Jetstar","Aug-24",23,22,1,4,3,18,19,2024,8
"Launceston-Melbourne","Launceston","Melbourne","Jetstar","Aug-24",80,80,0,36,44,44,36,2024,8
"Launceston-Sydney","Launceston","Sydney","Jetstar","Aug-24",31,31,0,17,19,14,12,2024,8
"Mackay-Brisbane","Mackay","Brisbane","Jetstar","Aug-24",31,31,0,22,22,9,9,2024,8
"Melbourne-Adelaide","Melbourne","Adelaide","Jetstar","Aug-24",115,114,1,84,85,30,29,2024,8
"Melbourne-Brisbane","Melbourne","Brisbane","Jetstar","Aug-24",117,114,3,65,60,49,54,2024,8
"Melbourne-Cairns","Melbourne","Cairns","Jetstar","Aug-24",120,119,1,75,77,44,42,2024,8
"Melbourne-Canberra","Melbourne","Canberra","Jetstar","Aug-24",31,31,0,23,25,8,6,2024,8
"Melbourne-Darwin","Melbourne","Darwin","Jetstar","Aug-24",31,31,0,25,28,6,3,2024,8
"Melbourne-Gold Coast","Melbourne","Gold Coast","Jetstar","Aug-24",177,176,1,108,127,68,49,2024,8
"Melbourne-Hobart","Melbourne","Hobart","Jetstar","Aug-24",126,126,0,84,80,42,46,2024,8
"Melbourne-Launceston","Melbourne","Launceston","Jetstar","Aug-24",80,80,0,46,47,34,33,2024,8
"Melbourne-Newcastle","Melbourne","Newcastle","Jetstar","Aug-24",63,62,1,49,49,13,13,2024,8
"Melbourne-Perth","Melbourne","Perth","Jetstar","Aug-24",80,78,2,57,45,21,33,2024,8
"Melbourne-Sunshine Coast","Melbourne","Sunshine Coast","Jetstar","Aug-24",66,66,0,55,56,11,10,2024,8
"Melbourne-Sydney","Melbourne","Sydney","Jetstar","Aug-24",395,376,19,269,290,107,86,2024,8
"Newcastle-Brisbane","Newcastle","Brisbane","Jetstar","Aug-24",54,54,0,32,32,22,22,2024,8
"Newcastle-Melbourne","Newcastle","Melbourne","Jetstar","Aug-24",63,62,1,46,45,16,17,2024,8
"Perth-Adelaide","Perth","Adelaide","Jetstar","Aug-24",31,31,0,18,23,13,8,2024,8
"Perth-Brisbane","Perth","Brisbane","Jetstar","Aug-24",27,26,1,10,13,16,13,2024,8
"Perth-Melbourne","Perth","Melbourne","Jetstar","Aug-24",80,78,2,39,59,39,19,2024,8
"Perth-Sydney","Perth","Sydney","Jetstar","Aug-24",54,51,3,23,28,28,23,2024,8
"Proserpine-Brisbane","Proserpine","Brisbane","Jetstar","Aug-24",31,31,0,19,18,12,13,2024,8
"Sunshine Coast-Melbourne","Sunshine Coast","Melbourne","Jetstar","Aug-24",66,66,0,48,50,18,16,2024,8
"Sunshine Coast-Sydney","Sunshine Coast","Sydney","Jetstar","Aug-24",86,84,2,68,65,16,19,2024,8
"Sydney-Adelaide","Sydney","Adelaide","Jetstar","Aug-24",125,120,5,95,86,25,34,2024,8
"Sydney-Ballina","Sydney","Ballina","Jetstar","Aug-24",71,71,0,66,66,5,5,2024,8
"Sydney-Brisbane","Sydney","Brisbane","Jetstar","Aug-24",181,174,7,102,107,72,67,2024,8
"Sydney-Cairns","Sydney","Cairns","Jetstar","Aug-24",121,119,2,88,91,31,28,2024,8
"Sydney-Gold Coast","Sydney","Gold Coast","Jetstar","Aug-24",248,244,4,192,198,52,46,2024,8
"Sydney-Hamilton Island","Sydney","Hamilton Island","Jetstar","Aug-24",18,18,0,14,14,4,4,2024,8
"Sydney-Hobart","Sydney","Hobart","Jetstar","Aug-24",62,62,0,50,49,12,13,2024,8
"Sydney-Launceston","Sydney","Launceston","Jetstar","Aug-24",31,31,0,25,25,6,6,2024,8
"Sydney-Melbourne","Sydney","Melbourne","Jetstar","Aug-24",396,383,13,294,294,89,89,2024,8
"Sydney-Perth","Sydney","Perth","Jetstar","Aug-24",54,52,2,36,28,16,24,2024,8
"Sydney-Sunshine Coast","Sydney","Sunshine Coast","Jetstar","Aug-24",85,85,0,70,71,15,14,2024,8
"Townsville-Brisbane","Townsville","Brisbane","Jetstar","Aug-24",62,62,0,38,31,24,31,2024,8
"Adelaide-Melbourne","Adelaide","Melbourne","Qantas","Aug-24",267,264,3,175,191,89,73,2024,8
"Adelaide-Perth","Adelaide","Perth","Qantas","Aug-24",92,92,0,74,63,18,29,2024,8
"Adelaide-Sydney","Adelaide","Sydney","Qantas","Aug-24",256,235,21,164,176,71,59,2024,8
"Brisbane-Cairns","Brisbane","Cairns","Qantas","Aug-24",70,70,0,49,52,21,18,2024,8
"Brisbane-Darwin","Brisbane","Darwin","Qantas","Aug-24",22,22,0,13,15,9,7,2024,8
"Brisbane-Mackay","Brisbane","Mackay","Qantas","Aug-24",110,110,0,80,87,30,23,2024,8
"Brisbane-Melbourne","Brisbane","Melbourne","Qantas","Aug-24",370,364,6,269,246,95,118,2024,8
"Brisbane-Mount Isa","Brisbane","Mount Isa","Qantas","Aug-24",48,48,0,38,40,10,8,2024,8
"Brisbane-Perth","Brisbane","Perth","Qantas","Aug-24",154,154,0,123,102,31,52,2024,8
"Brisbane-Sydney","Brisbane","Sydney","Qantas","Aug-24",554,544,10,412,384,132,160,2024,8
"Brisbane-Townsville","Brisbane","Townsville","Qantas","Aug-24",20,20,0,14,16,6,4,2024,8
"Cairns-Brisbane","Cairns","Brisbane","Qantas","Aug-24",70,70,0,48,51,22,19,2024,8
"Cairns-Melbourne","Cairns","Melbourne","Qantas","Aug-24",31,30,1,14,16,16,14,2024,8
"Cairns-Sydney","Cairns","Sydney","Qantas","Aug-24",45,45,0,21,25,24,20,2024,8
"Canberra-Melbourne","Canberra","Melbourne","Qantas","Aug-24",4,3,1,2,3,1,0,2024,8
"Melbourne-Canberra","Melbourne","Canberra","Qantas","Aug-24",4,3,1,2,2,1,1,2024,8
"Canberra-Sydney","Canberra","Sydney","Qantas","Aug-24",66,60,6,44,46,16,14,2024,8
"Darwin-Brisbane","Darwin","Brisbane","Qantas","Aug-24",23,23,0,4,9,19,14,2024,8
"Darwin-Melbourne","Darwin","Melbourne","Qantas","Aug-24",31,31,0,11,13,20,18,2024,8
"Gold Coast-Melbourne","Gold Coast","Melbourne","Qantas","Aug-24",32,32,0,21,20,11,12,2024,8
"Gold Coast-Sydney","Gold Coast","Sydney","Qantas","Aug-24",92,91,1,66,66,25,25,2024,8
"Hamilton Island-Sydney","Hamilton Island","Sydney","Qantas","Aug-24",31,30,1,13,13,17,17,2024,8
"Hobart-Sydney","Hobart","Sydney","Qantas","Aug-24",76,76,0,61,66,15,10,2024,8
"Kalgoorlie-Perth","Kalgoorlie","Perth","Qantas","Aug-24",21,21,0,18,18,3,3,2024,8
"Karratha-Perth","Karratha","Perth","Qantas","Aug-24",4,4,0,3,3,1,1,2024,8
"Mackay-Brisbane","Mackay","Brisbane","Qantas","Aug-24",111,111,0,86,76,25,35,2024,8
"Melbourne-Adelaide","Melbourne","Adelaide","Qantas","Aug-24",266,263,3,187,157,76,106,2024,8
"Melbourne-Brisbane","Melbourne","Brisbane","Qantas","Aug-24",373,367,6,255,250,112,117,2024,8
"Melbourne-Cairns","Melbourne","Cairns","Qantas","Aug-24",31,30,1,22,20,8,10,2024,8
"Melbourne-Darwin","Melbourne","Darwin","Qantas","Aug-24",31,31,0,14,19,17,12,2024,8
"Melbourne-Gold Coast","Melbourne","Gold Coast","Qantas","Aug-24",33,33,0,28,28,5,5,2024,8
"Melbourne-Perth","Melbourne","Perth","Qantas","Aug-24",207,199,8,151,104,48,95,2024,8
"Melbourne-Sunshine Coast","Melbourne","Sunshine Coast","Qantas","Aug-24",32,32,0,19,19,13,13,2024,8
"Melbourne-Sydney","Melbourne","Sydney","Qantas","Aug-24",950,855,95,656,636,199,219,2024,8
"Mount Isa-Brisbane","Mount Isa","Brisbane","Qantas","Aug-24",48,48,0,37,34,11,14,2024,8
"Newman-Perth","Newman","Perth","Qantas","Aug-24",16,16,0,15,15,1,1,2024,8
"Perth-Adelaide","Perth","Adelaide","Qantas","Aug-24",92,92,0,61,69,31,23,2024,8
"Perth-Brisbane","Perth","Brisbane","Qantas","Aug-24",156,156,0,114,118,42,38,2024,8
"Perth-Kalgoorlie","Perth","Kalgoorlie","Qantas","Aug-24",20,20,0,19,19,1,1,2024,8
"Perth-Karratha","Perth","Karratha","Qantas","Aug-24",4,4,0,3,3,1,1,2024,8
"Perth-Melbourne","Perth","Melbourne","Qantas","Aug-24",207,197,10,129,157,68,40,2024,8
"Perth-Newman","Perth","Newman","Qantas","Aug-24",16,16,0,15,15,1,1,2024,8
"Perth-Sydney","Perth","Sydney","Qantas","Aug-24",198,192,6,98,129,94,63,2024,8
"Sunshine Coast-Melbourne","Sunshine Coast","Melbourne","Qantas","Aug-24",31,31,0,12,7,19,24,2024,8
"Sunshine Coast-Sydney","Sunshine Coast","Sydney","Qantas","Aug-24",60,59,1,42,37,17,22,2024,8
"Sydney-Adelaide","Sydney","Adelaide","Qantas","Aug-24",256,236,20,169,149,67,87,2024,8
"Sydney-Brisbane","Sydney","Brisbane","Qantas","Aug-24",547,537,10,370,333,167,204,2024,8
"Sydney-Cairns","Sydney","Cairns","Qantas","Aug-24",45,45,0,29,31,16,14,2024,8
"Sydney-Canberra","Sydney","Canberra","Qantas","Aug-24",66,59,7,51,50,8,9,2024,8
"Sydney-Gold Coast","Sydney","Gold Coast","Qantas","Aug-24",93,93,0,62,66,31,27,2024,8
"Sydney-Hamilton Island","Sydney","Hamilton Island","Qantas","Aug-24",30,30,0,21,20,9,10,2024,8
"Sydney-Hobart","Sydney","Hobart","Qantas","Aug-24",75,75,0,51,57,24,18,2024,8
"Sydney-Melbourne","Sydney","Melbourne","Qantas","Aug-24",960,862,98,628,590,234,272,2024,8
"Sydney-Perth","Sydney","Perth","Qantas","Aug-24",197,193,4,125,88,68,105,2024,8
"Sydney-Sunshine Coast","Sydney","Sunshine Coast","Qantas","Aug-24",59,59,0,41,42,18,17,2024,8
"Townsville-Brisbane","Townsville","Brisbane","Qantas","Aug-24",20,20,0,13,10,7,10,2024,8
"Broome-Perth","Broome","Perth","Qantas","Aug-24",5,5,0,4,2,1,3,2024,8
"Brisbane-Canberra","Brisbane","Canberra","Qantas","Aug-24",5,5,0,5,5,0,0,2024,8
"Canberra-Brisbane","Canberra","Brisbane","Qantas","Aug-24",5,5,0,5,4,0,1,2024,8
"Perth-Broome","Perth","Broome","Qantas","Aug-24",5,5,0,4,3,1,2,2024,8
"Adelaide-Alice Springs","Adelaide","Alice Springs","QantasLink","Aug-24",53,53,0,48,47,5,6,2024,8
"Adelaide-Brisbane","Adelaide","Brisbane","QantasLink","Aug-24",155,151,4,108,114,43,37,2024,8
"Adelaide-Canberra","Adelaide","Canberra","QantasLink","Aug-24",89,88,1,78,81,10,7,2024,8
"Cairns-Sydney","Cairns","Sydney","QantasLink","Aug-24",17,17,0,13,14,4,3,2024,8
"Sydney-Cairns","Sydney","Cairns","QantasLink","Aug-24",17,17,0,14,15,3,2,2024,8
"Adelaide-Melbourne","Adelaide","Melbourne","QantasLink","Aug-24",13,10,3,9,10,1,0,2024,8
"Adelaide-Port Lincoln","Adelaide","Port Lincoln","QantasLink","Aug-24",141,132,9,117,113,15,19,2024,8
"Albury-Sydney","Albury","Sydney","QantasLink","Aug-24",111,110,1,74,77,36,33,2024,8
"Alice Springs-Adelaide","Alice Springs","Adelaide","QantasLink","Aug-24",53,53,0,47,47,6,6,2024,8
"Ballina-Sydney","Ballina","Sydney","QantasLink","Aug-24",57,55,2,53,50,2,5,2024,8
"Brisbane-Adelaide","Brisbane","Adelaide","QantasLink","Aug-24",154,153,1,115,104,38,49,2024,8
"Brisbane-Cairns","Brisbane","Cairns","QantasLink","Aug-24",106,106,0,51,57,55,49,2024,8
"Brisbane-Canberra","Brisbane","Canberra","QantasLink","Aug-24",148,145,3,104,105,41,40,2024,8
"Brisbane-Darwin","Brisbane","Darwin","QantasLink","Aug-24",31,31,0,24,19,7,12,2024,8
"Brisbane-Emerald","Brisbane","Emerald","QantasLink","Aug-24",136,130,6,106,104,24,26,2024,8
"Brisbane-Gladstone","Brisbane","Gladstone","QantasLink","Aug-24",141,137,4,104,102,33,35,2024,8
"Brisbane-Hamilton Island","Brisbane","Hamilton Island","QantasLink","Aug-24",28,27,1,24,23,3,4,2024,8
"Brisbane-Hobart","Brisbane","Hobart","QantasLink","Aug-24",18,18,0,17,16,1,2,2024,8
"Brisbane-Mackay","Brisbane","Mackay","QantasLink","Aug-24",4,3,1,2,2,1,1,2024,8
"Brisbane-Melbourne","Brisbane","Melbourne","QantasLink","Aug-24",27,23,4,9,6,14,17,2024,8
"Brisbane-Mount Isa","Brisbane","Mount Isa","QantasLink","Aug-24",5,5,0,5,5,0,0,2024,8
"Brisbane-Newcastle","Brisbane","Newcastle","QantasLink","Aug-24",84,84,0,60,56,24,28,2024,8
"Brisbane-Proserpine","Brisbane","Proserpine","QantasLink","Aug-24",18,18,0,14,17,4,1,2024,8
"Brisbane-Rockhampton","Brisbane","Rockhampton","QantasLink","Aug-24",193,186,7,136,133,50,53,2024,8
"Brisbane-Townsville","Brisbane","Townsville","QantasLink","Aug-24",160,160,0,110,108,50,52,2024,8
"Broome-Perth","Broome","Perth","QantasLink","Aug-24",83,83,0,52,43,31,40,2024,8
"Cairns-Brisbane","Cairns","Brisbane","QantasLink","Aug-24",106,106,0,52,51,54,55,2024,8
"Cairns-Townsville","Cairns","Townsville","QantasLink","Aug-24",144,143,1,116,119,27,24,2024,8
"Canberra-Adelaide","Canberra","Adelaide","QantasLink","Aug-24",88,87,1,78,74,9,13,2024,8
"Canberra-Brisbane","Canberra","Brisbane","QantasLink","Aug-24",148,145,3,100,97,45,48,2024,8
"Canberra-Melbourne","Canberra","Melbourne","QantasLink","Aug-24",212,196,16,149,150,47,46,2024,8
"Canberra-Sydney","Canberra","Sydney","QantasLink","Aug-24",359,334,25,280,286,54,48,2024,8
"Coffs Harbour-Sydney","Coffs Harbour","Sydney","QantasLink","Aug-24",111,110,1,86,91,24,19,2024,8
"Darwin-Brisbane","Darwin","Brisbane","QantasLink","Aug-24",31,30,1,10,10,20,20,2024,8
"Darwin-Perth","Darwin","Perth","QantasLink","Aug-24",49,49,0,19,17,30,32,2024,8
"Devonport-Melbourne","Devonport","Melbourne","QantasLink","Aug-24",120,114,6,97,97,17,17,2024,8
"Dubbo-Sydney","Dubbo","Sydney","QantasLink","Aug-24",112,111,1,93,94,18,17,2024,8
"Emerald-Brisbane","Emerald","Brisbane","QantasLink","Aug-24",136,129,7,97,99,32,30,2024,8
"Gladstone-Brisbane","Gladstone","Brisbane","QantasLink","Aug-24",142,137,5,107,103,30,34,2024,8
"Hamilton Island-Brisbane","Hamilton Island","Brisbane","QantasLink","Aug-24",28,27,1,23,21,4,6,2024,8
"Hobart-Brisbane","Hobart","Brisbane","QantasLink","Aug-24",18,18,0,16,17,2,1,2024,8
"Hobart-Melbourne","Hobart","Melbourne","QantasLink","Aug-24",114,106,8,66,73,40,33,2024,8
"Hobart-Sydney","Hobart","Sydney","QantasLink","Aug-24",8,7,1,6,4,1,3,2024,8
"Kalgoorlie-Perth","Kalgoorlie","Perth","QantasLink","Aug-24",75,70,5,51,40,19,30,2024,8
"Karratha-Perth","Karratha","Perth","QantasLink","Aug-24",151,149,2,101,103,48,46,2024,8
"Launceston-Melbourne","Launceston","Melbourne","QantasLink","Aug-24",98,91,7,70,69,21,22,2024,8
"Launceston-Sydney","Launceston","Sydney","QantasLink","Aug-24",31,31,0,29,29,2,2,2024,8
"Mackay-Brisbane","Mackay","Brisbane","QantasLink","Aug-24",8,6,2,4,4,2,2,2024,8
"Melbourne-Adelaide","Melbourne","Adelaide","QantasLink","Aug-24",13,11,2,11,11,0,0,2024,8
"Melbourne-Brisbane","Melbourne","Brisbane","QantasLink","Aug-24",27,23,4,15,12,8,11,2024,8
"Melbourne-Canberra","Melbourne","Canberra","QantasLink","Aug-24",213,199,14,155,155,44,44,2024,8
"Melbourne-Devonport","Melbourne","Devonport","QantasLink","Aug-24",120,113,7,99,100,14,13,2024,8
"Melbourne-Hobart","Melbourne","Hobart","QantasLink","Aug-24",115,106,9,64,60,42,46,2024,8
"Melbourne-Launceston","Melbourne","Launceston","QantasLink","Aug-24",96,89,7,65,65,24,24,2024,8
"Melbourne-Mildura","Melbourne","Mildura","QantasLink","Aug-24",110,110,0,89,78,21,32,2024,8
"Melbourne-Newcastle","Melbourne","Newcastle","QantasLink","Aug-24",52,50,2,35,32,15,18,2024,8
"Mildura-Melbourne","Mildura","Melbourne","QantasLink","Aug-24",110,110,0,78,84,32,26,2024,8
"Mount Isa-Brisbane","Mount Isa","Brisbane","QantasLink","Aug-24",5,5,0,4,2,1,3,2024,8
"Newcastle-Brisbane","Newcastle","Brisbane","QantasLink","Aug-24",84,84,0,62,59,22,25,2024,8
"Newcastle-Melbourne","Newcastle","Melbourne","QantasLink","Aug-24",53,51,2,47,46,4,5,2024,8
"Newman-Perth","Newman","Perth","QantasLink","Aug-24",101,101,0,80,63,21,38,2024,8
"Perth-Broome","Perth","Broome","QantasLink","Aug-24",83,83,0,49,55,34,28,2024,8
"Perth-Darwin","Perth","Darwin","QantasLink","Aug-24",49,49,0,38,37,11,12,2024,8
"Perth-Kalgoorlie","Perth","Kalgoorlie","QantasLink","Aug-24",75,71,4,59,53,12,18,2024,8
"Perth-Karratha","Perth","Karratha","QantasLink","Aug-24",152,150,2,104,111,46,39,2024,8
"Perth-Newman","Perth","Newman","QantasLink","Aug-24",100,100,0,79,74,21,26,2024,8
"Perth-Port Hedland","Perth","Port Hedland","QantasLink","Aug-24",144,143,1,114,115,29,28,2024,8
"Port Hedland-Perth","Port Hedland","Perth","QantasLink","Aug-24",142,141,1,102,83,39,58,2024,8
"Port Lincoln-Adelaide","Port Lincoln","Adelaide","QantasLink","Aug-24",141,130,11,111,115,19,15,2024,8
"Port Macquarie-Sydney","Port Macquarie","Sydney","QantasLink","Aug-24",115,113,2,89,87,24,26,2024,8
"Proserpine-Brisbane","Proserpine","Brisbane","QantasLink","Aug-24",18,18,0,15,16,3,2,2024,8
"Rockhampton-Brisbane","Rockhampton","Brisbane","QantasLink","Aug-24",194,184,10,129,121,55,63,2024,8
"Sydney-Albury","Sydney","Albury","QantasLink","Aug-24",111,109,2,86,79,23,30,2024,8
"Sydney-Ballina","Sydney","Ballina","QantasLink","Aug-24",56,55,1,54,53,1,2,2024,8
"Sydney-Canberra","Sydney","Canberra","QantasLink","Aug-24",359,337,22,277,280,60,57,2024,8
"Sydney-Coffs Harbour","Sydney","Coffs Harbour","QantasLink","Aug-24",112,111,1,83,87,28,24,2024,8
"Sydney-Dubbo","Sydney","Dubbo","QantasLink","Aug-24",112,112,0,88,92,24,20,2024,8
"Sydney-Hobart","Sydney","Hobart","QantasLink","Aug-24",7,7,0,4,4,3,3,2024,8
"Sydney-Launceston","Sydney","Launceston","QantasLink","Aug-24",31,31,0,27,28,4,3,2024,8
"Sydney-Port Macquarie","Sydney","Port Macquarie","QantasLink","Aug-24",114,112,2,86,92,26,20,2024,8
"Sydney-Wagga Wagga","Sydney","Wagga Wagga","QantasLink","Aug-24",112,111,1,91,94,20,17,2024,8
"Townsville-Brisbane","Townsville","Brisbane","QantasLink","Aug-24",160,160,0,96,92,64,68,2024,8
"Townsville-Cairns","Townsville","Cairns","QantasLink","Aug-24",146,143,3,120,118,23,25,2024,8
"Wagga Wagga-Sydney","Wagga Wagga","Sydney","QantasLink","Aug-24",112,111,1,96,100,15,11,2024,8
"Adelaide-Brisbane","Adelaide","Brisbane","Rex Airlines","Aug-24",5,0,5,0,0,0,0,2024,8
"Adelaide-Melbourne","Adelaide","Melbourne","Rex Airlines","Aug-24",10,0,10,0,0,0,0,2024,8
"Adelaide-Port Lincoln","Adelaide","Port Lincoln","Rex Airlines","Aug-24",158,147,11,115,104,32,43,2024,8
"Adelaide-Sydney","Adelaide","Sydney","Rex Airlines","Aug-24",5,0,5,0,0,0,0,2024,8
"Albury-Sydney","Albury","Sydney","Rex Airlines","Aug-24",84,83,1,69,64,14,19,2024,8
"Brisbane-Adelaide","Brisbane","Adelaide","Rex Airlines","Aug-24",5,0,5,0,0,0,0,2024,8
"Brisbane-Cairns","Brisbane","Cairns","Rex Airlines","Aug-24",3,0,3,0,0,0,0,2024,8
"Brisbane-Melbourne","Brisbane","Melbourne","Rex Airlines","Aug-24",9,0,9,0,0,0,0,2024,8
"Brisbane-Sydney","Brisbane","Sydney","Rex Airlines","Aug-24",25,0,25,0,0,0,0,2024,8
"Cairns-Brisbane","Cairns","Brisbane","Rex Airlines","Aug-24",4,0,4,0,0,0,0,2024,8
"Cairns-Townsville","Cairns","Townsville","Rex Airlines","Aug-24",13,13,0,13,13,0,0,2024,8
"Canberra-Melbourne","Canberra","Melbourne","Rex Airlines","Aug-24",5,0,5,0,0,0,0,2024,8
"Coffs Harbour-Sydney","Coffs Harbour","Sydney","Rex Airlines","Aug-24",93,92,1,73,65,19,27,2024,8
"Devonport-Melbourne","Devonport","Melbourne","Rex Airlines","Aug-24",52,50,2,44,44,6,6,2024,8
"Dubbo-Sydney","Dubbo","Sydney","Rex Airlines","Aug-24",131,125,6,86,87,39,38,2024,8
"Gold Coast-Melbourne","Gold Coast","Melbourne","Rex Airlines","Aug-24",5,0,5,0,0,0,0,2024,8
"Gold Coast-Sydney","Gold Coast","Sydney","Rex Airlines","Aug-24",5,0,5,0,0,0,0,2024,8
"Hobart-Melbourne","Hobart","Melbourne","Rex Airlines","Aug-24",5,0,5,0,0,0,0,2024,8
"Melbourne-Adelaide","Melbourne","Adelaide","Rex Airlines","Aug-24",9,0,9,0,0,0,0,2024,8
"Melbourne-Brisbane","Melbourne","Brisbane","Rex Airlines","Aug-24",9,0,9,0,0,0,0,2024,8
"Melbourne-Canberra","Melbourne","Canberra","Rex Airlines","Aug-24",5,0,5,0,0,0,0,2024,8
"Melbourne-Devonport","Melbourne","Devonport","Rex Airlines","Aug-24",52,50,2,44,45,6,5,2024,8
"Melbourne-Gold Coast","Melbourne","Gold Coast","Rex Airlines","Aug-24",5,0,5,0,0,0,0,2024,8
"Melbourne-Hobart","Melbourne","Hobart","Rex Airlines","Aug-24",5,0,5,0,0,0,0,2024,8
"Melbourne-Mildura","Melbourne","Mildura","Rex Airlines","Aug-24",105,105,0,91,87,14,18,2024,8
"Melbourne-Sydney","Melbourne","Sydney","Rex Airlines","Aug-24",35,0,35,0,0,0,0,2024,8
"Mildura-Melbourne","Mildura","Melbourne","Rex Airlines","Aug-24",106,106,0,85,82,21,24,2024,8
"Port Lincoln-Adelaide","Port Lincoln","Adelaide","Rex Airlines","Aug-24",158,147,11,114,112,33,35,2024,8
"Port Macquarie-Sydney","Port Macquarie","Sydney","Rex Airlines","Aug-24",54,52,2,37,36,15,16,2024,8
"Sydney-Adelaide","Sydney","Adelaide","Rex Airlines","Aug-24",5,0,5,0,0,0,0,2024,8
"Sydney-Albury","Sydney","Albury","Rex Airlines","Aug-24",84,83,1,68,67,15,16,2024,8
"Sydney-Brisbane","Sydney","Brisbane","Rex Airlines","Aug-24",25,0,25,0,0,0,0,2024,8
"Sydney-Coffs Harbour","Sydney","Coffs Harbour","Rex Airlines","Aug-24",93,92,1,76,78,16,14,2024,8
"Sydney-Dubbo","Sydney","Dubbo","Rex Airlines","Aug-24",134,129,5,85,86,44,43,2024,8
"Sydney-Gold Coast","Sydney","Gold Coast","Rex Airlines","Aug-24",5,0,5,0,0,0,0,2024,8
"Sydney-Melbourne","Sydney","Melbourne","Rex Airlines","Aug-24",35,0,35,0,0,0,0,2024,8
"Sydney-Port Macquarie","Sydney","Port Macquarie","Rex Airlines","Aug-24",54,52,2,41,40,11,12,2024,8
"Sydney-Wagga Wagga","Sydney","Wagga Wagga","Rex Airlines","Aug-24",93,92,1,72,69,20,23,2024,8
"Townsville-Cairns","Townsville","Cairns","Rex Airlines","Aug-24",13,12,1,11,10,1,2,2024,8
"Wagga Wagga-Sydney","Wagga Wagga","Sydney","Rex Airlines","Aug-24",93,92,1,71,66,21,26,2024,8
"Perth-Adelaide","Perth","Adelaide","Rex Airlines","Aug-24",6,1,5,1,1,0,0,2024,8
"Adelaide-Perth","Adelaide","Perth","Rex Airlines","Aug-24",6,1,5,1,1,0,0,2024,8
"Melbourne-Perth","Melbourne","Perth","Rex Airlines","Aug-24",4,0,4,0,0,0,0,2024,8
"Perth-Melbourne","Perth","Melbourne","Rex Airlines","Aug-24",5,0,5,0,0,0,0,2024,8
"Adelaide-Alice Springs","Adelaide","Alice Springs","Virgin Australia","Aug-24",13,13,0,10,10,3,3,2024,8
"Adelaide-Brisbane","Adelaide","Brisbane","Virgin Australia","Aug-24",127,125,2,91,99,34,26,2024,8
"Adelaide-Canberra","Adelaide","Canberra","Virgin Australia","Aug-24",18,17,1,9,9,8,8,2024,8
"Adelaide-Gold Coast","Adelaide","Gold Coast","Virgin Australia","Aug-24",31,31,0,23,27,8,4,2024,8
"Adelaide-Melbourne","Adelaide","Melbourne","Virgin Australia","Aug-24",240,239,1,176,181,63,58,2024,8
"Adelaide-Perth","Adelaide","Perth","Virgin Australia","Aug-24",46,43,3,23,18,20,25,2024,8
"Adelaide-Sydney","Adelaide","Sydney","Virgin Australia","Aug-24",168,165,3,117,117,48,48,2024,8
"Alice Springs-Adelaide","Alice Springs","Adelaide","Virgin Australia","Aug-24",13,12,1,8,8,4,4,2024,8
"Ballina-Sydney","Ballina","Sydney","Virgin Australia","Aug-24",50,49,1,36,35,13,14,2024,8
"Brisbane-Adelaide","Brisbane","Adelaide","Virgin Australia","Aug-24",127,124,3,85,91,39,33,2024,8
"Brisbane-Cairns","Brisbane","Cairns","Virgin Australia","Aug-24",155,155,0,104,109,51,46,2024,8
"Brisbane-Canberra","Brisbane","Canberra","Virgin Australia","Aug-24",109,106,3,63,63,43,43,2024,8
"Brisbane-Darwin","Brisbane","Darwin","Virgin Australia","Aug-24",31,31,0,23,24,8,7,2024,8
"Brisbane-Emerald","Brisbane","Emerald","Virgin Australia","Aug-24",26,26,0,18,15,8,11,2024,8
"Brisbane-Gladstone","Brisbane","Gladstone","Virgin Australia","Aug-24",35,35,0,19,20,16,15,2024,8
"Brisbane-Hamilton Island","Brisbane","Hamilton Island","Virgin Australia","Aug-24",31,31,0,26,27,5,4,2024,8
"Brisbane-Hobart","Brisbane","Hobart","Virgin Australia","Aug-24",37,37,0,27,29,10,8,2024,8
"Brisbane-Launceston","Brisbane","Launceston","Virgin Australia","Aug-24",10,10,0,8,6,2,4,2024,8
"Brisbane-Mackay","Brisbane","Mackay","Virgin Australia","Aug-24",136,136,0,88,94,48,42,2024,8
"Brisbane-Melbourne","Brisbane","Melbourne","Virgin Australia","Aug-24",385,381,4,258,226,123,155,2024,8
"Brisbane-Mount Isa","Brisbane","Mount Isa","Virgin Australia","Aug-24",14,14,0,10,7,4,7,2024,8
"Brisbane-Newcastle","Brisbane","Newcastle","Virgin Australia","Aug-24",83,83,0,43,36,40,47,2024,8
"Brisbane-Perth","Brisbane","Perth","Virgin Australia","Aug-24",113,113,0,70,77,43,36,2024,8
"Brisbane-Proserpine","Brisbane","Proserpine","Virgin Australia","Aug-24",31,31,0,20,24,11,7,2024,8
"Brisbane-Rockhampton","Brisbane","Rockhampton","Virgin Australia","Aug-24",162,162,0,86,78,76,84,2024,8
"Brisbane-Sydney","Brisbane","Sydney","Virgin Australia","Aug-24",480,471,9,338,327,133,144,2024,8
"Brisbane-Townsville","Brisbane","Townsville","Virgin Australia","Aug-24",140,140,0,85,80,55,60,2024,8
"Broome-Perth","Broome","Perth","Virgin Australia","Aug-24",40,40,0,23,26,17,14,2024,8
"Cairns-Brisbane","Cairns","Brisbane","Virgin Australia","Aug-24",155,155,0,96,104,59,51,2024,8
"Cairns-Melbourne","Cairns","Melbourne","Virgin Australia","Aug-24",69,69,0,49,44,20,25,2024,8
"Cairns-Sydney","Cairns","Sydney","Virgin Australia","Aug-24",73,73,0,54,52,19,21,2024,8
"Canberra-Adelaide","Canberra","Adelaide","Virgin Australia","Aug-24",18,17,1,12,12,5,5,2024,8
"Canberra-Brisbane","Canberra","Brisbane","Virgin Australia","Aug-24",109,105,4,70,69,35,36,2024,8
"Canberra-Gold Coast","Canberra","Gold Coast","Virgin Australia","Aug-24",31,31,0,27,25,4,6,2024,8
"Canberra-Melbourne","Canberra","Melbourne","Virgin Australia","Aug-24",131,131,0,94,85,37,46,2024,8
"Canberra-Sydney","Canberra","Sydney","Virgin Australia","Aug-24",256,246,10,205,207,41,39,2024,8
"Darwin-Brisbane","Darwin","Brisbane","Virgin Australia","Aug-24",31,31,0,23,13,8,18,2024,8
"Darwin-Melbourne","Darwin","Melbourne","Virgin Australia","Aug-24",31,31,0,17,14,14,17,2024,8
"Emerald-Brisbane","Emerald","Brisbane","Virgin Australia","Aug-24",26,26,0,16,17,10,9,2024,8
"Gladstone-Brisbane","Gladstone","Brisbane","Virgin Australia","Aug-24",35,35,0,21,22,14,13,2024,8
"Gold Coast-Adelaide","Gold Coast","Adelaide","Virgin Australia","Aug-24",31,31,0,18,16,13,15,2024,8
"Gold Coast-Canberra","Gold Coast","Canberra","Virgin Australia","Aug-24",31,31,0,21,21,10,10,2024,8
"Gold Coast-Melbourne","Gold Coast","Melbourne","Virgin Australia","Aug-24",203,203,0,133,132,70,71,2024,8
"Gold Coast-Sydney","Gold Coast","Sydney","Virgin Australia","Aug-24",286,285,1,208,208,77,77,2024,8
"Hamilton Island-Brisbane","Hamilton Island","Brisbane","Virgin Australia","Aug-24",31,30,1,22,23,8,7,2024,8
"Hamilton Island-Sydney","Hamilton Island","Sydney","Virgin Australia","Aug-24",27,27,0,13,10,14,17,2024,8
"Hobart-Brisbane","Hobart","Brisbane","Virgin Australia","Aug-24",37,37,0,23,22,14,15,2024,8
"Hobart-Melbourne","Hobart","Melbourne","Virgin Australia","Aug-24",115,114,1,92,93,22,21,2024,8
"Hobart-Sydney","Hobart","Sydney","Virgin Australia","Aug-24",73,73,0,62,62,11,11,2024,8
"Kalgoorlie-Perth","Kalgoorlie","Perth","Virgin Australia","Aug-24",88,87,1,63,61,24,26,2024,8
"Karratha-Perth","Karratha","Perth","Virgin Australia","Aug-24",66,65,1,55,49,10,16,2024,8
"Launceston-Brisbane","Launceston","Brisbane","Virgin Australia","Aug-24",10,10,0,5,5,5,5,2024,8
"Launceston-Melbourne","Launceston","Melbourne","Virgin Australia","Aug-24",91,90,1,67,69,23,21,2024,8
"Launceston-Sydney","Launceston","Sydney","Virgin Australia","Aug-24",31,31,0,18,16,13,15,2024,8
"Mackay-Brisbane","Mackay","Brisbane","Virgin Australia","Aug-24",136,136,0,93,94,43,42,2024,8
"Melbourne-Adelaide","Melbourne","Adelaide","Virgin Australia","Aug-24",239,239,0,183,161,56,78,2024,8
"Melbourne-Brisbane","Melbourne","Brisbane","Virgin Australia","Aug-24",389,387,2,295,277,92,110,2024,8
"Melbourne-Cairns","Melbourne","Cairns","Virgin Australia","Aug-24",69,69,0,59,58,10,11,2024,8
"Melbourne-Canberra","Melbourne","Canberra","Virgin Australia","Aug-24",131,131,0,97,97,34,34,2024,8
"Melbourne-Darwin","Melbourne","Darwin","Virgin Australia","Aug-24",31,31,0,17,20,14,11,2024,8
"Melbourne-Gold Coast","Melbourne","Gold Coast","Virgin Australia","Aug-24",203,203,0,152,159,51,44,2024,8
"Melbourne-Hobart","Melbourne","Hobart","Virgin Australia","Aug-24",115,115,0,83,78,32,37,2024,8
"Melbourne-Launceston","Melbourne","Launceston","Virgin Australia","Aug-24",90,90,0,61,57,29,33,2024,8
"Melbourne-Newcastle","Melbourne","Newcastle","Virgin Australia","Aug-24",41,41,0,32,30,9,11,2024,8
"Melbourne-Perth","Melbourne","Perth","Virgin Australia","Aug-24",208,204,4,134,118,70,86,2024,8
"Melbourne-Sunshine Coast","Melbourne","Sunshine Coast","Virgin Australia","Aug-24",58,58,0,51,52,7,6,2024,8
"Melbourne-Sydney","Melbourne","Sydney","Virgin Australia","Aug-24",750,726,24,570,542,156,184,2024,8
"Mount Isa-Brisbane","Mount Isa","Brisbane","Virgin Australia","Aug-24",14,14,0,7,5,7,9,2024,8
"Newcastle-Brisbane","Newcastle","Brisbane","Virgin Australia","Aug-24",84,84,0,46,42,38,42,2024,8
"Newcastle-Melbourne","Newcastle","Melbourne","Virgin Australia","Aug-24",42,41,1,30,30,11,11,2024,8
"Newman-Perth","Newman","Perth","Virgin Australia","Aug-24",40,40,0,28,24,12,16,2024,8
"Perth-Adelaide","Perth","Adelaide","Virgin Australia","Aug-24",47,45,2,37,35,8,10,2024,8
"Perth-Brisbane","Perth","Brisbane","Virgin Australia","Aug-24",114,112,2,69,85,43,27,2024,8
"Perth-Broome","Perth","Broome","Virgin Australia","Aug-24",39,39,0,28,30,11,9,2024,8
"Perth-Kalgoorlie","Perth","Kalgoorlie","Virgin Australia","Aug-24",88,87,1,73,71,14,16,2024,8
"Perth-Karratha","Perth","Karratha","Virgin Australia","Aug-24",67,66,1,60,51,6,15,2024,8
"Perth-Melbourne","Perth","Melbourne","Virgin Australia","Aug-24",223,218,5,166,188,52,30,2024,8
"Perth-Newman","Perth","Newman","Virgin Australia","Aug-24",40,40,0,32,30,8,10,2024,8
"Perth-Port Hedland","Perth","Port Hedland","Virgin Australia","Aug-24",37,35,2,27,22,8,13,2024,8
"Perth-Sydney","Perth","Sydney","Virgin Australia","Aug-24",153,153,0,93,131,60,22,2024,8
"Port Hedland-Perth","Port Hedland","Perth","Virgin Australia","Aug-24",37,35,2,15,13,20,22,2024,8
"Proserpine-Brisbane","Proserpine","Brisbane","Virgin Australia","Aug-24",31,31,0,20,19,11,12,2024,8
"Rockhampton-Brisbane","Rockhampton","Brisbane","Virgin Australia","Aug-24",163,163,0,83,73,80,90,2024,8
"Sunshine Coast-Melbourne","Sunshine Coast","Melbourne","Virgin Australia","Aug-24",58,58,0,40,40,18,18,2024,8
"Sunshine Coast-Sydney","Sunshine Coast","Sydney","Virgin Australia","Aug-24",62,62,0,45,34,17,28,2024,8
"Sydney-Adelaide","Sydney","Adelaide","Virgin Australia","Aug-24",168,165,3,132,109,33,56,2024,8
"Sydney-Ballina","Sydney","Ballina","Virgin Australia","Aug-24",49,49,0,41,39,8,10,2024,8
"Sydney-Brisbane","Sydney","Brisbane","Virgin Australia","Aug-24",476,466,10,364,346,102,120,2024,8
"Sydney-Cairns","Sydney","Cairns","Virgin Australia","Aug-24",73,73,0,65,66,8,7,2024,8
"Sydney-Canberra","Sydney","Canberra","Virgin Australia","Aug-24",256,245,11,207,213,38,32,2024,8
"Sydney-Gold Coast","Sydney","Gold Coast","Virgin Australia","Aug-24",285,284,1,214,196,70,88,2024,8
"Sydney-Hamilton Island","Sydney","Hamilton Island","Virgin Australia","Aug-24",27,27,0,24,23,3,4,2024,8
"Sydney-Hobart","Sydney","Hobart","Virgin Australia","Aug-24",73,73,0,65,63,8,10,2024,8
"Sydney-Launceston","Sydney","Launceston","Virgin Australia","Aug-24",31,31,0,18,21,13,10,2024,8
"Sydney-Melbourne","Sydney","Melbourne","Virgin Australia","Aug-24",745,720,25,575,510,145,210,2024,8
"Sydney-Perth","Sydney","Perth","Virgin Australia","Aug-24",165,164,1,116,87,48,77,2024,8
"Sydney-Sunshine Coast","Sydney","Sunshine Coast","Virgin Australia","Aug-24",62,62,0,53,53,9,9,2024,8
"Townsville-Brisbane","Townsville","Brisbane","Virgin Australia","Aug-24",140,140,0,74,73,66,67,2024,8
"Adelaide-Perth","Adelaide","Perth","Virgin Australia Regional Airlines","Aug-24",28,28,0,8,6,20,22,2024,8
"Broome-Perth","Broome","Perth","Virgin Australia Regional Airlines","Aug-24",15,15,0,2,6,13,9,2024,8
"Darwin-Perth","Darwin","Perth","Virgin Australia Regional Airlines","Aug-24",20,18,2,12,12,6,6,2024,8
"Kalgoorlie-Perth","Kalgoorlie","Perth","Virgin Australia Regional Airlines","Aug-24",20,20,0,13,16,7,4,2024,8
"Karratha-Perth","Karratha","Perth","Virgin Australia Regional Airlines","Aug-24",15,15,0,10,9,5,6,2024,8
"Newman-Perth","Newman","Perth","Virgin Australia Regional Airlines","Aug-24",16,16,0,11,9,5,7,2024,8
"Perth-Adelaide","Perth","Adelaide","Virgin Australia Regional Airlines","Aug-24",28,28,0,15,16,13,12,2024,8
"Perth-Broome","Perth","Broome","Virgin Australia Regional Airlines","Aug-24",16,16,0,9,13,7,3,2024,8
"Perth-Darwin","Perth","Darwin","Virgin Australia Regional Airlines","Aug-24",20,18,2,14,13,4,5,2024,8
"Perth-Kalgoorlie","Perth","Kalgoorlie","Virgin Australia Regional Airlines","Aug-24",20,20,0,15,14,5,6,2024,8
"Perth-Karratha","Perth","Karratha","Virgin Australia Regional Airlines","Aug-24",15,15,0,10,9,5,6,2024,8
"Perth-Newman","Perth","Newman","Virgin Australia Regional Airlines","Aug-24",16,16,0,12,11,4,5,2024,8
"Perth-Port Hedland","Perth","Port Hedland","Virgin Australia Regional Airlines","Aug-24",20,20,0,12,13,8,7,2024,8
"Port Hedland-Perth","Port Hedland","Perth","Virgin Australia Regional Airlines","Aug-24",20,20,0,7,10,13,10,2024,8
"Adelaide-Alice Springs","Adelaide","Alice Springs","All Airlines","Aug-24",66,66,0,58,57,8,9,2024,8
"Adelaide-Brisbane","Adelaide","Brisbane","All Airlines","Aug-24",324,313,11,230,243,83,70,2024,8
"Adelaide-Canberra","Adelaide","Canberra","All Airlines","Aug-24",107,105,2,87,90,18,15,2024,8
"Adelaide-Gold Coast","Adelaide","Gold Coast","All Airlines","Aug-24",62,62,0,48,52,14,10,2024,8
"Adelaide-Melbourne","Adelaide","Melbourne","All Airlines","Aug-24",645,627,18,437,465,190,162,2024,8
"Adelaide-Perth","Adelaide","Perth","All Airlines","Aug-24",203,195,8,126,105,69,90,2024,8
"Adelaide-Port Lincoln","Adelaide","Port Lincoln","All Airlines","Aug-24",299,279,20,232,217,47,62,2024,8
"Adelaide-Sydney","Adelaide","Sydney","All Airlines","Aug-24",554,520,34,371,386,149,134,2024,8
"Albury-Sydney","Albury","Sydney","All Airlines","Aug-24",195,193,2,143,141,50,52,2024,8
"Alice Springs-Adelaide","Alice Springs","Adelaide","All Airlines","Aug-24",66,65,1,55,55,10,10,2024,8
"Ballina-Sydney","Ballina","Sydney","All Airlines","Aug-24",178,175,3,150,144,25,31,2024,8
"Brisbane-Adelaide","Brisbane","Adelaide","All Airlines","Aug-24",323,314,9,223,218,91,96,2024,8
"Brisbane-Cairns","Brisbane","Cairns","All Airlines","Aug-24",427,424,3,266,287,158,137,2024,8
"Brisbane-Canberra","Brisbane","Canberra","All Airlines","Aug-24",293,287,6,199,198,88,89,2024,8
"Brisbane-Darwin","Brisbane","Darwin","All Airlines","Aug-24",116,115,1,87,86,28,29,2024,8
"Brisbane-Emerald","Brisbane","Emerald","All Airlines","Aug-24",162,156,6,124,119,32,37,2024,8
"Brisbane-Gladstone","Brisbane","Gladstone","All Airlines","Aug-24",176,172,4,123,122,49,50,2024,8
"Brisbane-Hamilton Island","Brisbane","Hamilton Island","All Airlines","Aug-24",59,58,1,50,50,8,8,2024,8
"Brisbane-Hobart","Brisbane","Hobart","All Airlines","Aug-24",77,77,0,62,63,15,14,2024,8
"Brisbane-Launceston","Brisbane","Launceston","All Airlines","Aug-24",32,32,0,15,13,17,19,2024,8
"Brisbane-Mackay","Brisbane","Mackay","All Airlines","Aug-24",281,280,1,193,206,87,74,2024,8
"Brisbane-Melbourne","Brisbane","Melbourne","All Airlines","Aug-24",909,883,26,594,532,289,351,2024,8
"Brisbane-Mount Isa","Brisbane","Mount Isa","All Airlines","Aug-24",67,67,0,53,52,14,15,2024,8
"Brisbane-Newcastle","Brisbane","Newcastle","All Airlines","Aug-24",221,221,0,138,128,83,93,2024,8
"Brisbane-Perth","Brisbane","Perth","All Airlines","Aug-24",294,293,1,207,196,86,97,2024,8
"Brisbane-Proserpine","Brisbane","Proserpine","All Airlines","Aug-24",80,80,0,55,62,25,18,2024,8
"Brisbane-Rockhampton","Brisbane","Rockhampton","All Airlines","Aug-24",355,348,7,222,211,126,137,2024,8
"Brisbane-Sydney","Brisbane","Sydney","All Airlines","Aug-24",1240,1189,51,863,827,326,362,2024,8
"Brisbane-Townsville","Brisbane","Townsville","All Airlines","Aug-24",382,382,0,255,250,127,132,2024,8
"Broome-Perth","Broome","Perth","All Airlines","Aug-24",143,143,0,81,77,62,66,2024,8
"Cairns-Brisbane","Cairns","Brisbane","All Airlines","Aug-24",429,423,6,268,275,155,148,2024,8
"Cairns-Melbourne","Cairns","Melbourne","All Airlines","Aug-24",222,218,4,138,138,80,80,2024,8
"Cairns-Sydney","Cairns","Sydney","All Airlines","Aug-24",256,253,3,178,177,75,76,2024,8
"Cairns-Townsville","Cairns","Townsville","All Airlines","Aug-24",157,156,1,129,132,27,24,2024,8
"Canberra-Adelaide","Canberra","Adelaide","All Airlines","Aug-24",106,104,2,90,86,14,18,2024,8
"Canberra-Brisbane","Canberra","Brisbane","All Airlines","Aug-24",294,286,8,199,196,87,90,2024,8
"Canberra-Gold Coast","Canberra","Gold Coast","All Airlines","Aug-24",44,44,0,37,36,7,8,2024,8
"Canberra-Melbourne","Canberra","Melbourne","All Airlines","Aug-24",383,361,22,270,261,91,100,2024,8
"Canberra-Sydney","Canberra","Sydney","All Airlines","Aug-24",681,640,41,529,539,111,101,2024,8
"Coffs Harbour-Sydney","Coffs Harbour","Sydney","All Airlines","Aug-24",204,202,2,159,156,43,46,2024,8
"Darwin-Brisbane","Darwin","Brisbane","All Airlines","Aug-24",117,115,2,57,49,58,66,2024,8
"Darwin-Melbourne","Darwin","Melbourne","All Airlines","Aug-24",93,93,0,48,54,45,39,2024,8
"Darwin-Perth","Darwin","Perth","All Airlines","Aug-24",69,67,2,31,29,36,38,2024,8
"Devonport-Melbourne","Devonport","Melbourne","All Airlines","Aug-24",172,164,8,141,141,23,23,2024,8
"Dubbo-Sydney","Dubbo","Sydney","All Airlines","Aug-24",243,236,7,179,181,57,55,2024,8
"Emerald-Brisbane","Emerald","Brisbane","All Airlines","Aug-24",162,155,7,113,116,42,39,2024,8
"Gladstone-Brisbane","Gladstone","Brisbane","All Airlines","Aug-24",177,172,5,128,125,44,47,2024,8
"Gold Coast-Adelaide","Gold Coast","Adelaide","All Airlines","Aug-24",62,62,0,42,38,20,24,2024,8
"Gold Coast-Canberra","Gold Coast","Canberra","All Airlines","Aug-24",44,44,0,30,31,14,13,2024,8
"Gold Coast-Melbourne","Gold Coast","Melbourne","All Airlines","Aug-24",418,410,8,266,266,144,144,2024,8
"Gold Coast-Sydney","Gold Coast","Sydney","All Airlines","Aug-24",631,620,11,477,477,143,143,2024,8
"Hamilton Island-Brisbane","Hamilton Island","Brisbane","All Airlines","Aug-24",59,57,2,45,44,12,13,2024,8
"Hamilton Island-Sydney","Hamilton Island","Sydney","All Airlines","Aug-24",76,75,1,35,34,40,41,2024,8
"Hobart-Brisbane","Hobart","Brisbane","All Airlines","Aug-24",77,77,0,55,56,22,21,2024,8
"Hobart-Melbourne","Hobart","Melbourne","All Airlines","Aug-24",360,346,14,232,246,114,100,2024,8
"Hobart-Sydney","Hobart","Sydney","All Airlines","Aug-24",219,218,1,174,178,44,40,2024,8
"Kalgoorlie-Perth","Kalgoorlie","Perth","All Airlines","Aug-24",204,198,6,145,135,53,63,2024,8
"Karratha-Perth","Karratha","Perth","All Airlines","Aug-24",236,233,3,169,164,64,69,2024,8
"Launceston-Brisbane","Launceston","Brisbane","All Airlines","Aug-24",33,32,1,9,8,23,24,2024,8
"Launceston-Melbourne","Launceston","Melbourne","All Airlines","Aug-24",269,261,8,173,182,88,79,2024,8
"Launceston-Sydney","Launceston","Sydney","All Airlines","Aug-24",93,93,0,64,64,29,29,2024,8
"Mackay-Brisbane","Mackay","Brisbane","All Airlines","Aug-24",286,284,2,205,196,79,88,2024,8
"Melbourne-Adelaide","Melbourne","Adelaide","All Airlines","Aug-24",642,627,15,465,414,162,213,2024,8
"Melbourne-Brisbane","Melbourne","Brisbane","All Airlines","Aug-24",915,891,24,630,599,261,292,2024,8
"Melbourne-Cairns","Melbourne","Cairns","All Airlines","Aug-24",220,218,2,156,155,62,63,2024,8
"Melbourne-Canberra","Melbourne","Canberra","All Airlines","Aug-24",384,364,20,277,279,87,85,2024,8
"Melbourne-Darwin","Melbourne","Darwin","All Airlines","Aug-24",93,93,0,56,67,37,26,2024,8
"Melbourne-Devonport","Melbourne","Devonport","All Airlines","Aug-24",172,163,9,143,145,20,18,2024,8
"Melbourne-Gold Coast","Melbourne","Gold Coast","All Airlines","Aug-24",418,412,6,288,314,124,98,2024,8
"Melbourne-Hobart","Melbourne","Hobart","All Airlines","Aug-24",361,347,14,231,218,116,129,2024,8
"Melbourne-Launceston","Melbourne","Launceston","All Airlines","Aug-24",266,259,7,172,169,87,90,2024,8
"Melbourne-Mildura","Melbourne","Mildura","All Airlines","Aug-24",215,215,0,180,165,35,50,2024,8
"Melbourne-Newcastle","Melbourne","Newcastle","All Airlines","Aug-24",156,153,3,116,111,37,42,2024,8
"Melbourne-Perth","Melbourne","Perth","All Airlines","Aug-24",499,481,18,342,267,139,214,2024,8
"Melbourne-Sunshine Coast","Melbourne","Sunshine Coast","All Airlines","Aug-24",156,156,0,125,127,31,29,2024,8
"Melbourne-Sydney","Melbourne","Sydney","All Airlines","Aug-24",2130,1957,173,1495,1468,462,489,2024,8
"Mildura-Melbourne","Mildura","Melbourne","All Airlines","Aug-24",216,216,0,163,166,53,50,2024,8
"Mount Isa-Brisbane","Mount Isa","Brisbane","All Airlines","Aug-24",67,67,0,48,41,19,26,2024,8
"Newcastle-Brisbane","Newcastle","Brisbane","All Airlines","Aug-24",222,222,0,140,133,82,89,2024,8
"Newcastle-Melbourne","Newcastle","Melbourne","All Airlines","Aug-24",158,154,4,123,121,31,33,2024,8
"Newman-Perth","Newman","Perth","All Airlines","Aug-24",173,173,0,134,111,39,62,2024,8
"Perth-Adelaide","Perth","Adelaide","All Airlines","Aug-24",204,197,7,132,144,65,53,2024,8
"Perth-Brisbane","Perth","Brisbane","All Airlines","Aug-24",297,294,3,193,216,101,78,2024,8
"Perth-Broome","Perth","Broome","All Airlines","Aug-24",143,143,0,90,101,53,42,2024,8
"Perth-Darwin","Perth","Darwin","All Airlines","Aug-24",69,67,2,52,50,15,17,2024,8
"Perth-Kalgoorlie","Perth","Kalgoorlie","All Airlines","Aug-24",203,198,5,166,157,32,41,2024,8
"Perth-Karratha","Perth","Karratha","All Airlines","Aug-24",238,235,3,177,174,58,61,2024,8
"Perth-Melbourne","Perth","Melbourne","All Airlines","Aug-24",515,493,22,334,404,159,89,2024,8
"Perth-Newman","Perth","Newman","All Airlines","Aug-24",172,172,0,138,130,34,42,2024,8
"Perth-Port Hedland","Perth","Port Hedland","All Airlines","Aug-24",201,198,3,153,150,45,48,2024,8
"Perth-Sydney","Perth","Sydney","All Airlines","Aug-24",405,396,9,214,288,182,108,2024,8
"Port Hedland-Perth","Port Hedland","Perth","All Airlines","Aug-24",199,196,3,124,106,72,90,2024,8
"Port Lincoln-Adelaide","Port Lincoln","Adelaide","All Airlines","Aug-24",299,277,22,225,227,52,50,2024,8
"Port Macquarie-Sydney","Port Macquarie","Sydney","All Airlines","Aug-24",169,165,4,126,123,39,42,2024,8
"Proserpine-Brisbane","Proserpine","Brisbane","All Airlines","Aug-24",80,80,0,54,53,26,27,2024,8
"Rockhampton-Brisbane","Rockhampton","Brisbane","All Airlines","Aug-24",357,347,10,212,194,135,153,2024,8
"Sunshine Coast-Melbourne","Sunshine Coast","Melbourne","All Airlines","Aug-24",155,155,0,100,97,55,58,2024,8
"Sunshine Coast-Sydney","Sunshine Coast","Sydney","All Airlines","Aug-24",208,205,3,155,136,50,69,2024,8
"Sydney-Adelaide","Sydney","Adelaide","All Airlines","Aug-24",554,521,33,396,344,125,177,2024,8
"Sydney-Albury","Sydney","Albury","All Airlines","Aug-24",195,192,3,154,146,38,46,2024,8
"Sydney-Ballina","Sydney","Ballina","All Airlines","Aug-24",176,175,1,161,158,14,17,2024,8
"Sydney-Brisbane","Sydney","Brisbane","All Airlines","Aug-24",1229,1177,52,836,786,341,391,2024,8
"Sydney-Cairns","Sydney","Cairns","All Airlines","Aug-24",256,254,2,196,203,58,51,2024,8
"Sydney-Canberra","Sydney","Canberra","All Airlines","Aug-24",681,641,40,535,543,106,98,2024,8
"Sydney-Coffs Harbour","Sydney","Coffs Harbour","All Airlines","Aug-24",205,203,2,159,165,44,38,2024,8
"Sydney-Dubbo","Sydney","Dubbo","All Airlines","Aug-24",246,241,5,173,178,68,63,2024,8
"Sydney-Gold Coast","Sydney","Gold Coast","All Airlines","Aug-24",631,621,10,468,460,153,161,2024,8
"Sydney-Hamilton Island","Sydney","Hamilton Island","All Airlines","Aug-24",75,75,0,59,57,16,18,2024,8
"Sydney-Hobart","Sydney","Hobart","All Airlines","Aug-24",217,217,0,170,173,47,44,2024,8
"Sydney-Launceston","Sydney","Launceston","All Airlines","Aug-24",93,93,0,70,74,23,19,2024,8
"Sydney-Melbourne","Sydney","Melbourne","All Airlines","Aug-24",2136,1965,171,1497,1394,468,571,2024,8
"Sydney-Perth","Sydney","Perth","All Airlines","Aug-24",416,409,7,277,203,132,206,2024,8
"Sydney-Port Macquarie","Sydney","Port Macquarie","All Airlines","Aug-24",168,164,4,127,132,37,32,2024,8
"Sydney-Sunshine Coast","Sydney","Sunshine Coast","All Airlines","Aug-24",206,206,0,164,166,42,40,2024,8
"Sydney-Wagga Wagga","Sydney","Wagga Wagga","All Airlines","Aug-24",205,203,2,163,163,40,40,2024,8
"Townsville-Brisbane","Townsville","Brisbane","All Airlines","Aug-24",382,382,0,221,206,161,176,2024,8
"Townsville-Cairns","Townsville","Cairns","All Airlines","Aug-24",159,155,4,131,128,24,27,2024,8
"Wagga Wagga-Sydney","Wagga Wagga","Sydney","All Airlines","Aug-24",205,203,2,167,166,36,37,2024,8
